0.02606886882411028637107412197358523073687150529379948666902490649671506573851572068490857919370477374737136894656144672349623309
0.02606886882411028637107412197358523073687150529379948666902490649671506573851572068490857919370477374737136894656144672349623309
0.026051150475687184285096143384515482539199178784619434185430213708187590971905977748132888946309157159164564839691029280882959
0.026051150475687184285096143384515482539199178784619434185430213708187590971905977748132888946309157159164564839691029280882959
0.02601572582155295221341501998190897756580846343085611732305190368388073240012232787015529936615824025733759045263160227443006
0.02601572582155295221341501998190897756580846343085611732305190368388073240012232787015529936615824025733759045263160227443006
0.025962618938946412823583815431684070010817066683899706529444382454292964010901617624068490009043771541300178618605677221661
0.025962618938946412823583815431684070010817066683899706529444382454292964010901617624068490009043771541300178618605677221661
0.02589186592326855960515559797313234346310853313816397460203098237272093006873838776350555825776118890169836507142998093192
0.02589186592326855960515559797313234346310853313816397460203098237272093006873838776350555825776118890169836507142998093192
0.025803514863549441775996214980089410608841209063276145789726316483315041107888194788271231106879190261202105261345047416
0.025803514863549441775996214980089410608841209063276145789726316483315041107888194788271231106879190261202105261345047416
0.02569762580976328869485772781528888839452456220327662948891375800999292349684761916557776686460528542070440994192859867
0.02569762580976328869485772781528888839452456220327662948891375800999292349684761916557776686460528542070440994192859867
0.0255742707320140893040341667051653948606390006500783166831875748220297270943729936597554536027772808311022942182864729
0.0255742707320140893040341667051653948606390006500783166831875748220297270943729936597554536027772808311022942182864729
0.02543353347161936771244968105987367080182567008686548244356489242486152246509853634588490976572512371408545853606344
0.02543353347161936771244968105987367080182567008686548244356489242486152246509853634588490976572512371408545853606344
0.0252755096841254027835847397165708159834083163258890082627965899979424658507142488247396038219426707930796118856303
0.0252755096841254027835847397165708159834083163258890082627965899979424658507142488247396038219426707930796118856303
0.025100306774292623778386169480274624420146075949947424443816523997980010570226268463825990370127022323504198833667
0.025100306774292623778386169480274624420146075949947424443816523997980010570226268463825990370127022323504198833667
0.0249080438230953720018500206789329606561021570736393009817798124071790200078165675793464687921313018019919462758
0.0249080438230953720018500206789329606561021570736393009817798124071790200078165675793464687921313018019919462758
0.024698851506785646314454887258204798724797358575389846387213382650031768734403543913476342846298498282723703529
0.024698851506785646314454887258204798724797358575389846387213382650031768734403543913476342846298498282723703529
0.02447287200807584462043713958322540421923260394450324761258805454949287584445225767866527202277576004485102578
0.02447287200807584462043713958322540421923260394450324761258805454949287584445225767866527202277576004485102578
0.0242302589195008703850786388294166369283199100115671592810040759095380939181901828681854750470527534613140273
0.0242302589195008703850786388294166369283199100115671592810040759095380939181901828681854750470527534613140273
0.02397117713902528924413626531327741030355120063635138658080590096820587896137508050275747353982458739802845
0.02397117713902528924413626531327741030355120063635138658080590096820587896137508050275747353982458739802845
0.0236958027579664922661888272357293799908924522166904818362737344756527881884827699472897668203203928329747
0.0236958027579664922661888272357293799908924522166904818362737344756527881884827699472897668203203928329747
0.023404322941310045868097254639737722615798135407620708627130662188016632757831452373761818173280441504668
0.023404322941310045868097254639737722615798135407620708627130662188016632757831452373761818173280441504668
0.02309693580049858026471391651332767824892489975445310656422185054169472209419075567141458987486878548957
0.02309693580049858026471391651332767824892489975445310656422185054169472209419075567141458987486878548957
0.02277385025878068520744192911292165970270604555711622855978928666954647264977244506299685917356350962
0.02277385025878068520744192911292165970270604555711622855978928666954647264977244506299685917356350962
0.02243528590921134024269307902522654774014734811610190493415797313875506732166523340656192181488732733
0.02243528590921134024269307902522654774014734811610190493415797313875506732166523340656192181488732733
0.02208147286540040348109774832915312503448819457615469646771020411530419761763722577059083409490581053
0.02208147286540040348109774832915312503448819457615469646771020411530419761763722577059083409490581053
0.0217126516051106146755062856275017142719135659643547358937398847242550330617644561062282050350138423
0.0217126516051106146755062856275017142719135659643547358937398847242550330617644561062282050350138423
0.021329072806811432126534484659329667191403516816248695172119387430411952096929538509911272123573067
0.021329072806811432126534484659329667191403516816248695172119387430411952096929538509911272123573067
0.0209309971792998155623100993026866620039766955461778510128493340256447032327472162316630521414914
0.0209309971792998155623100993026866620039766955461778510128493340256447032327472162316630521414914
0.0205186952845037858309607456855542511942620125335838217214835436137199160280863177688740907671899
0.0205186952845037858309607456855542511942620125335838217214835436137199160280863177688740907671899
0.020092447353589234370958946160751119478379352124041156650190861346767571595156015394078883166094
0.020092447353589234370958946160751119478379352124041156650190861346767571595156015394078883166094
0.01965254309649501864398361087564256529678073916196120665998193336040230844592012531314753506959
0.01965254309649501864398361087564256529678073916196120665998193336040230844592012531314753506959
0.01919928150502586208163809338389465399493919724044492177848657317993385367218350405273656699236
0.01919928150502586208163809338389465399493919724044492177848657317993385367218350405273656699236
0.0187329706496369772228632311208241906195106538700126944833231136449038066363707676879559009545
0.0187329706496369772228632311208241906195106538700126944833231136449038066363707676879559009545
0.018253927470048648016840211433223366229884157298404198085606103239081804337669674116144662105
0.018253927470048648016840211433223366229884157298404198085606103239081804337669674116144662105
0.01776247755983324232702823521864030613789348384850640586786350939391867060100186104264496965
0.01776247755983324232702823521864030613789348384850640586786350939391867060100186104264496965
0.01725895494512128084578920859535849605971055992271365821593053339023342138164719929682500771
0.01725895494512128084578920859535849605971055992271365821593053339023342138164719929682500771
0.0167437018575772689449042282515273726255304492541893821186768827686535837268410480991090955
0.0167437018575772689449042282515273726255304492541893821186768827686535837268410480991090955
0.016217068501800012625594202585306731372523811888864881975654597094775776216288217109198068
0.016217068501800012625594202585306731372523811888864881975654597094775776216288217109198068
0.015679412817306104419524350335203380039482610106607836954830008411530206781218751631408683
0.015679412817306104419524350335203380039482610106607836954830008411530206781218751631408683
0.01513110023525920606679369477834180328921737999705232699095557216023854573563592692274379
0.01513110023525920606679369477834180328921737999705232699095557216023854573563592692274379
0.0145725034301117154814087272613914417894986139125058997164212070387804805247437638269157
0.0145725034301117154814087272613914417894986139125058997164212070387804805247437638269157
0.0140040020663294579833197277691253482230529162683380338864492787432940204685696603369103
0.0140040020663294579833197277691253482230529162683380338864492787432940204685696603369103
0.013425982540374306852219168979274975786916106585487042614306330206210812615266955128443
0.013425982540374306852219168979274975786916106585487042614306330206210812615266955128443
0.012838837718124321545610248576754253018382662887540554459308471159692141384228719396418
0.012838837718124321545610248576754253018382662887540554459308471159692141384228719396418
0.012242966667916449981832228594948877316653225790296145588355162745348653439582762434691
0.012242966667916449981832228594948877316653225790296145588355162745348653439582762434691
0.01163877438940370642064400824025121286563976516002062059583169563480327104385640891474
0.01163877438940370642064400824025121286563976516002062059583169563480327104385640891474
0.01102667153842815891134533199467885304650237294378477105123515973473925539124540112808
0.01102667153842815891134533199467885304650237294378477105123515973473925539124540112808
0.0104070741481251933137068369456813322965357479191455514388747347860270355914857964862
0.0104070741481251933137068369456813322965357479191455514388747347860270355914857964862
0.0097804033464975271758873385288259747628389546171177154199330070862276989510581047229
0.0097804033464975271758873385288259747628389546171177154199330070862276989510581047229
0.0091470850707376679922620111794872913243065497410045823495810814437250279489708338532
0.0091470850707376679922620111794872913243065497410045823495810814437250279489708338532
0.0085075497786523522795862168958330201343609884086424979341282475633099364432949069642
0.0085075497786523522795862168958330201343609884086424979341282475633099364432949069642
0.007862232157689980238179989396110914754982998014428718879449741108900799527500448067
0.007862232157689980238179989396110914754982998014428718879449741108900799527500448067
0.007211570832379638738933365086698231973875679907870905688023397514749937566074333986
0.007211570832379638738933365086698231973875679907870905688023397514749937566074333986
0.006556008071671613990395393758583156332587460684493247157703334230915340733503946466
0.006556008071671613990395393758583156332587460684493247157703334230915340733503946466
0.005895989499283734211223922979750033475613072420590113360868525056090883157297224955
0.005895989499283734211223922979750033475613072420590113360868525056090883157297224955
0.005231963814295594246505688519840845039461609812068582230127720049051087048598513206
0.005231963814295594246505688519840845039461609812068582230127720049051087048598513206
0.004564382540882116035584593259705008240073367978965712036316109402630885528706087454
0.004564382540882116035584593259705008240073367978965712036316109402630885528706087454
0.003893699862901465308274382364069200216234062679368021485541312774652298004789449624
0.003893699862901465308274382364069200216234062679368021485541312774652298004789449624
0.003220372733926267531503725768245795019913421148191723949787677844473922618458219118
0.003220372733926267531503725768245795019913421148191723949787677844473922618458219118
0.002544862054010306436240245131145719534775680994554266604821209079280778353063376228
0.002544862054010306436240245131145719534775680994554266604821209079280778353063376228
0.001867639230771965054377298672152316973350686627787857905013033937373962763116884726
0.001867639230771965054377298672152316973350686627787857905013033937373962763116884726
0.0011892343277931651479338509237930431237062670527090798321745944195070487580849288313
0.0011892343277931651479338509237930431237062670527090798321745944195070487580849288313
0.00051102606369461211797296613862464139517971539166478798039414859040707671789324714964
0.00051102606369461211797296613862464139517971539166478798039414859040707671789324714964