0.0354920643017145452960674529590195299039192772359028261437354344589795209373740365552028422091695402746057054581276771261946519
0.0354920643017145452960674529590195299039192772359028261437354344589795209373740365552028422091695402746057054581276771261946519
0.035447344604470769706143152618009460708324719746851617857679678604499391808875930009808379277927064266370698769949305087785184
0.035447344604470769706143152618009460708324719746851617857679678604499391808875930009808379277927064266370698769949305087785184
0.03535796155642384379366902714325321184306006585810313814065837233196530811606195922967206139693118492901019105693629459802583
0.03535796155642384379366902714325321184306006585810313814065837233196530811606195922967206139693118492901019105693629459802583
0.035224027779459108532878671852410961830055447004063745762566051838697096716849361901711169848524714766405801923596165158087
0.035224027779459108532878671852410961830055447004063745762566051838697096716849361901711169848524714766405801923596165158087
0.03504571202900426139658620970176896654783604213649279882380624952607905280168125818304846674088344904862270821725783381556
0.03504571202900426139658620970176896654783604213649279882380624952607905280168125818304846674088344904862270821725783381556
0.034823238981399354993129046318654014859128119177468362645992343686146064076967352701342091023581842666215702777660973292
0.034823238981399354993129046318654014859128119177468362645992343686146064076967352701342091023581842666215702777660973292
0.03455688895080708413486531397895704530603013833795406437830063684332768839420130278140794202981227782336444822407406149
0.03455688895080708413486531397895704530603013833795406437830063684332768839420130278140794202981227782336444822407406149
0.0342469975360200787373695975885978553509224580201145497664660681264060234127134448857281813671071747795585772569645252
0.0342469975360200787373695975885978553509224580201145497664660681264060234127134448857281813671071747795585772569645252
0.0338939551976102592398925375054796215224274268059331198813269648715998660090353383559265471672735395090966476940901
0.0338939551976102592398925375054796215224274268059331198813269648715998660090353383559265471672735395090966476940901
0.0334982067659530925280651621502652463016540939604318748689534192643634028998031842938052621272491148946445958703167
0.0334982067659530925280651621502652463016540939604318748689534192643634028998031842938052621272491148946445958703167
0.033060250880746700145280746761032816221610495159763459772940663570794376005488383806492779357364842399810822386623
0.033060250880746700145280746761032816221610495159763459772940663570794376005488383806492779357364842399810822386623
0.0325806393627321086862394297547169330052777499986105223262803146462950950592677387119269671754099365571341625497
0.0325806393627321086862394297547169330052777499986105223262803146462950950592677387119269671754099365571341625497
0.0320599765184063880692669641769384810712027174849446107882871099766624934705678789828121874434961808667968694068
0.0320599765184063880692669641769384810712027174849446107882871099766624934705678789828121874434961808667968694068
0.03149891837860489232004175164279417253001242967785865178251997938194321324421243399609668574072471694014389982
0.03149891837860489232004175164279417253001242967785865178251997938194321324421243399609668574072471694014389982
0.0308981718719121976337028795634572098425758138740644667072674492928973777694878389708282944557551758451339845
0.0308981718719121976337028795634572098425758138740644667072674492928973777694878389708282944557551758451339845
0.030258493933943525335137432460407360056160194233555742196586701736815689304923288329738026270061225887656094
0.030258493933943525335137432460407360056160194233555742196586701736815689304923288329738026270061225887656094
0.02958069055361934911335239560188776562343139087878354835900768342233347917257209161317624318835631694483268
0.02958069055361934911335239560188776562343139087878354835900768342233347917257209161317624318835631694483268
0.0288656157576354292464769854544929165351360366820725164570827049488330220057670308854602314172835363757447
0.0288656157576354292464769854544929165351360366820725164570827049488330220057670308854602314172835363757447
0.028114170534408613491578939824033465616260592545493344273238002809080291129682481907266849272766352031488
0.028114170534408613491578939824033465616260592545493344273238002809080291129682481907266849272766352031488
0.027327301698855330835623808797941393752407911188743648324983440879731609473092580408416556324940107265564
0.027327301698855330835623808797941393752407911188743648324983440879731609473092580408416556324940107265564
0.02650600069943473772140890189366886610166833623818806092199080156379536218047432353181509326537074391038
0.02650600069943473772140890189366886610166833623818806092199080156379536218047432353181509326537074391038
0.0256513023689619478847793550240758632861712457730974922599809053429984664453637217125367676409034630821
0.0256513023689619478847793550240758632861712457730974922599809053429984664453637217125367676409034630821
0.024764283620768733025321495325140658936017041923925266581532581631082471809563986028438581475615169152
0.024764283620768733025321495325140658936017041923925266581532581631082471809563986028438581475615169152
0.02384606209185966126357861966300224093253710125280952384990606050439670432241714730225595699244758184
0.02384606209185966126357861966300224093253710125280952384990606050439670432241714730225595699244758184
0.02289779473478114232724779509650913808660889285387468989805381663436211950991151663933571257624736357
0.02289779473478114232724779509650913808660889285387468989805381663436211950991151663933571257624736357
0.0219206763599898535956343880689520662321049555121511456747997497463043382985454094451890511107027217
0.0219206763599898535956343880689520662321049555121511456747997497463043382985454094451890511107027217
0.0209159381305766242322542794019033036623100879566828222304022218909578370498673127929593258265845145
0.0209159381305766242322542794019033036623100879566828222304022218909578370498673127929593258265845145
0.019884846011274113243600999308091108461812221192456978006797685116815225931094075258945285093290439
0.019884846011274113243600999308091108461812221192456978006797685116815225931094075258945285093290439
0.01882869917375545139471003943212052143924871749398845467686789376464265509396864765174826512414829
0.01882869917375545139471003943212052143924871749398845467686789376464265509396864765174826512414829
0.01774882836032407455649506515089325510051043978316045836036082659083019465552231662628503397908269
0.01774882836032407455649506515089325510051043978316045836036082659083019465552231662628503397908269
0.0166465942082176560451128233344095567697192902843812941382063587109155383556016935302583619916077
0.0166465942082176560451128233344095567697192902843812941382063587109155383556016935302583619916077
0.0155233855369335538401648163475402111118620810031264212404024002237023777223089667635103507626812
0.0155233855369335538401648163475402111118620810031264212404024002237023777223089667635103507626812
0.0143806176012999442359345921216224050120562904659973971681467365903507940511580423290339124590169
0.0143806176012999442359345921216224050120562904659973971681467365903507940511580423290339124590169
0.0132197303136279117081813349508989914718121700127887443040939267180383695395454727127787764231492
0.0132197303136279117081813349508989914718121700127887443040939267180383695395454727127787764231492
0.012042186439581212309739552941804078780984719828281524483087786389959723268227087244842672494654
0.012042186439581212309739552941804078780984719828281524483087786389959723268227087244842672494654
0.010849469775429271259401843642929872300181550676698968888003604468621725181617868903473653384855
0.010849469775429271259401843642929872300181550676698968888003604468621725181617868903473653384855
0.009643083322053204400770190265624357266658590787633370866424624689347614061166652405350143972309
0.009643083322053204400770190265624357266658590787633370866424624689347614061166652405350143972309
0.008424547492702473015098581276204474344523971292451140409114024458202222893445255857718840762365
0.008424547492702473015098581276204474344523971292451140409114024458202222893445255857718840762365
0.007195398459796372059759958321680833375646730436714187492353301322285731986912224854425727345924
0.007195398459796372059759958321680833375646730436714187492353301322285731986912224854425727345924
0.005957186996138046583129384931847170045882494832151123976061785476064231385052950131549631469447
0.005957186996138046583129384931847170045882494832151123976061785476064231385052950131549631469447
0.004711479279598661743021814689100305980965735291941860627805332464667165904862514064004941860072
0.004711479279598661743021814689100305980965735291941860627805332464667165904862514064004941860072
0.003459867667862796423975366145372045155835722927827850254038738258579998446561437850300095645644
0.003459867667862796423975366145372045155835722927827850254038738258579998446561437850300095645644
0.0022040585631436966285400504486356764720128002954501624401168681479136842055803393457121560620805
0.0022040585631436966285400504486356764720128002954501624401168681479136842055803393457121560620805
0.0009473355981619272667712463638545712454356918770144519937726990777153858926061205076638984471832
0.0009473355981619272667712463638545712454356918770144519937726990777153858926061205076638984471832