0.0494723666239310208886693604209259446135322539423832672394478847005094113475826316373209212784027162857171854154663301301354768
0.0494118330399181789670396461167048596977283900845409695999168819552883288857412541148663128235434088567957421345218802238366935
0.0494118330399181789670396461167048596977283900845409695999168819552883288857412541148663128235434088567957421345218802238366935
0.04923038042374756078504311698814458759187653281991422328112462351339862598568573155089767086258941369108237785942147465583949
0.04923038042374756078504311698814458759187653281991422328112462351339862598568573155089767086258941369108237785942147465583949
0.0489284528205119899447093615492148212325258099816152681686619261552781835654312499373274984462288523669446750323163965734752
0.0489284528205119899447093615492148212325258099816152681686619261552781835654312499373274984462288523669446750323163965734752
0.04850678909788384786409009914580158202759176924782665496504473949450237965737935437998735134614894271858889918896435710335
0.04850678909788384786409009914580158202759176924782665496504473949450237965737935437998735134614894271858889918896435710335
0.0479664211379951314110527561951322536106849214321465805928401539145974147079440846286378132387480201342551517445753212571
0.0479664211379951314110527561951322536106849214321465805928401539145974147079440846286378132387480201342551517445753212571
0.047308671312268919080604988338844062386620001972645718119849484126788841209482574171044423099121680666937398226551700397
0.047308671312268919080604988338844062386620001972645718119849484126788841209482574171044423099121680666937398226551700397
0.0465351492453836965103954187469531872278224771737984216765893748746518938430130863538096140750950758249616375929820148
0.0465351492453836965103954187469531872278224771737984216765893748746518938430130863538096140750950758249616375929820148
0.045647747876292608685885992608542522426607323938963929813865260016550252082545173089984606188567037922736617217228196
0.045647747876292608685885992608542522426607323938963929813865260016550252082545173089984606188567037922736617217228196
0.04464863882594139537033266951681339323410056356252033365432727272664889002867009826571419283116796423898422374210904
0.04464863882594139537033266951681339323410056356252033365432727272664889002867009826571419283116796423898422374210904
0.0435402670830275907989643157044011396409312119283805380941306699751173511467385772144101942868835591069249801527846
0.0435402670830275907989643157044011396409312119283805380941306699751173511467385772144101942868835591069249801527846
0.042325345020815822982505485403027456482843378914196375089989674621569471503978246621351571093242768365783029595135
0.042325345020815822982505485403027456482843378914196375089989674621569471503978246621351571093242768365783029595135
0.04100684575966639863511003700907235074017796621249930393159847953295137840839067942306968257060454220699238358921
0.04100684575966639863511003700907235074017796621249930393159847953295137840839067942306968257060454220699238358921
0.0395879958915440939848079281492023644541949391141024388083643619259647393230863880662864954283993251067404740302
0.0395879958915440939848079281492023644541949391141024388083643619259647393230863880662864954283993251067404740302
0.038072267584349556763638324927889218627303357254175429490592215315559950834267918152240194724895581540218794023
0.038072267584349556763638324927889218627303357254175429490592215315559950834267918152240194724895581540218794023
0.03646337008545728963045240978754179183183295025429651122993433007616729725055503253959905095363262340649092993
0.03646337008545728963045240978754179183183295025429651122993433007616729725055503253959905095363262340649092993
0.03476524064535587769718050464278815710707330249414719432367976155661782304030314822603028893540698243128659508
0.03476524064535587769718050464278815710707330249414719432367976155661782304030314822603028893540698243128659508
0.0329820348837793417656831796724593071377942161572778555906245243277363395648705411220655435163112655554361395
0.0329820348837793417656831796724593071377942161572778555906245243277363395648705411220655435163112655554361395
0.031118116622219817508215988557188582024911189532915112650972723063990492851796227103635323390576375268814797
0.031118116622219817508215988557188582024911189532915112650972723063990492851796227103635323390576375268814797
0.029178047208280526945551502154028802282940945920805426830355067718396086066199199456152491147176574969103183
0.029178047208280526945551502154028802282940945920805426830355067718396086066199199456152491147176574969103183
0.02716657435909793322518983943941272660664268398662912748456490376205997065763050982500298380188268087153104
0.02716657435909793322518983943941272660664268398662912748456490376205997065763050982500298380188268087153104
0.02508862055334498661863013806844335610235380744763357244745649810745858831914312610339463648329648786761403
0.02508862055334498661863013806844335610235380744763357244745649810745858831914312610339463648329648786761403
0.0229492710048899331489423195617705058910474999190868284292047422701479453610906208781127436067315803066559
0.0229492710048899331489423195617705058910474999190868284292047422701479453610906208781127436067315803066559
0.0207537612580390907753419534214731533478132648784418211209014379724351815982736488274703056408145847928658
0.0207537612580390907753419534214731533478132648784418211209014379724351815982736488274703056408145847928658
0.0185074644601612704092605458051579631102389214176312854335687774772707375525358614985201862214927500234137
0.0185074644601612704092605458051579631102389214176312854335687774772707375525358614985201862214927500234137
0.016215878410338338882283672975130914915815603829930900970890493908075020866076276022169349273252791813523
0.016215878410338338882283672975130914915815603829930900970890493908075020866076276022169349273252791813523
0.01388461261611561082486608636762443491927765825349064754906966272881158601910391662786642474473266150766
0.01388461261611561082486608636762443491927765825349064754906966272881158601910391662786642474473266150766
0.011519376076880041750750606148618064841588793945388983235703970478206558576277131304574282962263555915867
0.011519376076880041750750606148618064841588793945388983235703970478206558576277131304574282962263555915867
0.009125968676326656354058645421759954849692417788375349669674385340929380288861266570749387445488698089988
0.009125968676326656354058645421759954849692417788375349669674385340929380288861266570749387445488698089988
0.006710291765960136251906930729728803973436028555716110243797176206161819795240140158239205680807158218554
0.006710291765960136251906930729728803973436028555716110243797176206161819795240140158239205680807158218554
0.0042785083468637618660784110826227855171274726708752114023382155682336219708787539858760566988334813241562
0.0042785083468637618660784110826227855171274726708752114023382155682336219708787539858760566988334813241562
0.00183987459557708411709244555404392385263847233884024248064426893817914336501886796225365784286221674623473
0.00183987459557708411709244555404392385263847233884024248064426893817914336501886796225365784286221674623473