0.0486909570091397203833653907347499124426286922838743305086688042456914190998246107310291565645676057401607079939845156005172257
0.0486909570091397203833653907347499124426286922838743305086688042456914190998246107310291565645676057401607079939845156005172257
0.048575467441503426934799066783978113687556544704929485711151676102515819309369703922916342763393041018623214908392368816276149
0.048575467441503426934799066783978113687556544704929485711151676102515819309369703922916342763393041018623214908392368816276149
0.04834476223480295716976952715801780970369255060950108062944220144524982894642920215676415326434830811916981153413799979977991
0.04834476223480295716976952715801780970369255060950108062944220144524982894642920215676415326434830811916981153413799979977991
0.047999388596458307728126179871346069954316713471493620944632393093333521461965027758813856850410342760928314672847045504136
0.047999388596458307728126179871346069954316713471493620944632393093333521461965027758813856850410342760928314672847045504136
0.04754016571483030866228220694422317164082525126253875215847403187847351913123495860419713256185436600766823695643047384876
0.04754016571483030866228220694422317164082525126253875215847403187847351913123495860419713256185436600766823695643047384876
0.046968182816210017325326285754581075199897528473812564982924088686190050018180080743701238163030219887692564246183069403
0.046968182816210017325326285754581075199897528473812564982924088686190050018180080743701238163030219887692564246183069403
0.04628479658131441729595324923226118496965030753244680077783408183646988617746069862442415391056853210885171429475792915
0.04628479658131441729595324923226118496965030753244680077783408183646988617746069862442415391056853210885171429475792915
0.0454916279274181444797709969712690588873234618023998968168834081606504637618082102750954507142497706775055424364453741
0.0454916279274181444797709969712690588873234618023998968168834081606504637618082102750954507142497706775055424364453741
0.044590558163756563060134710030944843294023799991221725643219328686194836337776108956958567887593285723766909694185408
0.044590558163756563060134710030944843294023799991221725643219328686194836337776108956958567887593285723766909694185408
0.0435837245293234533768278609737374809227888974971180150532193925502569499020021803936448815937567079991401855477391
0.0435837245293234533768278609737374809227888974971180150532193925502569499020021803936448815937567079991401855477391
0.042473515123653589007339767908817366165546648180649669731460772205524543348716932718239898855367012835878750758246
0.042473515123653589007339767908817366165546648180649669731460772205524543348716932718239898855367012835878750758246
0.04126256324262352861015629747363804773993063553054741054290347791227049511780459144632670350328323361618165474201
0.04126256324262352861015629747363804773993063553054741054290347791227049511780459144632670350328323361618165474201
0.0399537411327203413866569261283360739186769506703336301114037026981570543670430333260307390357287606111017588758
0.0399537411327203413866569261283360739186769506703336301114037026981570543670430333260307390357287606111017588758
0.038550153178615629128962496946808991012787112201718031966237885408800527132368268139441854044292836309054521456
0.038550153178615629128962496946808991012787112201718031966237885408800527132368268139441854044292836309054521456
0.037055128540240046040415101809583375083464945305656302174753627202809156212296668717830264664906683296060937047
0.037055128540240046040415101809583375083464945305656302174753627202809156212296668717830264664906683296060937047
0.0354722132568823838106931467152459479480946310024100946926514848199381113651392962399922996268087884509143421
0.0354722132568823838106931467152459479480946310024100946926514848199381113651392962399922996268087884509143421
0.0338051618371416093915654821107254310210499263140045346675500650400323727745785853730452808963944098691936344
0.0338051618371416093915654821107254310210499263140045346675500650400323727745785853730452808963944098691936344
0.032057928354851553585467504347898716966221573881398062250169407854535275399124366530227987935629046729162365
0.032057928354851553585467504347898716966221573881398062250169407854535275399124366530227987935629046729162365
0.030234657072402478867974059819548659158281397768481241636026542045969161851838118212761980885178641520596874
0.030234657072402478867974059819548659158281397768481241636026542045969161851838118212761980885178641520596874
0.02833967261425948322751130520023735198120758412575433599079551850845001757128807129018345798164762693930134
0.02833967261425948322751130520023735198120758412575433599079551850845001757128807129018345798164762693930134
0.02637746971505465867169179262522518567559933084224571844961567368530215924289677902847804872136534808676204
0.02637746971505465867169179262522518567559933084224571844961567368530215924289677902847804872136534808676204
0.0243527025687108733381775504090689876499784155133784119819985685535536787083770723737264828464464223276156
0.0243527025687108733381775504090689876499784155133784119819985685535536787083770723737264828464464223276156
0.0222701738083832541592983303841550024229592905997594051455205429744914460867081990116647982811451138592401
0.0222701738083832541592983303841550024229592905997594051455205429744914460867081990116647982811451138592401
0.020134823153530209372340316728543897089526680100791951922007234327676982821192359798229949841699859799544
0.020134823153530209372340316728543897089526680100791951922007234327676982821192359798229949841699859799544
0.017951715775697343085045302001119368897167357036415857297718427356924729587062098474308914057919927210797
0.017951715775697343085045302001119368897167357036415857297718427356924729587062098474308914057919927210797
0.015726030476024719321965995297539794426029009843156512152894393228421050216412455652574562847632699718948
0.015726030476024719321965995297539794426029009843156512152894393228421050216412455652574562847632699718948
0.013463047896718642598060766685955684108425771977349670818468278522198359889466626848969783705610503848585
0.013463047896718642598060766685955684108425771977349670818468278522198359889466626848969783705610503848585
0.011168139460131128818590493019208135072778797816827287215251362273969701224836131369547661822970774719522
0.011168139460131128818590493019208135072778797816827287215251362273969701224836131369547661822970774719522
0.008846759826363947723030914659730647695176266079220499798471576929611038000598536734169428632255052015617
0.008846759826363947723030914659730647695176266079220499798471576929611038000598536734169428632255052015617
0.006504457968978362856117360399981266771131761054952340095244879257568512571761306820353052649111329604941
0.006504457968978362856117360399981266771131761054952340095244879257568512571761306820353052649111329604941
0.004147033260562467635287535728551415313302819253684802462876366143183477669015739377682093310618713759201
0.004147033260562467635287535728551415313302819253684802462876366143183477669015739377682093310618713759201
0.0017832807216964329472960791449719331799593472719279556695308063655858546954239803486698215802150348282745
0.0017832807216964329472960791449719331799593472719279556695308063655858546954239803486698215802150348282745