0.032895807318380677932173986329810631604172359918653393982537340594721012106572338256616188854533277561591990984154747932407949926
0.032878009597631948235576458224321297447592497322771960697146022347693405438655980095290032818037557209617379420825018216649504
0.032878009597631948235576458224321297447592497322771960697146022347693405438655980095290032818037557209617379420825018216649504
0.03282463569369918669308888430505983489776685786073903408581744293222629183496102973975367494050980555894619730745032504230509
0.03282463569369918669308888430505983489776685786073903408581744293222629183496102973975367494050980555894619730745032504230509
0.0327357433606839322691965867194363625607716567780799468162439001924076509423107965497913330918720837025935261286601727527242
0.0327357433606839322691965867194363625607716567780799468162439001924076509423107965497913330918720837025935261286601727527242
0.03261142878598215425670653373832884748142989432465455222427674336114704866488334509424345535232300136080433624680915590243
0.03261142878598215425670653373832884748142989432465455222427674336114704866488334509424345535232300136080433624680915590243
0.0324518264862032592668594594298196923898343373740372499646608789245207509076736705058679983061724512577242899929661075092
0.0324518264862032592668594594298196923898343373740372499646608789245207509076736705058679983061724512577242899929661075092
0.032257109161614414347348348830240340674993467530795942631895173426307901919987342087798385951575263972919686899995204261
0.032257109161614414347348348830240340674993467530795942631895173426307901919987342087798385951575263972919686899995204261
0.0320274875092676952929573330991375502503271996470465264870075771578695500508023110036718021264609267080924628190861896
0.0320274875092676952929573330991375502503271996470465264870075771578695500508023110036718021264609267080924628190861896
0.031763209995012280290979001983538383538182756816818855264257986463498718814678480038724027919925840471681883367009762
0.031763209995012280290979001983538383538182756816818855264257986463498718814678480038724027919925840471681883367009762
0.031464562584638402013217429855682404598683350582995066014327740030190056852255175362231090083761182507581851527525
0.031464562584638402013217429855682404598683350582995066014327740030190056852255175362231090083761182507581851527525
0.031131868434443998256822603975147344822828433832461360131212482748299346697496743155375418045659560430055470830186
0.031131868434443998256822603975147344822828433832461360131212482748299346697496743155375418045659560430055470830186
0.03076548754155891475295776769111236702996503974234295142156188295006901382272459329048601523563349326552215248145
0.03076548754155891475295776769111236702996503974234295142156188295006901382272459329048601523563349326552215248145
0.0303658163544050667772436722529850232139174335845848727453172160276063909993217167106076299716958475681193570906
0.0303658163544050667772436722529850232139174335845848727453172160276063909993217167106076299716958475681193570906
0.029933287343714112252400118134642109429750641939980671182970216281852548974448509206330820060316770982153086836
0.029933287343714112252400118134642109429750641939980671182970216281852548974448509206330820060316770982153086836
0.02946836853456688237515146427080321820284929310669570488249938093035194299595544297962925252936207249353788979
0.02946836853456688237515146427080321820284929310669570488249938093035194299595544297962925252936207249353788979
0.0289715629999610115348418392392462020178160463755541928334866184372001645870927133619764505308646548248755229
0.0289715629999610115348418392392462020178160463755541928334866184372001645870927133619764505308646548248755229
0.028443408316454862613118837217596988927785437453362674363511438212281425099954011965972217996583193173367342
0.028443408316454862613118837217596988927785437453362674363511438212281425099954011965972217996583193173367342
0.02788447598247691424309337783162878473227037330518919311334673295596103586009311928545778022481487590695304
0.02788447598247691424309337783162878473227037330518919311334673295596103586009311928545778022481487590695304
0.0272953707999302226657838184633815800162997989391400880321737473707545032154332571567579374271401841360767
0.0272953707999302226657838184633815800162997989391400880321737473707545032154332571567579374271401841360767
0.02667673021976135431896847588219599724589211992517027504276098654997064912099543150548466869194154593178
0.02667673021976135431896847588219599724589211992517027504276098654997064912099543150548466869194154593178
0.02602922365220227153290061057309804140921617973717713352217207623097964468115033044186717485982511765111
0.02602922365220227153290061057309804140921617973717713352217207623097964468115033044186717485982511765111
0.0253535517424320129365998605022552602579430701949699081464402185168077224464643810761102823437839732607
0.0253535517424320129365998605022552602579430701949699081464402185168077224464643810761102823437839732607
0.024650445612442619976129684907602332945028248778906419588870774113436531070469315367472871480580397373
0.024650445612442619976129684907602332945028248778906419588870774113436531070469315367472871480580397373
0.02392066606993061007707519324966477177760147582444045181478411273475661052059438749899953481158552774
0.02392066606993061007707519324966477177760147582444045181478411273475661052059438749899953481158552774
0.023165002785071391749200193406346702468457047730760115252702924961447913773782530248681367006531356
0.023165002785071391749200193406346702468457047730760115252702924961447913773782530248681367006531356
0.0223842734360693918404190424444346126396623188032292336991883982676484282046974125402078576903820965
0.0223842734360693918404190424444346126396623188032292336991883982676484282046974125402078576903820965
0.021579322824411401206768669745623965239167898690429716350695706268313155438561370268325904178022229
0.021579322824411401206768669745623965239167898690429716350695706268313155438561370268325904178022229
0.02075102196078490181790846680524161837143678649840299804729913375521719115808756291402871032347864
0.02075102196078490181790846680524161837143678649840299804729913375521719115808756291402871032347864
0.01990026712265721124487165097286884762423719756080567920899278086438127644530162197212347758662271
0.01990026712265721124487165097286884762423719756080567920899278086438127644530162197212347758662271
0.0190279788845457063930701238893128290364462609858147705086971710173327703160085839469252305121954
0.0190279788845457063930701238893128290364462609858147705086971710173327703160085839469252305121954
0.0181351011220451441075970080954629620413915925781615390382807250286403875669765331262141839229158
0.0181351011220451441075970080954629620413915925781615390382807250286403875669765331262141839229158
0.017222599990716984413339709858706052618066333153743753823693471051875951067161149053341605332326
0.017222599990716984413339709858706052618066333153743753823693471051875951067161149053341605332326
0.016291462880991043265915585671326601458581941057451823736028537328378348791687439374154481148176
0.016291462880991043265915585671326601458581941057451823736028537328378348791687439374154481148176
0.01534269735028835663459201323563665031113183090982466847434523109049282830770096364513976361347
0.01534269735028835663459201323563665031113183090982466847434523109049282830770096364513976361347
0.01437733003365908208357508213684241709964369611045004001429245155256486967080592071596465117769
0.01437733003365908208357508213684241709964369611045004001429245155256486967080592071596465117769
0.0133964055343682854413657437462429289507714469710329121401028839059384899879007668465305206704
0.0133964055343682854413657437462429289507714469710329121401028839059384899879007668465305206704
0.0124009852961160610401815021591699732124868378673805975377659127064525116100786071037502820137
0.0124009852961160610401815021591699732124868378673805975377659127064525116100786071037502820137
0.0113921464590858440392424266514331450334374688985513315509579894178071440240832509504053053228
0.0113921464590858440392424266514331450334374688985513315509579894178071440240832509504053053228
0.0103709807031160968408398445280165639034799094284966222082587495777621618877524105012429947049
0.0103709807031160968408398445280165639034799094284966222082587495777621618877524105012429947049
0.00933859308387639708674062211995308868254747003668216222829842762113614266526537700974383401
0.00933859308387639708674062211995308868254747003668216222829842762113614266526537700974383401
0.008296100874530990238146095548608880823567857299147269614581353509928675914729148037003794398
0.008296100874530990238146095548608880823567857299147269614581353509928675914729148037003794398
0.007244632443933199672625903838977788163576633981812069306275164802647050251277018362211987193
0.007244632443933199672625903838977788163576633981812069306275164802647050251277018362211987193
0.006185326261033323769311757322911196526476817633024680115452117818043825624546230551152000221
0.006185326261033323769311757322911196526476817633024680115452117818043825624546230551152000221
0.005119330329927718280032445518798593540230710933009360212361061649483636211870346661769823491
0.005119330329927718280032445518798593540230710933009360212361061649483636211870346661769823491
0.004047803316371759906879691600503157054634820611197064100388469299917128044260343624375249159
0.004047803316371759906879691600503157054634820611197064100388469299917128044260343624375249159
0.0029719242408181907184390502410764158033052979400467539726970598380899614844716074908346026964
0.0029719242408181907184390502410764158033052979400467539726970598380899614844716074908346026964
0.0018929683779229357627786128812975991716304037558680403463504073929922016860392386098711206375
0.0018929683779229357627786128812975991716304037558680403463504073929922016860392386098711206375
0.00081356424945411650105440403937735855479962962743507051428385207995853829526631383779330376253
0.00081356424945411650105440403937735855479962962743507051428385207995853829526631383779330376253