0.035903329907265501442083267342139118149337194403809396452837289810049932087643272277125889640481862638700693917623012462917612031
0.0358801910601870158777352072237696045818057740594291743192315911243716831726093830843041538440561788963127839689366168629756905
0.0358801910601870158777352072237696045818057740594291743192315911243716831726093830843041538440561788963127839689366168629756905
0.03581080434383374175662559920502492111643688898805868436989910626717505774486304297557066021665645416929174593004331868458731
0.03581080434383374175662559920502492111643688898805868436989910626717505774486304297557066021665645416929174593004331868458731
0.0356952591944094337764794300999495915595639769389437874850972546980215658561990066402039494393680941083000107514688274371458
0.0356952591944094337764794300999495915595639769389437874850972546980215658561990066402039494393680941083000107514688274371458
0.03553370454416059391133475704928306167593781050998493229998625719653259516714418652758478871184654730059618170798133200603
0.03553370454416059391133475704928306167593781050998493229998625719653259516714418652758478871184654730059618170798133200603
0.0353263486294102136984305309687057106248890720875159863583414705712287594309562397570584889503113064078099011108817567968
0.0353263486294102136984305309687057106248890720875159863583414705712287594309562397570584889503113064078099011108817567968
0.035073458722151536556625347191259967743521596325348523475164307007449892175348369431591429968498115925661534560408734401
0.035073458722151536556625347191259967743521596325348523475164307007449892175348369431591429968498115925661534560408734401
0.0347753607855478292487112240861533654267739788673218435038817331610332742996774871528022160261108130506683606113934365
0.0347753607855478292487112240861533654267739788673218435038817331610332742996774871528022160261108130506683606113934365
0.034432439053782243765938192758249066330312302909715918131544651988136722514443242586966175263329528518946102754960827
0.034432439053782243765938192758249066330312302909715918131544651988136722514443242586966175263329528518946102754960827
0.03404513553679937345518363647043815252334612329179165208074703474575640299174696263277605784296512868717313520334383
0.03404513553679937345518363647043815252334612329179165208074703474575640299174696263277605784296512868717313520334383
0.0336139494505769355842222573437893275679560969886330452191290565996675479075138955572113133259608215629983415061027
0.0336139494505769355842222573437893275679560969886330452191290565996675479075138955572113133259608215629983415061027
0.03313943657366202353628883669892440149088876496090931561653470169757591415966734266151642686039470978928541727928
0.03313943657366202353628883669892440149088876496090931561653470169757591415966734266151642686039470978928541727928
0.032622208530801443925800340678041720061026566843928688032187351033519317726387360777493437333097829778613111377
0.032622208530801443925800340678041720061026566843928688032187351033519317726387360777493437333097829778613111377
0.032062932004589667777658181942992887045359657147794963209258834484608123721749765641982004885273813069910746121
0.032062932004589667777658181942992887045359657147794963209258834484608123721749765641982004885273813069910746121
0.03146232787615076393796222330453574868730115834526911415430242501068746622870008090886112102153581152544166059
0.03146232787615076393796222330453574868730115834526911415430242501068746622870008090886112102153581152544166059
0.0308211702959622341537190428775453963512389728763956491830558855658238345080306114909532234393594895232792061
0.0308211702959622341537190428775453963512389728763956491830558855658238345080306114909532234393594895232792061
0.030140285686018824743951159604937821233662765385058801778331285161312702794351042997685384658586527301233072
0.030140285686018824743951159604937821233662765385058801778331285161312702794351042997685384658586527301233072
0.02942055167462304824922477020474573842355831030692479274282788314496513145913243111343551987492165123375679
0.02942055167462304824922477020474573842355831030692479274282788314496513145913243111343551987492165123375679
0.0286628959651762183885872833366483073683426794114193865513983644958312290231859797720441411245577865349413
0.0286628959651762183885872833366483073683426794114193865513983644958312290231859797720441411245577865349413
0.02786829514042920598963435976914605876213028399353569877827659189672536770012043179441247228812674725206
0.02786829514042920598963435976914605876213028399353569877827659189672536770012043179441247228812674725206
0.02703777340373580728397729462309072828945018757292735197334520389306404979638959961385437712361010416032
0.02703777340373580728397729462309072828945018757292735197334520389306404979638959961385437712361010416032
0.0261724012589335589497255190784256465235825187607078586682458561051713565530268641222395635855746483565
0.0261724012589335589497255190784256465235825187607078586682458561051713565530268641222395635855746483565
0.0252732941305570731641186103564666982031947513290186319028288355160975782932473047075700047355899051988
0.0252732941305570731641186103564666982031947513290186319028288355160975782932473047075700047355899051988
0.024341610926167632339213805212401433299488911460573179795211064974188307457680192118904804951367699428
0.024341610926167632339213805212401433299488911460573179795211064974188307457680192118904804951367699428
0.02337855254266017225782395101478962691130047584197776671742839896551300550214391557784801583341539191
0.02337855254266017225782395101478962691130047584197776671742839896551300550214391557784801583341539191
0.02238536031848547821419749914437972935749344761410978208692306747178005765145997262951023022286984842
0.02238536031848547821419749914437972935749344761410978208692306747178005765145997262951023022286984842
0.0213633144338025315936161522501736269566314128174942310227916080886587301091898015082651903450620389
0.0213633144338025315936161522501736269566314128174942310227916080886587301091898015082651903450620389
0.020313732260655569526569795936022145653276757367016076574705476209390426201775477196248263002954973
0.020313732260655569526569795936022145653276757367016076574705476209390426201775477196248263002954973
0.01923796666535655878505066789696780456636233187961908658219207655964441504806836174831402553233957
0.01923796666535655878505066789696780456636233187961908658219207655964441504806836174831402553233957
0.01813740426535425205021804375587129849916278453258139382146698880990505050729310539123494208597053
0.01813740426535425205021804375587129849916278453258139382146698880990505050729310539123494208597053
0.01701346364300153443364534578456211788539605884065874192385034387546504626219867795949932361761369
0.01701346364300153443364534578456211788539605884065874192385034387546504626219867795949932361761369
0.01586759351882631900292174204395978744357656369786344309920472630962234420067336920151173848790963
0.01586759351882631900292174204395978744357656369786344309920472630962234420067336920151173848790963
0.0147012708872398422298939219588069862305160296066634052891881019139854053138650831495155952458032
0.0147012708872398422298939219588069862305160296066634052891881019139854053138650831495155952458032
0.0135159991182456580818806860732984855439527862773732854157571491899040182987964615382865846624809
0.0135159991182456580818806860732984855439527862773732854157571491899040182987964615382865846624809
0.0123133060300480365422870033776865955466501386345657307257739276731707931943031232618582598565112
0.0123133060300480365422870033776865955466501386345657307257739276731707931943031232618582598565112
0.011094741940560719279720844553249763430957777182568503599574719899045970984309516945259228812791
0.011094741940560719279720844553249763430957777182568503599574719899045970984309516945259228812791
0.009861877713701826716584130479151970250867578370029102044490664975189535750981313001318405421821
0.009861877713701826716584130479151970250867578370029102044490664975189535750981313001318405421821
0.008616302838488951832950103594050488838210945724518437123942981933379561158963622762060891356384
0.008616302838488951832950103594050488838210945724518437123942981933379561158963622762060891356384
0.007359623648818063660770582721953260592993709547806781781982776146520436804567652557105251574128
0.007359623648818063660770582721953260592993709547806781781982776146520436804567652557105251574128
0.006093462047634872130102255464233219078945055613001689610701747177805941913676461093161412356405
0.006093462047634872130102255464233219078945055613001689610701747177805941913676461093161412356405
0.004819456238501885899308698577986734118211442576062099292553696107850478554113752662923285364381
0.004819456238501885899308698577986734118211442576062099292553696107850478554113752662923285364381
0.0035392716553886285401815859779436036393001760919735338136659356348146955183611718357525146783123
0.0035392716553886285401815859779436036393001760919735338136659356348146955183611718357525146783123
0.0022546907537528530924812107952446828825373821201444971101678115054303842189786683038651805776917
0.0022546907537528530924812107952446828825373821201444971101678115054303842189786683038651805776917
0.00096910973817707533760653484407315860921939910086073450839241030895485608028803147087700067381391
0.00096910973817707533760653484407315860921939910086073450839241030895485608028803147087700067381391