0.08598327567039474749008517479052655416005491560349585229075207013342692192594549857409356013916478688863474991763528501833772294
0.08598327567039474749008517479052655416005491560349585229075207013342692192594549857409356013916478688863474991763528501833772294
0.085346685739338627491850543076489770998786585497291294128484970903369960692364358449507942249124878463878870820142263484643203
0.085346685739338627491850543076489770998786585497291294128484970903369960692364358449507942249124878463878870820142263484643203
0.0840782189796619349334576242915958212039359139576060455039823714786119490086983892036661490773009235216345020346307175052805
0.0840782189796619349334576242915958212039359139576060455039823714786119490086983892036661490773009235216345020346307175052805
0.082187266704339709517223473544942302864963072934622120980809028414243937312582700800306212962654244637490250570029243557324
0.082187266704339709517223473544942302864963072934622120980809028414243937312582700800306212962654244637490250570029243557324
0.07968782891207160190872466550186390732753415751472602018755167051098262176372611884435063384822914825417569326818624573908
0.07968782891207160190872466550186390732753415751472602018755167051098262176372611884435063384822914825417569326818624573908
0.0765984106458706745287577337215016417279275568319918337820378465053293893918795796762453410525369667191408498209594077004
0.0765984106458706745287577337215016417279275568319918337820378465053293893918795796762453410525369667191408498209594077004
0.072941885005653061353873376941274218286946952616990544402812414955084194068943793243563538917837940654322307182559183371
0.072941885005653061353873376941274218286946952616990544402812414955084194068943793243563538917837940654322307182559183371
0.06874532383573644261368963936361320834173076464213849122955072618565617890845174174976129016529324990190920205218593092
0.06874532383573644261368963936361320834173076464213849122955072618565617890845174174976129016529324990190920205218593092
0.0640397973550154895563847986258563397460214705508407249274347431573196041768986842235462360964290893536145077012161541
0.0640397973550154895563847986258563397460214705508407249274347431573196041768986842235462360964290893536145077012161541
0.05886014424532481730967539981892003594275409578255928924565305144275785499211275506480820644485109082192620104754456
0.05886014424532481730967539981892003594275409578255928924565305144275785499211275506480820644485109082192620104754456
0.05324471397775991909202562828621964968892961105894292068727376767106987462176672095200556114748399622226072355691147
0.05324471397775991909202562828621964968892961105894292068727376767106987462176672095200556114748399622226072355691147
0.04723508349026597841661682961667483207315178743436963026401837934791768317497624765998071449747986566644889394861382
0.04723508349026597841661682961667483207315178743436963026401837934791768317497624765998071449747986566644889394861382
0.04087575092364489547411454514326319154793706111907814620784329388909819164759665735843841783693726361481854479602188
0.04087575092364489547411454514326319154793706111907814620784329388909819164759665735843841783693726361481854479602188
0.0342138107703072299212450615627145540700969113267764835297438458444983145731547972563490446401011887011144457042894
0.0342138107703072299212450615627145540700969113267764835297438458444983145731547972563490446401011887011144457042894
0.0272986214985687790944171808679833579904568281420508553554141449584851944057303849020845189194982629073004350651052
0.0272986214985687790944171808679833579904568281420508553554141449584851944057303849020845189194982629073004350651052
0.0201815152977354715320989289582211274195865102408615652505493691740123099179142538770330753987455906453351837072885
0.0201815152977354715320989289582211274195865102408615652505493691740123099179142538770330753987455906453351837072885
0.01291594728406557440450341149779164919196121285147967185003039204362092142976081536788488158920228698669908539853474
0.01291594728406557440450341149779164919196121285147967185003039204362092142976081536788488158920228698669908539853474
0.00556571966424504536125598439054783741722459189417851017605791338451489798749650279637467501712922603929555340814606
0.00556571966424504536125598439054783741722459189417851017605791338451489798749650279637467501712922603929555340814606