0.045201602377079954242289211875536269097622737432273093085043449329189578569846572586636133247707825728411547338630897158976217549
0.045155430236145460516517053219963928520630212567322213002319160388049807905479884552524649672519228618580907371501978116921979
0.045155430236145460516517053219963928520630212567322213002319160388049807905479884552524649672519228618580907371501978116921979
0.0450170081403998021987161927160437848929470660436707100302285041436762731455601463658191808158348597240757592789185916695202
0.0450170081403998021987161927160437848929470660436707100302285041436762731455601463658191808158348597240757592789185916695202
0.0447866188783125575421352782248060259131767284483552763063651408502957907154784772301076299709454610175323710339022340480714
0.0447866188783125575421352782248060259131767284483552763063651408502957907154784772301076299709454610175323710339022340480714
0.04446473312204713809623109734191876315542426528733036570272392841995867131188913935398338180638212137497717817116301870824
0.04446473312204713809623109734191876315542426528733036570272392841995867131188913935398338180638212137497717817116301870824
0.0440520084659092843809859173220065625820763617635466882823678991255694273673510790241446685889951462767725849609523355968
0.0440520084659092843809859173220065625820763617635466882823678991255694273673510790241446685889951462767725849609523355968
0.043549288082926741033575777062068889961651362328606079617569603977361336196377359884664267268683491121962515016622895366
0.043549288082926741033575777062068889961651362328606079617569603977361336196377359884664267268683491121962515016622895366
0.0429575990023052138784199022252778143412036251631754711264294889683583647487802727490005833969942388016878903394776862
0.0429575990023052138784199022252778143412036251631754711264294889683583647487802727490005833969942388016878903394776862
0.042278150011280512851582686257676056344465993129486354285428893123249116776741141643439529611378768186845463864406798
0.042278150011280512851582686257676056344465993129486354285428893123249116776741141643439529611378768186845463864406798
0.04151232918565450208287406166841199104174356173904644566815115327805699498809323733260926025242184304718765012344736
0.04151232918565450208287406166841199104174356173904644566815115327805699498809323733260926025242184304718765012344736
0.0406617010540616005375260203090389439582408581828070241143733004054308327835511840690195303533726226507530658003972
0.0406617010540616005375260203090389439582408581828070241143733004054308327835511840690195303533726226507530658003972
0.039728003401761641206458546910073128639467026861437363453525584412302614186009058640066928520822415353842852441237
0.039728003401761641206458546910073128639467026861437363453525584412302614186009058640066928520822415353842852441237
0.0387131437204925139327394461492304134215773733167518322934477870382147983095651131910659668404223540516532536009
0.0387131437204925139327394461492304134215773733167518322934477870382147983095651131910659668404223540516532536009
0.037619195311640906508158366573555173459314520346845475070624152437068127424334210501838207290942397790263214079
0.037619195311640906508158366573555173459314520346845475070624152437068127424334210501838207290942397790263214079
0.036448393050700514056643508468622461685795808867418787108089106016431059219396870626757683120371474896078599993
0.036448393050700514056643508468622461685795808867418787108089106016431059219396870626757683120371474896078599993
0.03520312882168348614775436350778685082302348458963279415966479115185532940365492696351378404792187908984622916
0.03520312882168348614775436350778685082302348458963279415966479115185532940365492696351378404792187908984622916
0.0338859466308322894978098207524373574177956443121261665662865120220726011974650781959127282386558113437085954
0.0338859466308322894978098207524373574177956443121261665662865120220726011974650781959127282386558113437085954
0.032499537409646111244733895007203030598190932798012022177576523735946734175082093711821544645286706623807877
0.032499537409646111244733895007203030598190932798012022177576523735946734175082093711821544645286706623807877
0.03104673351789053903268571720015274944906322436119555228611877746806200329891856150987879949064490297448828
0.03104673351789053903268571720015274944906322436119555228611877746806200329891856150987879949064490297448828
0.02953050295790671177981106117362523806169522764577829681794043139432535436256224016520893867379071613677337
0.02953050295790671177981106117362523806169522764577829681794043139432535436256224016520893867379071613677337
0.0279539433121877059908617061046021318025541522017381776708402083594434214059703409812568858351790097008722
0.0279539433121877059908617061046021318025541522017381776708402083594434214059703409812568858351790097008722
0.0263202754168694837917607310180191891967610697638415721497950256560757348060237731514315945553709079824395
0.0263202754168694837917607310180191891967610697638415721497950256560757348060237731514315945553709079824395
0.024632836784542455364335897590140846687163647171009520206562755639936686791601660568084454716298145345202
0.024632836784542455364335897590140846687163647171009520206562755639936686791601660568084454716298145345202
0.022895074790740785655521450480678908969251327860933714105539457548302751849897954820525815106360527830843
0.022895074790740785655521450480678908969251327860933714105539457548302751849897954820525815106360527830843
0.02111053963987189462789017650208210524342145916596142211529334136124525355299875188950605734496767116169
0.02111053963987189462789017650208210524342145916596142211529334136124525355299875188950605734496767116169
0.0192828771288494027892443780491022746784254014698335698749025499315638690083089045425134754917214653522
0.0192828771288494027892443780491022746784254014698335698749025499315638690083089045425134754917214653522
0.0174158212319698291320737873085513449390970929609429117225808308202320783537628835148705475705673459187
0.0174158212319698291320737873085513449390970929609429117225808308202320783537628835148705475705673459187
0.0155131865434061647397691087236705230879590550325184392005785924694222892780405869757844525333145837564
0.0155131865434061647397691087236705230879590550325184392005785924694222892780405869757844525333145837564
0.0135788606490756709998118676287804256038760391809258658405770520739109421442206557280373219863379257966
0.0135788606490756709998118676287804256038760391809258658405770520739109421442206557280373219863379257966
0.0116167966106719655487398729454516326321295504701082795662882348374348070374599418211526109729226547264
0.0116167966106719655487398729454516326321295504701082795662882348374348070374599418211526109729226547264
0.0096310061504155755886602970047087526517735872666901154724001298483094353583789944366335417658283882161
0.0096310061504155755886602970047087526517735872666901154724001298483094353583789944366335417658283882161
0.007625555931201510611458269616610997816093412458301503806516608394487241229831284697756042583451079493
0.007625555931201510611458269616610997816093412458301503806516608394487241229831284697756042583451079493
0.0056045799278705948285359919336903817974836103786717380619213051247468854335588250455311662621059221537
0.0056045799278705948285359919336903817974836103786717380619213051247468854335588250455311662621059221537
0.00357241673939737260970374522850139634620145087435641737327660867362853167752319805921350201989341350452
0.00357241673939737260970374522850139634620145087435641737327660867362853167752319805921350201989341350452
0.00153597695279208407512940183774178973151449727548528822117483624038004527120888176300720202544060711637
0.00153597695279208407512940183774178973151449727548528822117483624038004527120888176300720202544060711637