0.03631239537581333828231514088241783318474130275516959654769662601898692637087046711524326233599875738079765893135401791807126507
0.03631239537581333828231514088241783318474130275516959654769662601898692637087046711524326233599875738079765893135401791807126507
0.03626450208420238743149195251996819829904458636348396597823426685719862982837450656719151652174633687084930714771020140852487
0.03626450208420238743149195251996819829904458636348396597823426685719862982837450656719151652174633687084930714771020140852487
0.03616877866860063758274495383107911863865891068867238423229849142209719430730244175023595575757814108375783931232756395061725
0.03616877866860063758274495383107911863865891068867238423229849142209719430730244175023595575757814108375783931232756395061725
0.036025351380935257710089561200275256555787368012606025838196908945516825893515158624220764172821132217703893022135410546915
0.036025351380935257710089561200275256555787368012606025838196908945516825893515158624220764172821132217703893022135410546915
0.0358344093909240557897794220892032494486863691465998231451404045624641691753748076381638058599973212470838988152191718789
0.0358344093909240557897794220892032494486863691465998231451404045624641691753748076381638058599973212470838988152191718789
0.035596204536575495590691148383978380243427109982206609265097895111459071910110424552866063806576123302575704197371899066
0.035596204536575495590691148383978380243427109982206609265097895111459071910110424552866063806576123302575704197371899066
0.03531105099203420508058471194549827284088039044788288534866353869052633708261914583190035166078313779677783798118805959
0.03531105099203420508058471194549827284088039044788288534866353869052633708261914583190035166078313779677783798118805959
0.0349793248532100993714131750870537665536692908007992730428976436960718270013123694276219743471824551623974974725940317
0.0349793248532100993714131750870537665536692908007992730428976436960718270013123694276219743471824551623974974725940317
0.03460146364173769225993440913724234745806232902715819952547061472105386914431126879575863758178997394167308256528662
0.03460146364173769225993440913724234745806232902715819952547061472105386914431126879575863758178997394167308256528662
0.0341779657279199046342381194826236549739805914956132281285071805131778520869612918984442392168926003999287217013907
0.0341779657279199046342381194826236549739805914956132281285071805131778520869612918984442392168926003999287217013907
0.033709389673417554864971536111016673741408151442101410649170801601594755906639776713608863453581941150021936730899
0.033709389673417554864971536111016673741408151442101410649170801601594755906639776713608863453581941150021936730899
0.03319635349455159712009034133746420177377553874269297041701001523931507135076600134137157316032165645670063938781
0.03319635349455159712009034133746420177377553874269297041701001523931507135076600134137157316032165645670063938781
0.0326395338471899219560986782670532170323091040227089687102236244076296145462432529825386005547261594731014646272
0.0326395338471899219560986782670532170323091040227089687102236244076296145462432529825386005547261594731014646272
0.03203966513429401611022834896945648915018126461412694156825869562380701705172580185448853599454441437543271104
0.03203966513429401611022834896945648915018126461412694156825869562380701705172580185448853599454441437543271104
0.031397538537302865558533224144757156639819851015222916831447677766027888104676835517685151648117160759512508
0.031397538537302865558533224144757156639819851015222916831447677766027888104676835517685151648117160759512508
0.030714000972632053183040049073360548554277336016344554794623915707571408765554809712591304662129676646636371
0.030714000972632053183040049073360548554277336016344554794623915707571408765554809712591304662129676646636371
0.02998995397466493249133848977965520999178809142476162149761371824082156450437461026320350843219198226994557
0.02998995397466493249133848977965520999178809142476162149761371824082156450437461026320350843219198226994557
0.029226352506709944583661496845225598958241286475347320162222606339287645353806596874497296435306194323268
0.029226352506709944583661496845225598958241286475347320162222606339287645353806596874497296435306194323268
0.0284242037014934947573124312298211188320881793443512899071897752733509281459171665046051423026400073114147
0.0284242037014934947573124312298211188320881793443512899071897752733509281459171665046051423026400073114147
0.027584565532851248387384202791359944746115004285628334104249712884055444313628262449931727283510780632142
0.027584565532851248387384202791359944746115004285628334104249712884055444313628262449931727283510780632142
0.02670854542037220957530674305209711495863961586826361869480929128658954188549163492276661307304253950702
0.02670854542037220957530674305209711495863961586826361869480929128658954188549163492276661307304253950702
0.0257972987688395354077711033170694206226818425830984696120093227792474233090263554407890243525055142041
0.0257972987688395354077711033170694206226818425830984696120093227792474233090263554407890243525055142041
0.024852027444399835918325828498475718160545469852183440711922666115553489598258757337550437246852362823
0.024852027444399835918325828498475718160545469852183440711922666115553489598258757337550437246852362823
0.02387397818947900497321741175784453597000024827807059287957209242321250894536916190868140442394648998
0.02387397818947900497321741175784453597000024827807059287957209242321250894536916190868140442394648998
0.0228644409785480064457728459328347326615083224987145672926638959153525895788665390868360203451225447
0.0228644409785480064457728459328347326615083224987145672926638959153525895788665390868360203451225447
0.0218247473169276278006842188158903135604484469430891030445209997056964798360847766916802495330124865
0.0218247473169276278006842188158903135604484469430891030445209997056964798360847766916802495330124865
0.0207562684849091427905816947459433612234544371049016095815452998396560518592552424273949062654950361
0.0207562684849091427905816947459433612234544371049016095815452998396560518592552424273949062654950361
0.019660413729562179807401996007952698893392436688464497876160710065990517892450631741110530901192099
0.019660413729562179807401996007952698893392436688464497876160710065990517892450631741110530901192099
0.018538628406709859206314722826007656755259543514172890507823155533649831630633811121074281118448711
0.018538628406709859206314722826007656755259543514172890507823155533649831630633811121074281118448711
0.01739239207569054238671964623846494035360891900448004833909177033532269157888498488373978897294625
0.01739239207569054238671964623846494035360891900448004833909177033532269157888498488373978897294625
0.01622321654972902258808360760538431906419884032830811920223555559594055419829145925322388086128873
0.01622321654972902258808360760538431906419884032830811920223555559594055419829145925322388086128873
0.01503264390508137868494518626120623857121883425869053994639072460321332615930905260822523213816528
0.01503264390508137868494518626120623857121883425869053994639072460321332615930905260822523213816528
0.0138222444527666708666481916995773101825878752060200951619254498085448868071364444015004571204606
0.0138222444527666708666481916995773101825878752060200951619254498085448868071364444015004571204606
0.0125936146780696978104092545424971057894429190199890995073353935325257781415279623975404998629643
0.0125936146780696978104092545424971057894429190199890995073353935325257781415279623975404998629643
0.0113483751561777039771665897513133594372480468314072366373815400698344726226939759840813576489647
0.0113483751561777039771665897513133594372480468314072366373815400698344726226939759840813576489647
0.010088168460386105654673028217243041348941756387306185907365696268290733698253165066656804886258
0.010088168460386105654673028217243041348941756387306185907365696268290733698253165066656804886258
0.0088146571019548157037820072424015783601667081605316943057332332434306034281643457741543771999189
0.0088146571019548157037820072424015783601667081605316943057332332434306034281643457741543771999189
0.007529521612194562606844895047886983987955724918206801647643797517473804883361840717324017222422
0.007529521612194562606844895047886983987955724918206801647643797517473804883361840717324017222422
0.0062344591391401234638869459198818513621884534839803414540353237286782034708040965387980211420891
0.0062344591391401234638869459198818513621884534839803414540353237286782034708040965387980211420891
0.0049311840969601036964215639608900658548714885682042256387817067593047788572456743670597707448934
0.0049311840969601036964215639608900658548714885682042256387817067593047788572456743670597707448934
0.0036214392496109014375557203935929244283254219438301438552264260372368288374218033571468423532103
0.0036214392496109014375557203935929244283254219438301438552264260372368288374218033571468423532103
0.0023070874888099029259678226741022732957951982032641192247246198740521483591794638486834162291287
0.0023070874888099029259678226741022732957951982032641192247246198740521483591794638486834162291287
0.00099164326662036352557758238293221754057739425134423927688721533918871357820382370781379116923611
0.00099164326662036352557758238293221754057739425134423927688721533918871357820382370781379116923611