0.056602976444560425440105761981244004038969150101599458894974395411768984044832969494120128768108370252862623466339167415842319748
0.0565123182497720014006583676351890541396881831582519156240435957656167734641828150815510166699803176856075200565201689061887114
0.0565123182497720014006583676351890541396881831582519156240435957656167734641828150815510166699803176856075200565201689061887114
0.05624063407108436802827908809019782727606125971386301467351620853765777444280734761403812032683923564784641688082278548463646
0.05624063407108436802827908809019782727606125971386301467351620853765777444280734761403812032683923564784641688082278548463646
0.0557887941952840871029360071099197146724675353885833223564795450397710852524881413140276517052862261508074251137582497003891
0.0557887941952840871029360071099197146724675353885833223564795450397710852524881413140276517052862261508074251137582497003891
0.05515824600250868759665113956066672143253063739720572710871928797674335380896701079393758527695864382545768296405168920357
0.05515824600250868759665113956066672143253063739720572710871928797674335380896701079393758527695864382545768296405168920357
0.0543510093299111020703221181537721488058133091086900951281147575082009116871787532669127724870383638358107853846526694156
0.0543510093299111020703221181537721488058133091086900951281147575082009116871787532669127724870383638358107853846526694156
0.053369670001605472723570515636097853727000063146682858353640217485500717715287311588507570209100629975589928035768166911
0.053369670001605472723570515636097853727000063146682858353640217485500717715287311588507570209100629975589928035768166911
0.0522173715456320845643935632812950099667420858053508794803154927326986552369742676873948703593698559587118867408909351
0.0522173715456320845643935632812950099667420858053508794803154927326986552369742676873948703593698559587118867408909351
0.050897805124493979224775274288083438821685540914671073776692944678702649848109203234944607779506594790659419736298471
0.050897805124493979224775274288083438821685540914671073776692944678702649848109203234944607779506594790659419736298471
0.04941519771155173948075853901603927568188155532831528744410563292139028974955082127921754423190285019960966853530113
0.04941519771155173948075853901603927568188155532831528744410563292139028974955082127921754423190285019960966853530113
0.0477742985512006955500367147160559256338183071442882367978224811298264210845814002798431435170261673993178061498364
0.0477742985512006955500367147160559256338183071442882367978224811298264210845814002798431435170261673993178061498364
0.045980363946283838103904860872074668122111154090862040501938219025109696501943379782344167174668110695615158469341
0.045980363946283838103904860872074668122111154090862040501938219025109696501943379782344167174668110695615158469341
0.04403914042160658989516808565329287313462904494529047512893953712297577790636604486173824680629124971603657727679
0.04403914042160658989516808565329287313462904494529047512893953712297577790636604486173824680629124971603657727679
0.04195684631771876239520731669214412257656635822077835229273424789883446716921324477130759698383571747770664224005
0.04195684631771876239520731669214412257656635822077835229273424789883446716921324477130759698383571747770664224005
0.0397401518743371796094638319033998358680268513816859788079298903387979262340246437162605348610141824226289955232
0.0397401518743371796094638319033998358680268513816859788079298903387979262340246437162605348610141824226289955232
0.037396157867965545282915598582457549515103401503920990974026624848172021153751477832230950626776329738870761392
0.037396157867965545282915598582457549515103401503920990974026624848172021153751477832230950626776329738870761392
0.03493237287358988740726822680270648797428746128966276201367537046896181129944027509701790591978311091716312318
0.03493237287358988740726822680270648797428746128966276201367537046896181129944027509701790591978311091716312318
0.03235668922618583168470559187577686575766839503119350412479536583413782687329414586479903381842035018392272805
0.03235668922618583168470559187577686575766839503119350412479536583413782687329414586479903381842035018392272805
0.0296773577651610412212965061868853602298586405943297350743064074989486916566343048033493473209844928732186699
0.0296773577651610412212965061868853602298586405943297350743064074989486916566343048033493473209844928732186699
0.0269029614563962706671200286537790971433766611326800207354251174768952772722473586989653199151199621752457681
0.0269029614563962706671200286537790971433766611326800207354251174768952772722473586989653199151199621752457681
0.0240423880097256220077915729286034584992461505618308090927745505066101710631049396262751215460917209772807484
0.0240423880097256220077915729286034584992461505618308090927745505066101710631049396262751215460917209772807484
0.021104801668016454120209305623698334480934374061917051418172642630517410927503172221663575041582038169042706
0.021104801668016454120209305623698334480934374061917051418172642630517410927503172221663575041582038169042706
0.018099614520729062407968202643412230402778494537552972132224896796669116677150715639245527560534129716006151
0.018099614520729062407968202643412230402778494537552972132224896796669116677150715639245527560534129716006151
0.015036458333511788213150898901937281711822249499535817582157702574141261723086950160318069466693903179102509
0.015036458333511788213150898901937281711822249499535817582157702574141261723086950160318069466693903179102509
0.011925160719848612170752553157589888292640347447988949214417422706364316009843423985118862892221654520072629
0.011925160719848612170752553157589888292640347447988949214417422706364316009843423985118862892221654520072629
0.008775746107058528177389600683317838164456440760695935196171991323666988781625127047773969476706739005419404
0.008775746107058528177389600683317838164456440760695935196171991323666988781625127047773969476706739005419404
0.0055986322665607673540834168718598572451512952416667599970618743370212348836615028432017475417801098170871469
0.0055986322665607673540834168718598572451512952416667599970618743370212348836615028432017475417801098170871469
0.00240832361997978881917019348912527870416962754170570552231077713018287955456573616095507610043312781973042905
0.00240832361997978881917019348912527870416962754170570552231077713018287955456573616095507610043312781973042905