0.11832141527926227651637108570046868464989027082890531809432019937962069474956286824085621406728141832732347878258341978863578555
0.11832141527926227651637108570046868464989027082890531809432019937962069474956286824085621406728141832732347878258341978863578555
0.116660443485296582044662507540362213631964881221924216460162697211265665928319726512696339645002059417577132130491198043365979
0.116660443485296582044662507540362213631964881221924216460162697211265665928319726512696339645002059417577132130491198043365979
0.1133618165463196665494407184425981452459503629250152139882879298874891065645794544926484529358517517779488130046388419714857
0.1133618165463196665494407184425981452459503629250152139882879298874891065645794544926484529358517517779488130046388419714857
0.108471840528576590656579426727997582289438203421306644529605708609461399272905583969431591520651045187628565154539441429252
0.108471840528576590656579426727997582289438203421306644529605708609461399272905583969431591520651045187628565154539441429252
0.10205916109442542323841407025343079232720881135424201033187381940865266880547400257069181429816862125694049954790582069371
0.10205916109442542323841407025343079232720881135424201033187381940865266880547400257069181429816862125694049954790582069371
0.0942138003559141484636648830673031985491657459142072798633149023680344992834542113333221054489469876856820456772268091506
0.0942138003559141484636648830673031985491657459142072798633149023680344992834542113333221054489469876856820456772268091506
0.085045894313485239210447765079981696583920316776678276186056181419987792015305528182286577687707785243533656284001404579
0.085045894313485239210447765079981696583920316776678276186056181419987792015305528182286577687707785243533656284001404579
0.074684149765659745887075796102848338638747161881040680779030841742819630809377462966753041392788873410650813150333202939
0.074684149765659745887075796102848338638747161881040680779030841742819630809377462966753041392788873410650813150333202939
0.0632740463295748355394536899070450957222228420126945106660958866079883917122760276618460691594827069104030137659167451
0.0632740463295748355394536899070450957222228420126945106660958866079883917122760276618460691594827069104030137659167451
0.05097582529714781199831990072407337952587931854297193482383768599941731245003164518936461946006092912521292982331442206
0.05097582529714781199831990072407337952587931854297193482383768599941731245003164518936461946006092912521292982331442206
0.03796238329436276395030314124885049469077042174404895767531182465280790041633584788183028599657115043224776352869675637
0.03796238329436276395030314124885049469077042174404895767531182465280790041633584788183028599657115043224776352869675637
0.0244178510926319087896158275197884002404959261972703420520468950756917156988678896538281853633560265624400961257155257
0.0244178510926319087896158275197884002404959261972703420520468950756917156988678896538281853633560265624400961257155257
0.010551372617343007155651187685251977904345737179694614550055427636763222293509751344444703024130644662411193024636412175
0.010551372617343007155651187685251977904345737179694614550055427636763222293509751344444703024130644662411193024636412175