0.27292508677790063071448352833634218915604196989478374759760041145322530603915885301166686448071729457010842292227573612854998136
0.262804544510246662180688869890509195372764677603144556380055371485512803339545253552416997017026705959132335234890568593081566
0.262804544510246662180688869890509195372764677603144556380055371485512803339545253552416997017026705959132335234890568593081566
0.23319376459199047991852370484317513943179817231695850902731972212193221321888099595403994843826168441655110919167873181129202
0.23319376459199047991852370484317513943179817231695850902731972212193221321888099595403994843826168441655110919167873181129202
0.1862902109277342514260976414316558916912847480402034117815064041738723480087855024693307585179795861311009645389663354315618
0.1862902109277342514260976414316558916912847480402034117815064041738723480087855024693307585179795861311009645389663354315618
0.1255803694649046246346942992239401001976157913954035006639340108179145751324712776346876417140545303978650585450845219359841
0.1255803694649046246346942992239401001976157913954035006639340108179145751324712776346876417140545303978650585450845219359841
0.0556685671161736664827537204425485787285156256968981483483842856741554072807375438836912220723188458102963210282419741638055
0.0556685671161736664827537204425485787285156256968981483483842856741554072807375438836912220723188458102963210282419741638055