0.04001146511842048298877858857439600598888252314891775476152120294263257735073003431971054911984011051729386771987889759935335147
0.04001146511842048298877858857439600598888252314891775476152120294263257735073003431971054911984011051729386771987889759935335147
0.039947390369088024879304889575453426531374769031924695264972791318245837147901567240047789435740415729060956297192154609869554
0.039947390369088024879304889575453426531374769031924695264972791318245837147901567240047789435740415729060956297192154609869554
0.03981934348036408922503175577921794685115761381521164459049348030420452242960481499425646690760940668062799015991042513532506
0.03981934348036408922503175577921794685115761381521164459049348030420452242960481499425646690760940668062799015991042513532506
0.039627529507810542956393493219690473626305263737843516347483793219018630445889421738172581102039748099322221125494477417465
0.039627529507810542956393493219690473626305263737843516347483793219018630445889421738172581102039748099322221125494477417465
0.03937225562423312193722026433731002698741949273411048771006961522004438632567994102573402535004038981127402000592306509193
0.03937225562423312193722026433731002698741949273411048771006961522004438632567994102573402535004038981127402000592306509193
0.039053930627773413147311365491204267324512509626008760268394772222198914539866847057089414423887920801435313612196438818
0.039053930627773413147311365491204267324512509626008760268394772222198914539866847057089414423887920801435313612196438818
0.03867306428725767400389555812699529936785248558322429940033403629659360602030220317140418664602612946342135583889307507
0.03867306428725767400389555812699529936785248558322429940033403629659360602030220317140418664602612946342135583889307507
0.0382302665258509876496202526172822796352034973834222676537893490628937284730564192844451276037374449252569112791594822
0.0382302665258509876496202526172822796352034973834222676537893490628937284730564192844451276037374449252569112791594822
0.03772624644432424786429014780182037475716581061405813389482047099288301628657865556705604104924721010374040005894526
0.03772624644432424786429014780182037475716581061405813389482047099288301628657865556705604104924721010374040005894526
0.0371618111854983868506709980378933162373427217042078583088579156145746739340232867559899945841599053146573619923164
0.0371618111854983868506709980378933162373427217042078583088579156145746739340232867559899945841599053146573619923164
0.036537864641684700648192350756317617147598485930181400360654378953093597715200462365437403165368443590164138551206
0.036537864641684700648192350756317617147598485930181400360654378953093597715200462365437403165368443590164138551206
0.03585540600719169544500572678336889691428677978221302084225997731996736094706587813854911260179647000486941624225
0.03585540600719169544500572678336889691428677978221302084225997731996736094706587813854911260179647000486941624225
0.0351155281782171894748800556622834607733186012713120571585855719326697713659252546953085994719267858566906690541
0.0351155281782171894748800556622834607733186012713120571585855719326697713659252546953085994719267858566906690541
0.03431941600268909029029179962630795098652611602185287597962484120692954826975164446508689269048969839244147926
0.03431941600268909029029179962630795098652611602185287597962484120692954826975164446508689269048969839244147926
0.03346834438285897797298144103841452853562927307488050320464184969748136441550856218862752892204509506667965368
0.03346834438285897797298144103841452853562927307488050320464184969748136441550856218862752892204509506667965368
0.0325636762336890444080555599027974425902355970815539762282412849597776672048581180833162369329204940693717575
0.0325636762336890444080555599027974425902355970815539762282412849597776672048581180833162369329204940693717575
0.031606860300304797738882756191676392036038552515847918490629020334363020684411403499873312785554921314740957
0.031606860300304797738882756191676392036038552515847918490629020334363020684411403499873312785554921314740957
0.03059942883801304528943320414491590820568704915143422644408068371316777296079551922224983116667141042823961
0.03059942883801304528943320414491590820568704915143422644408068371316777296079551922224983116667141042823961
0.0295429951586069464116200712056021360539832865795945261712410139049875097555873128792664634518995901144787
0.0295429951586069464116200712056021360539832865795945261712410139049875097555873128792664634518995901144787
0.028439251046897516262390496186268784822588992385447397362933568455324483526656103448215271565754166311495
0.028439251046897516262390496186268784822588992385447397362933568455324483526656103448215271565754166311495
0.027289964051624364864564237543323259202201836862106654502922458840041681432331208407928918626225721830794
0.027289964051624364864564237543323259202201836862106654502922458840041681432331208407928918626225721830794
0.02609697465510883502983369618011277252393466600302261030575664017115553050017872896376864368109746876188
0.02609697465510883502983369618011277252393466600302261030575664017115553050017872896376864368109746876188
0.0248621933262224507614434434368462294655676760097824622511819821116824612176028273952830302666544609175
0.0248621933262224507614434434368462294655676760097824622511819821116824612176028273952830302666544609175
0.0235875974614574720964513735150647092999436702146966059326704863402365945321005115815443481948756660009
0.0235875974614574720964513735150647092999436702146966059326704863402365945321005115815443481948756660009
0.022275228219113886763050474708121723322754271301592315945370692376977860220497664404639953765558216206
0.022275228219113886763050474708121723322754271301592315945370692376977860220497664404639953765558216206
0.020927187251877726785378097643045960657927626878612092824032408978425467511290035879323269576046575269
0.020927187251877726785378097643045960657927626878612092824032408978425467511290035879323269576046575269
0.01954563334339992337791787244891435941945364742062746866733615120121306606597901712443523883639334849
0.01954563334339992337791787244891435941945364742062746866733615120121306606597901712443523883639334849
0.01813277895498232864440636780727233886043105409992138070741182050369645854425243612782583944155672937
0.01813277895498232864440636780727233886043105409992138070741182050369645854425243612782583944155672937
0.01669088668934389186621236085087066215361660703250349618701652311454034624283661783703085333895306647
0.01669088668934389186621236085087066215361660703250349618701652311454034624283661783703085333895306647
0.0152222656801784516933155697645156962223566814739783677260293380989350571453569294872486270291678659
0.0152222656801784516933155697645156962223566814739783677260293380989350571453569294872486270291678659
0.0137292679201441483937267274710523928467454125999486963375363718687290314865065734754512812241349451
0.0137292679201441483937267274710523928467454125999486963375363718687290314865065734754512812241349451
0.012214284549789886397682836293063827482439937131592186349691991212070297710802495209569107757359155
0.012214284549789886397682836293063827482439937131592186349691991212070297710802495209569107757359155
0.010679742157481113353515913108222570326234356013811918609686960934705720081922290019076673520652103
0.010679742157481113353515913108222570326234356013811918609686960934705720081922290019076673520652103
0.0091280992272550872769423553615880674721539844168104786473984519084116602549682102316489536331125787
0.0091280992272550872769423553615880674721539844168104786473984519084116602549682102316489536331125787
0.0075618431894397188269781460128243044516714648096299783321173652191270081329334110185333987488432225
0.0075618431894397188269781460128243044516714648096299783321173652191270081329334110185333987488432225
0.005983489944440407989648737835098195402364346649149524211800165908569356707379490339373419819046403
0.005983489944440407989648737835098195402364346649149524211800165908569356707379490339373419819046403
0.004395596039460346742738185180747463925828390825645274601809818132797971378973382862591943615789405
0.004395596039460346742738185180747463925828390825645274601809818132797971378973382862591943615789405
0.0028008688118386304116129563286264768557907662662413179441559332537077599028136816430171313161411031
0.0028008688118386304116129563286264768557907662662413179441559332537077599028136816430171313161411031
0.00120402456606735328032987345147245473547418281707984947244482215392468113188103785187253863163620889
0.00120402456606735328032987345147245473547418281707984947244482215392468113188103785187253863163620889