0.169142382963143591840656470134986610334105819370343880269875191549059444191554642170920914039778153588223628785809602265199111
0.169142382963143591840656470134986610334105819370343880269875191549059444191554642170920914039778153588223628785809602265199111
0.164276483745832722986053776465927590412338953997352953244496970911648421845208007755363757747060489028464811350954504199364473
0.164276483745832722986053776465927590412338953997352953244496970911648421845208007755363757747060489028464811350954504199364473
0.1546846751262652449254180038363747721932183962673541726666419147277828692306437303123469238522236810610823138635759151314465
0.1546846751262652449254180038363747721932183962673541726666419147277828692306437303123469238522236810610823138635759151314465
0.140642914670650651204731303751947228095502410330972559883456195260465586927749897030662769026913321565560820021727577068554
0.140642914670650651204731303751947228095502410330972559883456195260465586927749897030662769026913321565560820021727577068554
0.12255520671147846018451912680020155522816389733343909716725351365405743959940368183819721992504101490071677084558101654868
0.12255520671147846018451912680020155522816389733343909716725351365405743959940368183819721992504101490071677084558101654868
0.10094204410628716556281398492483460706280113888767890161037453665565079738049852335245063871134045112359184237054141329431
0.10094204410628716556281398492483460706280113888767890161037453665565079738049852335245063871134045112359184237054141329431
0.07642573025488905652912967761663652560531790620835828744952137923441000729179297934176510267839615563867550943773712506247
0.07642573025488905652912967761663652560531790620835828744952137923441000729179297934176510267839615563867550943773712506247
0.04971454889496979645333494620263864168086624612891020224630430786557234329580341629504137094937553639015781091237610722462
0.04971454889496979645333494620263864168086624612891020224630430786557234329580341629504137094937553639015781091237610722462
0.021616013526483310313342710266452469387685231475589945462075990141353090237345121903251303069871196703526492411696739205355
0.021616013526483310313342710266452469387685231475589945462075990141353090237345121903251303069871196703526492411696739205355