0.04105703691622942259325971387916473083126651809226048792107057754423454322887900635210090942510381981469614640843076932133977351
0.04105703691622942259325971387916473083126651809226048792107057754423454322887900635210090942510381981469614640843076932133977351
0.040987805464793951541308403154628223611543895667840152963025722763079530323580710782552693558452925528517302704304146113680288
0.040987805464793951541308403154628223611543895667840152963025722763079530323580710782552693558452925528517302704304146113680288
0.04084945930182849228039179624220680074759182704133825707375910080995851161894790352964294365992773705921140291093375858102516
0.04084945930182849228039179624220680074759182704133825707375910080995851161894790352964294365992773705921140291093375858102516
0.040642231710294738777454968858979548967553887730742636759011477755537950645839849775659575893825080225740318456471339438067
0.040642231710294738777454968858979548967553887730742636759011477755537950645839849775659575893825080225740318456471339438067
0.04036647212284402315409562284706618884172531311300322957639956052667764937659061887951156694928760923904358284100722753256
0.04036647212284402315409562284706618884172531311300322957639956052667764937659061887951156694928760923904358284100722753256
0.040022645532596826116461731721144448245942488014920092316302402927967394268362745236418889038169836938823990539024036515
0.040022645532596826116461731721144448245942488014920092316302402927967394268362745236418889038169836938823990539024036515
0.0396113317090620584231467148482992630473626597807149709546004743548997646209246014282084281132003975602390745114810854
0.0396113317090620584231467148482992630473626597807149709546004743548997646209246014282084281132003975602390745114810854
0.0391332242205184407675074994579122224899896642862802507660654232864917252540679269403871785648409829441520332472808973
0.0391332242205184407675074994579122224899896642862802507660654232864917252540679269403871785648409829441520332472808973
0.03858912926450673834292119833645553125331441178726959581368517208438628609618685824072887582615789591157859411131556
0.03858912926450673834292119833645553125331441178726959581368517208438628609618685824072887582615789591157859411131556
0.0379799643084052831952353322096981090267544912096844133274668420604397650132835772150409933577345874129656393279451
0.0379799643084052831952353322096981090267544912096844133274668420604397650132835772150409933577345874129656393279451
0.037306756542381609827567163361712325752947246455274132474319858860368061772171676658837654896731562606169693177166
0.037306756542381609827567163361712325752947246455274132474319858860368061772171676658837654896731562606169693177166
0.03657064114732961700724404959908405081491436167005787638817521006459914816756733925972024830611858451241380175812
0.03657064114732961700724404959908405081491436167005787638817521006459914816756733925972024830611858451241380175812
0.0357728593807139475277793793588240289649039559440597077466769194659735940104011633693220392799165399533790548147
0.0357728593807139475277793793588240289649039559440597077466769194659735940104011633693220392799165399533790548147
0.034914756483550767444125402107397614246980309248250204592635231953426322578629001989516938755667147870832526063
0.034914756483550767444125402107397614246980309248250204592635231953426322578629001989516938755667147870832526063
0.03399777941205638084674247475825662142884849549333817300390615952522077407714837741977322088874009218811750069
0.03399777941205638084674247475825662142884849549333817300390615952522077407714837741977322088874009218811750069
0.0330234743977917410065415326955970304738119743107038295532579489975050540164127571212964827679779255105720699
0.0330234743977917410065415326955970304738119743107038295532579489975050540164127571212964827679779255105720699
0.031993484340421600068535178861413640792566831628145341192142713742442472381470629897187153291635615620999907
0.031993484340421600068535178861413640792566831628145341192142713742442472381470629897187153291635615620999907
0.03090954603749159538993691525554728324307401908517368949239299537973696506317037744938369034780711776349476
0.03090954603749159538993691525554728324307401908517368949239299537973696506317037744938369034780711776349476
0.0297734872559050409567073546644355294330262069652330742017160892330663308347319422089396171128187619319709
0.0297734872559050409567073546644355294330262069652330742017160892330663308347319422089396171128187619319709
0.0285872236500540037739750531785686993149482155836772934372997257434394720159166291051106632228141591810217
0.0285872236500540037739750531785686993149482155836772934372997257434394720159166291051106632228141591810217
0.027352755531827521674152447861561345219957780096044538076369387347856381265663851676039200658086523805026
0.027352755531827521674152447861561345219957780096044538076369387347856381265663851676039200658086523805026
0.02607216449798598352427454096390647886689700428158524971591917508061963658086046773779671593026987695856
0.02607216449798598352427454096390647886689700428158524971591917508061963658086046773779671593026987695856
0.02474760992065967164326446334459180542189967394640634149894299810010830982703321628604608920622759556766
0.02474760992065967164326446334459180542189967394640634149894299810010830982703321628604608920622759556766
0.0233813253070111866224797045206482399256530219787108646768664207139176869608301948306651338380759289043
0.0233813253070111866224797045206482399256530219787108646768664207139176869608301948306651338380759289043
0.0219756145344162491680130548022530279660278846225831549304072492193412814486957425450691608549032818006
0.0219756145344162491680130548022530279660278846225831549304072492193412814486957425450691608549032818006
0.02053284796790802109297505182020672180020423569965538239845126833874618481808709853970746400177771979
0.02053284796790802109297505182020672180020423569965538239845126833874618481808709853970746400177771979
0.019055458467190582806802261170351301515322265594395086192851945940287115928162801150911895901353112119
0.019055458467190582806802261170351301515322265594395086192851945940287115928162801150911895901353112119
0.01754593729147423095419969048274378629543891478516471981791351865413252194146360968637352675904248748
0.01754593729147423095419969048274378629543891478516471981791351865413252194146360968637352675904248748
0.01600682991224857088851022731129438020992206934848131978570938145638717458799978975880648676375010373
0.01600682991224857088851022731129438020992206934848131978570938145638717458799978975880648676375010373
0.01444073174827667993988978172425366887303429953354638622041028269798349268076800633130958020973120998
0.01444073174827667993988978172425366887303429953354638622041028269798349268076800633130958020973120998
0.01285028384751014494492536681582105951019179980645487634076278647628635143238075438144970144944065191
0.01285028384751014494492536681582105951019179980645487634076278647628635143238075438144970144944065191
0.0112381685696676872396749095312965106048416923974066905876227960867635266355443201724775401333397711
0.0112381685696676872396749095312965106048416923974066905876227960867635266355443201724775401333397711
0.0096071054147137540824043426600492757993402080848916601553223373352875090785497917591567100377447596
0.0096071054147137540824043426600492757993402080848916601553223373352875090785497917591567100377447596
0.0079598474772397346211188086293473806107190978541944261360531631855694926433908799706524411493425635
0.0079598474772397346211188086293473806107190978541944261360531631855694926433908799706524411493425635
0.0062991804973284458665734202403158653317895196449734472178907334815596832801130068319647310153904498
0.0062991804973284458665734202403158653317895196449734472178907334815596832801130068319647310153904498
0.00462793522803742132612861437639171175052899443698676735140955092672228348424558729462886710565213503
0.00462793522803742132612861437639171175052899443698676735140955092672228348424558729462886710565213503
0.00294910295364247490039336895170898332446101941350172450864756764533484357346079310311416174724057846
0.00294910295364247490039336895170898332446101941350172450864756764533484357346079310311416174724057846
0.001267791634085359663282459396866565444703745367049954834539830233645208468466395084490829981702870766
0.001267791634085359663282459396866565444703745367049954834539830233645208468466395084490829981702870766