0.03470797248895005792046013412440782284296743441334758393004376308716328624910038555090368398447187023722495091669066166168532375
0.03470797248895005792046013412440782284296743441334758393004376308716328624910038555090368398447187023722495091669066166168532375
0.034666152085688240188272308521948073209460159482684001117160880055599211574553442408018302655937525873913414902938528392705496
0.034666152085688240188272308521948073209460159482684001117160880055599211574553442408018302655937525873913414902938528392705496
0.03458256166949689141805379730840532368387527008361770672764485334994583045506943319147555112749053618497029192146992104569815
0.03458256166949689141805379730840532368387527008361770672764485334994583045506943319147555112749053618497029192146992104569815
0.034457301960324256174595638704569536322492773237564424936956721889701844590064332667824965926675128864235118661596090217392
0.034457301960324256174595638704569536322492773237564424936956721889701844590064332667824965926675128864235118661596090217392
0.03429052388637504193169730502814407775646627800101618990458942357993395304087585999615725158535311103078729250610199042404
0.03429052388637504193169730502814407775646627800101618990458942357993395304087585999615725158535311103078729250610199042404
0.034082428402253995463605021759988284132234984287141659499161378934895532984501685660770904235641933212820725405671296462
0.034082428402253995463605021759988284132234984287141659499161378934895532984501685660770904235641933212820725405671296462
0.03383326624683168725792750824648835783410804335422623850899457893893625878735527604712882323611004083734205805815743539
0.03383326624683168725792750824648835783410804335422623850899457893893625878735527604712882323611004083734205805815743539
0.0335433376411242766829331069386480136080141608377020991652773252088690763946236779154873279641181382032983065444366615
0.0335433376411242766829331069386480136080141608377020991652773252088690763946236779154873279641181382032983065444366615
0.03321299192655131651404082908657951053280886527196894243013169284389213014853177424782125903503809687008169433233338
0.03321299192655131651404082908657951053280886527196894243013169284389213014853177424782125903503809687008169433233338
0.0328426271440075045786302847995380084443702081107652868537709663439305536699631061998513795380027392230313456268984
0.0328426271440075045786302847995380084443702081107652868537709663439305536699631061998513795380027392230313456268984
0.032432689554255616911789544051550198821346778287873066926137930657393712719183519284387761991419730890595378533198
0.032432689554255616911789544051550198821346778287873066926137930657393712719183519284387761991419730890595378533198
0.03198367310021857603945597543544486131267266947092239210363102643570989839654253062346858848466700957827450576751
0.03198367310021857603945597543544486131267266947092239210363102643570989839654253062346858848466700957827450576751
0.0314961188118186360769579304529577022146495221476710394658385456583241821878308631642567101492751144561742733969
0.0314961188118186360769579304529577022146495221476710394658385456583241821878308631642567101492751144561742733969
0.03097061415408092094593660491803681066873582794613653445780333688487384403699542391264604702892167263123798359
0.03097061415408092094593660491803681066873582794613653445780333688487384403699542391264604702892167263123798359
0.0304077923192869526903943309389610462462739971488387172800056412045449469660921906635231165767052012637109453
0.0304077923192869526903943309389610462462739971488387172800056412045449469660921906635231165767052012637109453
0.029808331464031275487147835458279810798148558042053080483925200283357578399653001604351338171979536176886064
0.029808331464031275487147835458279810798148558042053080483925200283357578399653001604351338171979536176886064
0.02917295389210074248655799063016158871034734703059046112283694421267729672276443540038963353791104859758501
0.02917295389210074248655799063016158871034734703059046112283694421267729672276443540038963353791104859758501
0.0285024251841614163187553339309557944885986626216237180632612693071427668334968937965562005869657556958109
0.0285024251841614163187553339309557944885986626216237180632612693071427668334968937965562005869657556958109
0.027797553275302275158038649777360197525125091212053728682716386389005080345878031393009251682826192898356
0.027797553275302275158038649777360197525125091212053728682716386389005080345878031393009251682826192898356
0.02705918748154795852161423544965209115338161478959322133513876055300623546586380365359903209932300356264
0.02705918748154795852161423544965209115338161478959322133513876055300623546586380365359903209932300356264
0.02628821747651458736159588829732374056145538768813671593223634204952713343297523747631841929634297163817
0.02628821747651458736159588829732374056145538768813671593223634204952713343297523747631841929634297163817
0.025485572219443228484467320747637061484795408523500536532951818637666843311749092470163101841911845281
0.025485572219443228484467320747637061484795408523500536532951818637666843311749092470163101841911845281
0.024652218835904852935966062062970488710445484215638138328174160221835269935748412988605960781176085833
0.024652218835904852935966062062970488710445484215638138328174160221835269935748412988605960781176085833
0.02378916145252872321010088444713216319036592044677704235270265345892384340998661738500819763963296204
0.02378916145252872321010088444713216319036592044677704235270265345892384340998661738500819763963296204
0.02289743998716318463498863898883293679736496420127008386508937472859233023525976208807469315010356958
0.02289743998716318463498863898883293679736496420127008386508937472859233023525976208807469315010356958
0.0219781288959341338386918188398510663651080119436177560924370392024738787497870567419588328006677061
0.0219781288959341338386918188398510663651080119436177560924370392024738787497870567419588328006677061
0.021032335878722563117062319621424460197758004258622551375582458960610977992920539865636286484737278
0.021032335878722563117062319621424460197758004258622551375582458960610977992920539865636286484737278
0.020061200544639595964532472614240155749536707727755420644623232805813571463213555011104482508861515
0.020061200544639595964532472614240155749536707727755420644623232805813571463213555011104482508861515
0.01906589303913731842532353012626483352149000660143800751081378618433374976208679271367304208366564
0.01906589303913731842532353012626483352149000660143800751081378618433374976208679271367304208366564
0.01804761263446023616404970739191416682804473753582526243015244306940733663733801590171297789858682
0.01804761263446023616404970739191416682804473753582526243015244306940733663733801590171297789858682
0.0170075862852226757093973341213835670672606407841280678316362805552761025446961437427020147768798
0.0170075862852226757093973341213835670672606407841280678316362805552761025446961437427020147768798
0.0159470671510066390132068013372140191697474780560639887585758599088340240537076400173089415444257
0.0159470671510066390132068013372140191697474780560639887585758599088340240537076400173089415444257
0.014867333088043324050384579789600247494713053214615591053705446902553799917901732560832095525091
0.014867333088043324050384579789600247494713053214615591053705446902553799917901732560832095525091
0.013769685112337093430751403629405518669753359522209947583866879232937215225345672321870098381894
0.013769685112337093430751403629405518669753359522209947583866879232937215225345672321870098381894
0.012655445837168128868876023941617437157830025894770278749355795687364917078056169571980560314958
0.012655445837168128868876023941617437157830025894770278749355795687364917078056169571980560314958
0.011525957889148058850593763179488323303070005720976099953672524179464958834337230080749998078614
0.011525957889148058850593763179488323303070005720976099953672524179464958834337230080749998078614
0.0103825823098932146138077066652438224225600426103104291253570475226023936010828129471524556157
0.0103825823098932146138077066652438224225600426103104291253570475226023936010828129471524556157
0.00922669695774199094031969838235662153404088446166004770491977322311091524051756454405708708932
0.00922669695774199094031969838235662153404088446166004770491977322311091524051756454405708708932
0.00805969494462001565867178776568157549821365563090271352519413855571454184755805861900525036517
0.00805969494462001565867178776568157549821365563090271352519413855571454184755805861900525036517
0.00688298320846328431473007048696900552589278179463065836181413883249431428926773849982219642757
0.00688298320846328431473007048696900552589278179463065836181413883249431428926773849982219642757
0.00569798156074735260084782204535913539752522221338541358326217729687670589017742030781465037112
0.00569798156074735260084782204535913539752522221338541358326217729687670589017742030781465037112
0.00450612361367497786413799637464266160768424776908905654991923600190027156757843348998274437889
0.00450612361367497786413799637464266160768424776908905654991923600190027156757843348998274437889
0.00330886724333601819543178369482621426975329077016628103674750552926740455936758838751806925823
0.00330886724333601819543178369482621426975329077016628103674750552926740455936758838751806925823
0.002107778774526329891475705677866799551191756172309896328274482576584358514962253402939463054923
0.002107778774526329891475705677866799551191756172309896328274482576584358514962253402939463054923
0.0009059323712148330937245142086768676183206764648099217939087788569299219354387914823812507327106
0.0009059323712148330937245142086768676183206764648099217939087788569299219354387914823812507327106