3.761495044310861175269489413789001338553328394391628074407633244540629564727739699035803030735385030528329597387316600122959685e-6
0.000015042341173720380097180604343398109315949343238755631684920718624330347143667821733483198644232162048589723125392711346005529078
0.00003383162489816025020237554207485331769316247358260422865989140684281768538196270869742114945356230291042198892934240336223090841
0.00006011116879911372747257132589421219877198208321520312592672512123335671069925772805502281945423833408359680743165276208249047726
0.00009385554911509407542080995946843808618889778061114236627114034158069137215649402950870771495519695080955946608419649966827453937
0.00013503212033749183590401938601458017582429074570420240443184236937154665563333651651928899402957857321335836822735236018370298133
0.00018360104679299603202498713091468482082025973031785543222835730521024293132895438690352335205787182970541811266504063159947189179
0.00023951534118203535032827605909806502359781010080449112189172416621590383866257960392573270287695662397925752963513636477049266609
0.00030272091003595584941207309093697827501119105846652185276822667289484547404327047003374241028989352243220993084543905666008247154
0.0003731566060489583113281689759734483449967654449401682602681843074305870729834870233735471307493612854207832193766485496549828926
0.000450754287234167466187182375222787144475294572615985530867850127859378985892032642982441584744301308722417208063448586191698224
0.0005354388828466034135283854349088240509531923988034622723964209938266448853515703507930845785267877266617203853222009042216845787
0.0006271284660092790231715682313598614932662849017573026784758122732132945158868654492163233571945409322346943628468537911308982193
0.000725734332972162256797758848374890534854194341990540282519333164798690117707706489792324640707518987845297433561992428346971056
0.0008311610889273254830716003933605713205765419552938062467071577660775761234285572682306528441012820099074095403560504754802932977
0.000943306740297261171626558999122844299362743154311498310043640746496688763200246054554363497000944923011107926283657644350181999
0.0010620627934070809808254099661879755776465500546104160242505773865315658280293159098585634155202664640654168674244978332220613426
0.0011873143594451392593215443382009290689783671443463588676915443761980272743133220240442585272055554795865924415848667382309834135
0.0013189402656105383369577381444046138417137453023114833803916361771642383509578953078422553575629772933917260325882380420878649749
0.0014568131723399875719812683487948557632657304419288234047336805655210926472495086342588738272121043352899886421137025904441233596
0.0016007996965006067394238613629043743993120708076539958182583087774640015895643186907961317554152486701441665361172327123387057407
0.0017507605404294926796492899254162023431634012105977426788946076222444471572135503757174620969826723160047184992318395151933103952
0.0019065506266952117602244407835136944456867742404089165952131889916605375876171707603933129471528979447292249156812947373120834071
0.0020680192384508451105900052972804922018596993558503005345526965533755706714230934800565290763972377566805043572911014783090289671
0.0022350101652428041228239722605256068520711724640705954158414113363353174780880672334294888499415368581840371868997583341843960094
0.0024073618541343556064139940805008919014839536687103648648583151368480596060019934274133943368076073333146747852286208100033937005
0.0025849075659976543466095253055506542955926597899557232158145071207829913788577325401203765954802267584242628166568144747732881395
0.0027674755368230806188144278396915684794196445238602402100163021113504211301716425139932823087044416227190511475179612261963306984
0.0029548891438898262929732715486543647232353412247080644480107598487327076461945355097454102412003793333524821438725893854303408
0.0031469670766369702178525029590059525707961228022331679674207784048907962560258679543611085447991373607186133995804596872870452263
0.0033435235120697361553156439183965652900927072947347262046134827542765186045632524102786705278295018536707788433171732802224283748
0.003544368294531239038474684414277218504095639104535059932317287556586952133371057590739874389171360239041890479129914560706783638
0.003749307119665801999587077234906319908247430748183548638274250152756497509008440314976539795146301054205679136256911865343389194
0.003958141722395871539556319826473126419000833878177054764804567523530268144733243497220412057011535368419041606607619545943008645
0.004170670068730675313906233801655746329946446044063596633332905313171843224676048977173327571876112609129338029355541833068413553
0.004386686551221060046586787930487289631837608318908610356076379627194840584025019169770754072390250115041082567946348984576552637
0.004605982187871419639180443767059437360906823430510034891862394146265700211995038694312422405342084628049680418677414523864574586
0.004828344824316279031586583718398938199721317792664562022296930938632954484294817457539488412898145094361281526656030868478334042
0.005053559339065941026666475442699949847728768382011251794324948473979899169316714576429481111335048956670710876040953343927372813
0.005281407851622634171125883850604345594372264488132556840319234314194437910839705094248052450841280874876400902568210048431085571
0.005511669933265822760528903755903177996266508813232341744825322136976859985041651621138875889703734575084534510185094488247858732
0.00574412282030275779436659217762194198981205039493961314466692924072315253358571261501548730936782648748037531779956010362258745
0.005978541629577962745699863949436506136427651440385686140370668354539461358186100012086554515803718055531585253477394187592609209
0.006214699576033162636354005835948874507105263031367733385309830536093700776045688855259313097748573420342577695633083094530203835
0.006452368192107181237169824665785567399028570040318244982693015023572390065109177623987310643374420380646801060036701932654822644
0.006691317548763551162487910166396988070113522151997838435184044194798242054850323156766967285010083449872179276901790493740924096
0.006931316477932006920941493354348934507584335904086122491997346085863376960176901465306643799042606841013378735879067223766992396
0.007172132796148663144187335869321531803049918774913123062367296225309866942511090141276368943475193105731358906637091144805077276
0.007413533529178520564710285514237414569492062312802174867960091949652232137685704355091064938338435334337762436324260810797514506
0.007655285137402991975182536389741138941970273804082271545888382368272582270909246337933609754788819604340860117679139276160491235
0.007897153741754400294434510062137588207520663816586569152007382940181954393873966526561612152845423306461853181891565212191458491
0.00813890534997887170490676093764131257999887530786666582993567335880230452709750850940415696929580757646495086324644367755443522
0.00838030608300872912542971058255719534644101884575571763552846908314466972227212272321885296415904980507135439293361334354687245
0.00862112240122538534867555309752979264190660171658271820589841922259115970460631139918857810859163606978933456369163726458495733
0.00886112133039384110712913628548173907937741546867100226271172111365629460993288970772825462262415946093053402266891399461102563
0.009100070687050211032447221786093159750462367580350595715202750284882146599674035240507911264259822530155912239534002555697127082
0.009337739303124229633263040615929852642385674589301107312585934772360835888737524009235908809885669490460135603937621393821745891
0.009573897249579429523917182502442221013063286180283154557525096953915075306597112852408667391830524855271128046093310300759340517
0.009808316058854634475250454274256785159678887225729227553228836067731384131197500249479734598266416423322337981771144384729362276
0.010040768945891569509088142695975549153224428807436498953070443171477676679741561243356346017930508335718178789385610000104090993
0.010271031027534758098491162601274381555118673132536283857576530994260098753943507770247169456792962035926312397002494439920864155
0.010498879540091451242950571009178777301762169238657588903570816834474637495466498288065740796299193954132002423529751144424576913
0.010724094054841113238030462733479788949769619828004278675598834369821582180488395406955733494736097816441431772914673619873615684
0.01094645669128597263043660268481928978858411419015880580603337116218883645278817417018279950229215828275303288089328996448737514
0.011165752327936332223030258521391437517653329301760230341819385681259696080758193694724467835243992795761630731624355503775397089
0.011381768810426716955710812650222980819544491576605244064562859995282693440107163887321894335758130301673375270215162655283536172
0.011594297156761520730060726625405600730490103742491785933091197784924268520049969367274809850622707542383671692963084942408941081
0.011803131759491590270029969216972407241243506872485292059621515155698039155774772549518682112487941856597034163313792623008560532
0.012008070584626153231142362037601508645395298516133780765578477751867584531412155273755347518462882671760822820440789927645166087
0.012208915367087656114301402533482161859398230325934114493282282554178018060219960454216551379804741057131934456253531208129521351
0.012405471802520422051764543492872774578694814818435672730474986903563740408757344910134113362835105550084099899990244801064904499
0.012597549735267565976643774903224362426255596395960776249885005459721829018588677354749811666433863577450231155698115102921608926
0.012784963342334311650802618612187158670071293096808600487879463197104115534611570350501939598929801288083662152052743262155619027
0.012967531313159737923007521146328072853898277830713117482081258187671545285925480324374845312154016152378450482913890013578661586
0.013145077025023036663203052371377835248006983951958475833037450171606477058781219437081827570826635577488038514342083678348556025
0.013317428713914588146793074191353120297419765156598245282054353972119219186695145631065733057692706052618676112670946154167553716
0.013484419640706547159027041154598234947631238264818540163343068755078965993360119384438692831237005154122208942279603010042920759
0.013645888252462180509392605668365032703804163380259924102682576316793999077166042104101908960481344966073488383889409751039866319
0.013801678338727899589967756526462524806327536410071098019001157686210089507569662488777759810651570594797994800338864973158639331
0.013951639182656785530193185088974352750178866813014844879637456530990535075218894173699090152218994240658546763453471776013243985
0.014095625706817404697635778103083871386225207178740017293162084742933444017533704230236348080422138575512724657457001897907826366
0.014233498613546853932659308307474113307777192318357357317504129131290298313825317556652966550071265617410987266982466446264084751
0.014365124519712253010295502113677798080512570476322481830204220932256509390469890840450963380428687431216120857985837750120966312
0.014490376085750311288791636485690751571844387566058424673645187921922970836753896954636658492113976446737296432146206655129888383
0.014609132138860131097990487452755882850128194466357342387852124561957847901582966809940858410633297987791605373287046844001767727
0.014721277790230066786545446058518155828914395665375034451188607542376960541354655596264569063532960900895303759214654012871656428
0.01482670454618523001281928760350383661463674327867830041537643214365584654707550637470289726692672392295741586600871206000497867
0.014925310413148113246445478220518865656224652718911538019419953035241242148896347415278898550439701978568018936723850697221051506
0.015016999996310788856088661016969903098537745221865378425499344314627891779431642513702137329107455184140992914248503584130265147
0.015101684591923224803429864076655940005015643048052855167027915180595157678891180221512780322889941602080296091507255902160251502
0.015179282273108433958288877475905278804494172175728672437627581001023949591799725841121674776884881625381930080194055938696966833
0.015249717969121436420204973360941748874479746562202318845127538635559691190739942394461479497344349388370503368725265431691867254
0.01531292353797535691928877039278066212589312751986434957600404114223863282612063326056948920475728628682345576993556812358145706
0.015368837832364396237592059320964042328670677890350985265667408003244293733454258477591698555576371081097295186905663856752477834
0.015417406758819900433713027065864146973666646874964638293463922939082990009149876347975932913604664337589354931343352128168246744
0.015458583330042298194196236492410289063302039840057698331624624966873845292626718834986514192679045959993153833486507988683675186
0.015492327710358278542144475125984514950718955537453637571969040187221179954083955136440199088180004576719116492139051726269459249
0.015518607254259232019414670909803873831797775147086236469235873901611718979401250155797800758180680607892291310641362084989718817
0.015537396537983671889519865847535329040174988277430085066210844589830206317639545042761738708990010748754123576445311777005944197
0.015548677384113081408441776962464938148152384292274449069821357675209996035218485124796186104603507525772184969973317171751826766
0.015552438879157392269617046451878727149490937620668840697895765308454536664783212864495221907634242910802713299570704488351949726
0.015548677384113081408441776962464938148152384292274449069821357675209996035218485124796186104603507525772184969973317171751826766
0.015537396537983671889519865847535329040174988277430085066210844589830206317639545042761738708990010748754123576445311777005944197
0.015518607254259232019414670909803873831797775147086236469235873901611718979401250155797800758180680607892291310641362084989718817
0.015492327710358278542144475125984514950718955537453637571969040187221179954083955136440199088180004576719116492139051726269459249
0.015458583330042298194196236492410289063302039840057698331624624966873845292626718834986514192679045959993153833486507988683675186
0.015417406758819900433713027065864146973666646874964638293463922939082990009149876347975932913604664337589354931343352128168246744
0.015368837832364396237592059320964042328670677890350985265667408003244293733454258477591698555576371081097295186905663856752477834
0.01531292353797535691928877039278066212589312751986434957600404114223863282612063326056948920475728628682345576993556812358145706
0.015249717969121436420204973360941748874479746562202318845127538635559691190739942394461479497344349388370503368725265431691867254
0.015179282273108433958288877475905278804494172175728672437627581001023949591799725841121674776884881625381930080194055938696966833
0.015101684591923224803429864076655940005015643048052855167027915180595157678891180221512780322889941602080296091507255902160251502
0.015016999996310788856088661016969903098537745221865378425499344314627891779431642513702137329107455184140992914248503584130265147
0.014925310413148113246445478220518865656224652718911538019419953035241242148896347415278898550439701978568018936723850697221051506
0.01482670454618523001281928760350383661463674327867830041537643214365584654707550637470289726692672392295741586600871206000497867
0.014721277790230066786545446058518155828914395665375034451188607542376960541354655596264569063532960900895303759214654012871656428
0.014609132138860131097990487452755882850128194466357342387852124561957847901582966809940858410633297987791605373287046844001767727
0.014490376085750311288791636485690751571844387566058424673645187921922970836753896954636658492113976446737296432146206655129888383
0.014365124519712253010295502113677798080512570476322481830204220932256509390469890840450963380428687431216120857985837750120966312
0.014233498613546853932659308307474113307777192318357357317504129131290298313825317556652966550071265617410987266982466446264084751
0.014095625706817404697635778103083871386225207178740017293162084742933444017533704230236348080422138575512724657457001897907826366
0.013951639182656785530193185088974352750178866813014844879637456530990535075218894173699090152218994240658546763453471776013243985
0.013801678338727899589967756526462524806327536410071098019001157686210089507569662488777759810651570594797994800338864973158639331
0.013645888252462180509392605668365032703804163380259924102682576316793999077166042104101908960481344966073488383889409751039866319
0.013484419640706547159027041154598234947631238264818540163343068755078965993360119384438692831237005154122208942279603010042920759
0.013317428713914588146793074191353120297419765156598245282054353972119219186695145631065733057692706052618676112670946154167553716
0.013145077025023036663203052371377835248006983951958475833037450171606477058781219437081827570826635577488038514342083678348556025
0.012967531313159737923007521146328072853898277830713117482081258187671545285925480324374845312154016152378450482913890013578661586
0.012784963342334311650802618612187158670071293096808600487879463197104115534611570350501939598929801288083662152052743262155619027
0.012597549735267565976643774903224362426255596395960776249885005459721829018588677354749811666433863577450231155698115102921608926
0.012405471802520422051764543492872774578694814818435672730474986903563740408757344910134113362835105550084099899990244801064904499
0.012208915367087656114301402533482161859398230325934114493282282554178018060219960454216551379804741057131934456253531208129521351
0.012008070584626153231142362037601508645395298516133780765578477751867584531412155273755347518462882671760822820440789927645166087
0.011803131759491590270029969216972407241243506872485292059621515155698039155774772549518682112487941856597034163313792623008560532
0.011594297156761520730060726625405600730490103742491785933091197784924268520049969367274809850622707542383671692963084942408941081
0.011381768810426716955710812650222980819544491576605244064562859995282693440107163887321894335758130301673375270215162655283536172
0.011165752327936332223030258521391437517653329301760230341819385681259696080758193694724467835243992795761630731624355503775397089
0.01094645669128597263043660268481928978858411419015880580603337116218883645278817417018279950229215828275303288089328996448737514
0.010724094054841113238030462733479788949769619828004278675598834369821582180488395406955733494736097816441431772914673619873615684
0.010498879540091451242950571009178777301762169238657588903570816834474637495466498288065740796299193954132002423529751144424576913
0.010271031027534758098491162601274381555118673132536283857576530994260098753943507770247169456792962035926312397002494439920864155
0.010040768945891569509088142695975549153224428807436498953070443171477676679741561243356346017930508335718178789385610000104090993
0.009808316058854634475250454274256785159678887225729227553228836067731384131197500249479734598266416423322337981771144384729362276
0.009573897249579429523917182502442221013063286180283154557525096953915075306597112852408667391830524855271128046093310300759340517
0.009337739303124229633263040615929852642385674589301107312585934772360835888737524009235908809885669490460135603937621393821745891
0.009100070687050211032447221786093159750462367580350595715202750284882146599674035240507911264259822530155912239534002555697127082
0.00886112133039384110712913628548173907937741546867100226271172111365629460993288970772825462262415946093053402266891399461102563
0.00862112240122538534867555309752979264190660171658271820589841922259115970460631139918857810859163606978933456369163726458495733
0.00838030608300872912542971058255719534644101884575571763552846908314466972227212272321885296415904980507135439293361334354687245
0.00813890534997887170490676093764131257999887530786666582993567335880230452709750850940415696929580757646495086324644367755443522
0.007897153741754400294434510062137588207520663816586569152007382940181954393873966526561612152845423306461853181891565212191458491
0.007655285137402991975182536389741138941970273804082271545888382368272582270909246337933609754788819604340860117679139276160491235
0.007413533529178520564710285514237414569492062312802174867960091949652232137685704355091064938338435334337762436324260810797514506
0.007172132796148663144187335869321531803049918774913123062367296225309866942511090141276368943475193105731358906637091144805077276
0.006931316477932006920941493354348934507584335904086122491997346085863376960176901465306643799042606841013378735879067223766992396
0.006691317548763551162487910166396988070113522151997838435184044194798242054850323156766967285010083449872179276901790493740924096
0.006452368192107181237169824665785567399028570040318244982693015023572390065109177623987310643374420380646801060036701932654822644
0.006214699576033162636354005835948874507105263031367733385309830536093700776045688855259313097748573420342577695633083094530203835
0.005978541629577962745699863949436506136427651440385686140370668354539461358186100012086554515803718055531585253477394187592609209
0.00574412282030275779436659217762194198981205039493961314466692924072315253358571261501548730936782648748037531779956010362258745
0.005511669933265822760528903755903177996266508813232341744825322136976859985041651621138875889703734575084534510185094488247858732
0.005281407851622634171125883850604345594372264488132556840319234314194437910839705094248052450841280874876400902568210048431085571
0.005053559339065941026666475442699949847728768382011251794324948473979899169316714576429481111335048956670710876040953343927372813
0.004828344824316279031586583718398938199721317792664562022296930938632954484294817457539488412898145094361281526656030868478334042
0.004605982187871419639180443767059437360906823430510034891862394146265700211995038694312422405342084628049680418677414523864574586
0.004386686551221060046586787930487289631837608318908610356076379627194840584025019169770754072390250115041082567946348984576552637
0.004170670068730675313906233801655746329946446044063596633332905313171843224676048977173327571876112609129338029355541833068413553
0.003958141722395871539556319826473126419000833878177054764804567523530268144733243497220412057011535368419041606607619545943008645
0.003749307119665801999587077234906319908247430748183548638274250152756497509008440314976539795146301054205679136256911865343389194
0.003544368294531239038474684414277218504095639104535059932317287556586952133371057590739874389171360239041890479129914560706783638
0.003343523512069736155315643918396565290092707294734726204613482754276518604563252410278670527829501853670778843317173280222428375
0.003146967076636970217852502959005952570796122802233167967420778404890796256025867954361108544799137360718613399580459687287045226
0.0029548891438898262929732715486543647232353412247080644480107598487327076461945355097454102412003793333524821438725893854303408
0.002767475536823080618814427839691568479419644523860240210016302111350421130171642513993282308704441622719051147517961226196330698
0.00258490756599765434660952530555065429559265978995572321581450712078299137885773254012037659548022675842426281665681447477328814
0.002407361854134355606413994080500891901483953668710364864858315136848059606001993427413394336807607333314674785228620810003393701
0.002235010165242804122823972260525606852071172464070595415841411336335317478088067233429488849941536858184037186899758334184396009
0.002068019238450845110590005297280492201859699355850300534552696553375570671423093480056529076397237756680504357291101478309028967
0.001906550626695211760224440783513694445686774240408916595213188991660537587617170760393312947152897944729224915681294737312083407
0.001750760540429492679649289925416202343163401210597742678894607622244447157213550375717462096982672316004718499231839515193310395
0.001600799696500606739423861362904374399312070807653995818258308777464001589564318690796131755415248670144166536117232712338705741
0.00145681317233998757198126834879485576326573044192882340473368056552109264724950863425887382721210433528998864211370259044412336
0.001318940265610538336957738144404613841713745302311483380391636177164238350957895307842255357562977293391726032588238042087864975
0.001187314359445139259321544338200929068978367144346358867691544376198027274313322024044258527205555479586592441584866738230983413
0.001062062793407080980825409966187975577646550054610416024250577386531565828029315909858563415520266464065416867424497833222061343
0.000943306740297261171626558999122844299362743154311498310043640746496688763200246054554363497000944923011107926283657644350181999
0.000831161088927325483071600393360571320576541955293806246707157766077576123428557268230652844101282009907409540356050475480293298
0.000725734332972162256797758848374890534854194341990540282519333164798690117707706489792324640707518987845297433561992428346971056
0.000627128466009279023171568231359861493266284901757302678475812273213294515886865449216323357194540932234694362846853791130898219
0.000535438882846603413528385434908824050953192398803462272396420993826644885351570350793084578526787726661720385322200904221684579
0.000450754287234167466187182375222787144475294572615985530867850127859378985892032642982441584744301308722417208063448586191698224
0.000373156606048958311328168975973448344996765444940168260268184307430587072983487023373547130749361285420783219376648549654982893
0.000302720910035955849412073090936978275011191058466521852768226672894845474043270470033742410289893522432209930845439056660082472
0.000239515341182035350328276059098065023597810100804491121891724166215903838662579603925732702876956623979257529635136364770492666
0.000183601046792996032024987130914684820820259730317855432228357305210242931328954386903523352057871829705418112665040631599471892
0.0001350321203374918359040193860145801758242907457042024044318423693715466556333365165192889940295785732133583682273523601837029813
0.0000938555491150940754208099594684380861888977806111423662711403415806913721564940295087077149551969508095594660841964996682745394
0.0000601111687991137274725713258942121987719820832152031259267251212333567106992577280550228194542383340835968074316527620824904773
0.0000338316248981602502023755420748533176931624735826042286598914068428176853819627086974211494535623029104219889293424033622309084
0.0000150423411737203800971806043433981093159493432387556316849207186243303471436678217334831986442321620485897231253927113460055291
3.7614950443108611752694894137890013385533283943916280744076332445406295647277396990358030307353850305283295973873166001229597e-6