0.000010601605379322155199981195606980562376478922013444207836688448007125754365913521712116546696161120960765929467549801849506159118
0.00004238595756921039566667219963405336217974054606328574718378839628032689610248531090329471108445131083512892369897479689592586657
0.00009529170422635051650641685978738239994663920409536991353736632726097701714660799623898220465857837456981496511020670148334498938
0.00016921672303870635028531281763297999859967948614587543850537120741957501329884541928057716644494256406114243651446382644209121228
0.00026401831884903232603516667195527317289919978208701061325853713694980736509116518801145530704298169426513281354831469273077575277
0.0003795134990948832042923953954485381917632104604385738730659208864715945778223731607707804172218505459812370495798464891159409049
0.0005154793270334477315065465423939187622479488474521872538702003201102103476634078950208991706096150705585720220321834383126559345
0.0006716533520693873385429935401177064031161757422384769198763109593294479571766364095177430529680514367865967485290873914231189626
0.0008477341163550314830934514521993951452093363358290754817472428544852909047644969417832575645278267064158177036235727373895330679
0.0010433817366850550855864913034669767434648295539091951975568046347533449175620807828682956099089799383661337316763356308789144721
0.0012582185605624249187023102179219572150633171037887639819258158917628516966913013627430149955868461177821718034873214571410810127
0.0014918298951692313243861537637446640019528960172605166389519234001204531019495772107421664081888091439199650141237161119199621425
0.0017437648078352956068453898782941160624974164094180209042383461342357478321434078672640398476619956156360538924983075947970606037
0.0020135369964594335244622920051605661053070915950914264693360343518683126836143085365727456863094946659446947953628475674634185497
0.0023006257282032278741112874029064165143082970179033221363706332900339002232004555103944059246563561181374063943809172834015056664
0.0026044768446453788672697675399119331380725903366806628968724124782132047836968491765562718763673488087642537189222887935111032646
0.0029245038314564142176665803285978354287165202356929039536607747080975351752704695218819384725638876590436417959332905863295962002
0.0032600889505289992229900435887243846768473113396638869440551642175975318937032072210705409157449939533365847691193201244457080361
0.003610584432378531027214185826536464479649939341966741537549239657867848107755655708964929623542218968372405899324118846662403571
0.003975313726512363401068446579672444416725705226951847384652806213240692574583428584238851019352577867390099637336603756196498084
0.004353572807354113339392333719474799588264121810663870836163747570136966341861376871033515763915987105941265072190896080627065202
0.004744631533202264533084615794332832887414195833217524930199285142009693187019153374915583182759522605817915854908653361474873433
0.005147735055599912324846661236112647131989072287398462787957517835363619082058943439848617058438173252528890174194449954655297252
0.00556210527639518770441417519816434718476678631352607201632719744916024291799059929863325091261118744242043379063917376367091636
0.005986942349679842069240088995728781639368951776882087629974362027138241182918506171265022178635086370369583420313133228980255077
0.006421426225706847563129581739634423560218616604484375844135240098953599597356339901046713013437946066595097341883413514301577853
0.006864718233806837021364328582414188337502898330554992022448501660026882691953698522916218436555070813828694276106146280318084241
0.007315962701247929307581082410764682165523829190745509491625655616568842213309295059949062292084505623708555246759832690258140877
0.007774288604914105432333803249852475615903939995899640823036572556392388647511495124543602136744374658265070231129354735407481401
0.008238811252613952218681099898125302373465369410776069530910683145235801818798012985096741621237120932863982707612272113597088177
0.008708633990774395706175213476559976343826123213138817664787209657194852144090916881530202026946906868613821468553946457383454585
0.009182849935223116362186724576405709902501911811006078534671268783113848958156652524134871525817619244469467133972832882545066796
0.009660543721718770807406860643515720256495968650788593048793213648504425750609367547126397139058955576736115556230554574882860784
0.010140793272850026187615198516606009564566187449645443244496382956054411775963092977332481478101457747175351837694966689069785824
0.010622671577892817115480191568076033432943746662364584731493377361591384099227029078324387633186051343834805449805777905662224765
0.011105248482190222253448374906356229690629156833922973814615880016125502697515737498903146219555676991628491728681054709522228561
0.01158759248260097639320446742220631916986109762908418344048907799344238683886171513923370531526125535139266511603543044508017544
0.012068772525550919789435797271204494125142001908431058946775660992126531531842529951790007471170940964066939434338977007963933806
0.012547859804216662137067915316815421922682072251914611744398243448283202746250550670131000694046070379868738212432750577644582402
0.013023929551372413640135805553450970962768953566713295070469243333214525069025702112568166442821518231192392271452161724149458465
0.013496062824439306873702633899463032748087768501285476451610761480624373985887993349062042175124235226529537051802563071422870572
0.013963348279291584428966548539936109412907180448413415453245857041304382830152598836801794639156125408911862360719591770456342831
0.01442488392939572960287264550781633749389337172072639536918905648464081705547081597138781728247167085479454012645078989824827202
0.014879778886886928755954932597838874995500622580803087689726771399753304852015455742143623342661219290340751024280619169706018319
0.015327155082222119767232463002828813711271654474283088453868732934271083387455843274011093245337331277029862648117034748849610254
0.015766148959090233962399047734688246383531845580606479071596208113421613818736974673748872118685650598143493271391358166169409856
0.016195913141307999158972969309621165990385968734996868959989062337287392757548680782081240120862982206226189342149627365891553839
0.016615618068483746869357883662272416210673508588704422289908337084898619969374734994756062961165323189670284060438683803027612758
0.017024453597291952849856464933533226591069571131240582463681819208548346624472910190314180287282105121690218851871724965128377377
0.017421630565267620712105605434404154886652122683726682833680673688146413022310855542524887677002184490578071696098797739962258492
0.017806382314101965090903276453603655996810449909687095366279733286947635425329971233330415229976094286656091362462339895310415097
0.018177966169499024240245198402110558177111057348897015350837114234552293934049734178837743325774367703619037244714910002526399781
0.018535664874736681011952123886116034778370694838531870655235810467091941685123691933246178602657261053736370821356881997858388618
0.01887878797516493410727794709516397223770448279700030912106377172101413759412498931182500719549014699625137368551857827338695159
0.019206673150968965786857891771378596972958225662986134826666057536110207788393140199564307409983059031750166755045751813335975831
0.019518687495624415073539030758113552070040163216871209832928775946308274642556726918935721337237596802986229472397509092037596615
0.019814228737577094123890440652278085785313108271772215789050845196893655665737033191928730815424704697323146171154183296333034528
0.020092726402788977530061986588994410971997210658358535720069184896394716235333348235448562483497472322110498058980646241183133129
0.02035364291590643830196513874116275639164361740934820173506658824469847935101552032200709737446980223164895640024658292087719807
0.020596474637925179841907177886002384782657708561737633797955088769812277657995418970338642849745282027004975154914850209102093904
0.020820752838348891670140628428983022782470150520643151674905561764345094343495539876777662359882313601487438842881741379912364599
0.021026044599965101380942437353726075500815970024353873816298445226796015659220673268225744045453793333346741412617759113139203457
0.021211953654491762232512314552536238901683575795153218634267952924842397455909687137640604912682419089802155904163086811147912076
0.02137812114748155383605227109683094294680835456497767479303553063546307830345745782195183561962492403440779985536694529188795471
0.021524226331007425038531979726212843435128710450191857328986144397587009857242448125567326683351102310860844202956816515482184065
0.021649987182792309708508011322273446858866974699668300544846688025218980504503604469598774505907603468076244608621697501802232543
0.021755160950587928652361634292969551929444728551534938490644848175347835089695584462784371016959376385722042176387720077135871456
0.02183954462075188024502527243207307311751857065091145035172144376635571788635392497182870564099474923333789785900387822198533997
0.021902975310118540037438689909985018491849704118840549111741710928191621724809136402553897547066707892183743338405641705382356561
0.021945330580407353170163660166956065011899218643064449885831056426214059522901977250705471455128397126145727386836584932791000455
0.021966528674561627076306334494487702847446733668611435731986812929129194824952389560221293010949870450718834111760634344708832026
0.021966528674561627076306334494487702847446733668611435731986812929129194824952389560221293010949870450718834111760634344708832026
0.021945330580407353170163660166956065011899218643064449885831056426214059522901977250705471455128397126145727386836584932791000455
0.021902975310118540037438689909985018491849704118840549111741710928191621724809136402553897547066707892183743338405641705382356561
0.02183954462075188024502527243207307311751857065091145035172144376635571788635392497182870564099474923333789785900387822198533997
0.021755160950587928652361634292969551929444728551534938490644848175347835089695584462784371016959376385722042176387720077135871456
0.021649987182792309708508011322273446858866974699668300544846688025218980504503604469598774505907603468076244608621697501802232543
0.021524226331007425038531979726212843435128710450191857328986144397587009857242448125567326683351102310860844202956816515482184065
0.02137812114748155383605227109683094294680835456497767479303553063546307830345745782195183561962492403440779985536694529188795471
0.021211953654491762232512314552536238901683575795153218634267952924842397455909687137640604912682419089802155904163086811147912076
0.021026044599965101380942437353726075500815970024353873816298445226796015659220673268225744045453793333346741412617759113139203457
0.020820752838348891670140628428983022782470150520643151674905561764345094343495539876777662359882313601487438842881741379912364599
0.020596474637925179841907177886002384782657708561737633797955088769812277657995418970338642849745282027004975154914850209102093904
0.02035364291590643830196513874116275639164361740934820173506658824469847935101552032200709737446980223164895640024658292087719807
0.020092726402788977530061986588994410971997210658358535720069184896394716235333348235448562483497472322110498058980646241183133129
0.019814228737577094123890440652278085785313108271772215789050845196893655665737033191928730815424704697323146171154183296333034528
0.019518687495624415073539030758113552070040163216871209832928775946308274642556726918935721337237596802986229472397509092037596615
0.019206673150968965786857891771378596972958225662986134826666057536110207788393140199564307409983059031750166755045751813335975831
0.01887878797516493410727794709516397223770448279700030912106377172101413759412498931182500719549014699625137368551857827338695159
0.018535664874736681011952123886116034778370694838531870655235810467091941685123691933246178602657261053736370821356881997858388618
0.018177966169499024240245198402110558177111057348897015350837114234552293934049734178837743325774367703619037244714910002526399781
0.017806382314101965090903276453603655996810449909687095366279733286947635425329971233330415229976094286656091362462339895310415097
0.017421630565267620712105605434404154886652122683726682833680673688146413022310855542524887677002184490578071696098797739962258492
0.017024453597291952849856464933533226591069571131240582463681819208548346624472910190314180287282105121690218851871724965128377377
0.016615618068483746869357883662272416210673508588704422289908337084898619969374734994756062961165323189670284060438683803027612758
0.016195913141307999158972969309621165990385968734996868959989062337287392757548680782081240120862982206226189342149627365891553839
0.015766148959090233962399047734688246383531845580606479071596208113421613818736974673748872118685650598143493271391358166169409856
0.015327155082222119767232463002828813711271654474283088453868732934271083387455843274011093245337331277029862648117034748849610254
0.014879778886886928755954932597838874995500622580803087689726771399753304852015455742143623342661219290340751024280619169706018319
0.01442488392939572960287264550781633749389337172072639536918905648464081705547081597138781728247167085479454012645078989824827202
0.013963348279291584428966548539936109412907180448413415453245857041304382830152598836801794639156125408911862360719591770456342831
0.013496062824439306873702633899463032748087768501285476451610761480624373985887993349062042175124235226529537051802563071422870572
0.013023929551372413640135805553450970962768953566713295070469243333214525069025702112568166442821518231192392271452161724149458465
0.012547859804216662137067915316815421922682072251914611744398243448283202746250550670131000694046070379868738212432750577644582402
0.012068772525550919789435797271204494125142001908431058946775660992126531531842529951790007471170940964066939434338977007963933806
0.01158759248260097639320446742220631916986109762908418344048907799344238683886171513923370531526125535139266511603543044508017544
0.011105248482190222253448374906356229690629156833922973814615880016125502697515737498903146219555676991628491728681054709522228561
0.010622671577892817115480191568076033432943746662364584731493377361591384099227029078324387633186051343834805449805777905662224765
0.010140793272850026187615198516606009564566187449645443244496382956054411775963092977332481478101457747175351837694966689069785824
0.009660543721718770807406860643515720256495968650788593048793213648504425750609367547126397139058955576736115556230554574882860784
0.009182849935223116362186724576405709902501911811006078534671268783113848958156652524134871525817619244469467133972832882545066796
0.008708633990774395706175213476559976343826123213138817664787209657194852144090916881530202026946906868613821468553946457383454585
0.008238811252613952218681099898125302373465369410776069530910683145235801818798012985096741621237120932863982707612272113597088177
0.007774288604914105432333803249852475615903939995899640823036572556392388647511495124543602136744374658265070231129354735407481401
0.007315962701247929307581082410764682165523829190745509491625655616568842213309295059949062292084505623708555246759832690258140877
0.006864718233806837021364328582414188337502898330554992022448501660026882691953698522916218436555070813828694276106146280318084241
0.006421426225706847563129581739634423560218616604484375844135240098953599597356339901046713013437946066595097341883413514301577853
0.005986942349679842069240088995728781639368951776882087629974362027138241182918506171265022178635086370369583420313133228980255077
0.00556210527639518770441417519816434718476678631352607201632719744916024291799059929863325091261118744242043379063917376367091636
0.005147735055599912324846661236112647131989072287398462787957517835363619082058943439848617058438173252528890174194449954655297252
0.004744631533202264533084615794332832887414195833217524930199285142009693187019153374915583182759522605817915854908653361474873433
0.004353572807354113339392333719474799588264121810663870836163747570136966341861376871033515763915987105941265072190896080627065202
0.003975313726512363401068446579672444416725705226951847384652806213240692574583428584238851019352577867390099637336603756196498084
0.003610584432378531027214185826536464479649939341966741537549239657867848107755655708964929623542218968372405899324118846662403571
0.003260088950528999222990043588724384676847311339663886944055164217597531893703207221070540915744993953336584769119320124445708036
0.0029245038314564142176665803285978354287165202356929039536607747080975351752704695218819384725638876590436417959332905863295962
0.002604476844645378867269767539911933138072590336680662896872412478213204783696849176556271876367348808764253718922288793511103265
0.002300625728203227874111287402906416514308297017903322136370633290033900223200455510394405924656356118137406394380917283401505666
0.00201353699645943352446229200516056610530709159509142646933603435186831268361430853657274568630949466594469479536284756746341855
0.001743764807835295606845389878294116062497416409418020904238346134235747832143407867264039847661995615636053892498307594797060604
0.001491829895169231324386153763744664001952896017260516638951923400120453101949577210742166408188809143919965014123716111919962142
0.001258218560562424918702310217921957215063317103788763981925815891762851696691301362743014995586846117782171803487321457141081013
0.001043381736685055085586491303466976743464829553909195197556804634753344917562080782868295609908979938366133731676335630878914472
0.000847734116355031483093451452199395145209336335829075481747242854485290904764496941783257564527826706415817703623572737389533068
0.000671653352069387338542993540117706403116175742238476919876310959329447957176636409517743052968051436786596748529087391423118963
0.000515479327033447731506546542393918762247948847452187253870200320110210347663407895020899170609615070558572022032183438312655935
0.000379513499094883204292395395448538191763210460438573873065920886471594577822373160770780417221850545981237049579846489115940905
0.000264018318849032326035166671955273172899199782087010613258537136949807365091165188011455307042981694265132813548314692730775753
0.000169216723038706350285312817632979998599679486145875438505371207419575013298845419280577166444942564061142436514463826442091212
0.0000952917042263505165064168597873823999466392040953699135373663272609770171466079962389822046585783745698149651102067014833449894
0.0000423859575692103956666721996340533621797405460632857471837883962803268961024853109032947110844513108351289236989747968959258666
0.0000106016053793221551999811956069805623764789220134442078366884480071257543659135217121165466961611209607659294675498018495061591