0.0015681858622775468696714299867372856280678755342038901955518991291394364467459375389264932619755122179724812610509793617348289932
0.006188202143365023828117997841910991528624506821408683397246878124986411096896858735493918018270975256767857515651658806921898142
0.013610982569702363060906981420990474894527462887947593966803428876076361445568951767322340233337160736385633436982908832265753087
0.023436363127190617845515558243284865288307689040421369577052806218216075188019404020410347743310949873290796267269849002472472676
0.035134655006770631165232902558939509029955102987623763347825866461284223642146433760891174794909677339597107334433329154869977796
0.04807520026522425282200089121846681469936788625424272816443829041077132274050541332642846337590844593000936256614983907221809676
0.06156037075813295413105606944863952588093418188336123646093413246127043685619704570897118703887154426954519128529411917439649436
0.07486317745371774549359347930198138053403458620862287860995430997013480176189775682657018121896446055428809907905786570190013118
0.08726646259971647884618453842443063567214359442708627280485957200855045573017247218411207848172547411061522462536895296241927346
0.09810156188343766532910416756014260518218472711134577680421293491782667325170125000272748248251097544896986891062906086120358675
0.10678435229793497973319500955831075393472850014940262575153813343084406350725103992375905190630842869491740044979212794352015442
0.11284674236450634180946120420940398175039183971198222347847742473025322727427057927447335335420534155483545324760515802035469707
0.11596190706547170868162061604663689702602439682612741268484047133760061263017910658692263442523032100834254564903472776749609645
0.11596190706547170868162061604663689702602439682612741268484047133760061263017910658692263442523032100834254564903472776749609645
0.11284674236450634180946120420940398175039183971198222347847742473025322727427057927447335335420534155483545324760515802035469707
0.10678435229793497973319500955831075393472850014940262575153813343084406350725103992375905190630842869491740044979212794352015442
0.09810156188343766532910416756014260518218472711134577680421293491782667325170125000272748248251097544896986891062906086120358675
0.08726646259971647884618453842443063567214359442708627280485957200855045573017247218411207848172547411061522462536895296241927346
0.07486317745371774549359347930198138053403458620862287860995430997013480176189775682657018121896446055428809907905786570190013118
0.06156037075813295413105606944863952588093418188336123646093413246127043685619704570897118703887154426954519128529411917439649436
0.04807520026522425282200089121846681469936788625424272816443829041077132274050541332642846337590844593000936256614983907221809676
0.0351346550067706311652329025589395090299551029876237633478258664612842236421464337608911747949096773395971073344333291548699778
0.02343636312719061784551555824328486528830768904042136957705280621821607518801940402041034774331094987329079626726984900247247268
0.01361098256970236306090698142099047489452746288794759396680342887607636144556895176732234023333716073638563343698290883226575309
0.00618820214336502382811799784191099152862450682140868339724687812498641109689685873549391801827097525676785751565165880692189814
0.001568185862277546869671429986737285628067875534203890195551899129139436446745937538926493261975512217972481261050979361734828993