2.8723909074702187756810784007983541785571510594371014538054508602837643285383742496225715455134188327394389064799904652297637935e-6
0.000011487242018741363860594740595724626642491191426137289018535543846746325763820183961812153224229501389893050917680409931179544591
0.000025837590376838065683080375905793808175201994336616274015165021867391353381127241316776520251257924558559613951883090945754901527
0.00004591183730676195284226107186747356784500174452267664701008889176054236397641388045020346104986368268620916906655676430702134172
0.00007169375779012551888398156701676253725776525536246226946110105659133925174985236433099811473312147579294092069521695742184704202
0.00010316251357902994765047740668654547508855173870479734586911962762736279054590563693649093521375415566411541176129614380649433421
0.00014029267003858760002512799914142958046154891046577959145815747588539627977614076284527486958212725917934008594602496740819021078
0.00018305421670447618630322143830064179107389402763637534666475194688052637723727058117723321774642482600902026898136814698170693375
0.00023141259153890897252253230778711223783809737641732374544604810131034030833888217832222153814306218628729782018622304344679517314
0.0002853287088654161227977215199440239430779669388106339488911653351390071551184581939477217364659378682835818480242675798194730008
0.0003447589909598588790796601985792886290460886276019815466924424596256154961067935981858019599730748724683578433423380739886793699
0.0004096554032721431280570414947607243336606975622096721668390709066945744124867521268583016873501303995958181568671209222536292362
0.0004799654932501643906356623708286231028019223385061890430629089488075772684133998901425437481204880545418427656621023524099743945
0.0005556324327346047643929144648269369899330531031123786186091319223261035097818889185222347692594336168857102037425691736398549393
0.0006365950638903162068364707255479986838108104734204769079024424255591069846348400182043001493042451355589599982875627809202166855
0.0007227879486371660999228178584841462884040264895414870164584700910835154805415003661486666369064780378976515904718713134258926415
0.0008141414215403925944544360233612664332762640083339061059519985181994922743296655876572449971444298409178758728447374134442288905
0.0009105816461177210827633516705050242883572757235257955553327226279673825651175220650990983656999700108985609429276726919150967588
0.0010120306745177315494930519991594749403122830402215775341294321451223962101384135373756330084162876775022360058578750097096450479
0.0011184065105212417353735579751857076050551613472878305746515368754410421009721651518141118273354267077713665026060143131828180715
0.0012296231758147852199785914622856074900943723027920969049997024695882026019004409901225908439969022919933727834046780173093452409
0.001345590779482618857381565314614744746968752486573680919037871896547963407791242933797517627224669749395372553445510003471958849
0.0014662155906610926209458699325426635105341100630393623030224797009511273858438932531938877518374522240791134204013554423797669558
0.0015914001142966589327592130796136586021208406465565722147068780129170460808025906930483763296459811359950556141837820612305138946
0.0017210431699462900353240708810553296857601498979802142106970246415714767240402140731831439904157448769925576238927898106074264492
0.0018550399735566129355572556713238234401218180362943330454780483036076075772638829054351309445853398109463321123911604212926827262
0.0019932822221556639014412428395834905986380916826024586480817458035392248502745555968500118766754051618116840416415964026790275286
0.0021356581813888103657112736437520909618696691151364253007850123972362022558779898050964240790863009798117093110041737095995857627
0.0022820527758280892914786442834686956044836326087358064795253183694608843797505743100527726869804188308840955522661792790704457879
0.0024323476819819694396876371708354587984202888657798991301947661444638268498385662461270829015541778997355316585923673331568984348
0.0025864214239303623595675019965731318887778577370100166622041263209727717909085009093942834929320484079200108623741276980068197335
0.002744149471507585064874248401365857966198278470275975519097856155235016198937560974633973850390447538100015608363783120042909051
0.0029054043409539179757126716594436124379859469258965476652229785208918300799301909877561496144987779848284936551418895960193985804
0.0030700556979544064625841631610388918683268325979642808371877727389474485327770992425924361770796910978821808472938345280131533977
0.0032379704629816248386765560821502044294030368778065196711380596624374533350993697295927098941184788966786309160626628380020748502
0.0034090129188572594678101229786083902234436099268827693175781232398024478630304598085280034650011011881838431580998647541115714448
0.00358304482044557429398550185038396523285931439379380208676778017563568694180954295017257588289242549191416910542766397530867317
0.003759925506390099003629929341035499304777350067523197566360498666129619207721716622819728894843221720199165875032009244390643976
0.003939512012803228596099829180520260928514319225684704378239959240713776576981507920583308315459615829593641006558822292162712683
0.004121659188816844696543997939991445949778567892612164941998710077284916485919553717890834343747581965701595819141675407132121718
0.004306219813900564773638306816712940534362222385196519562678959770223418715352926670596808017904802787978937498963585579042278599
0.00449304471685279673871731021106587924391971558434118230048185481533752467499763468683269392642632700201539897000148588006469718
0.004681982896368424357186458265695433681552579563297985257174485216899860255397504353569075570006431232439496730359376416631756136
0.004872881643085674590592200662398222927123222841171523062966770504516905349151643965702270130003167545976373795216301781832563811
0.005065586663013522438319753410861108372100524587531878667605684304562453775559255202082423359599581680529100270170191011675413143
0.005259942202239873027882982438099359262770330271326724190945669092208802813543020738973336062391836348239307502144321756311880548
0.005455791172819725514029718504710935837917500520745627963231132772223131343071031910501448060679147232183113380366724905036965955
0.005652975279741569626100585703880765022377747039712971931634714286401330591067687657316318543609206442026779784433997104033668892
0.005851335148869394221095319839498919705573343314735960928027760357245128012678711423052401022604067316374077244989660873481333515
0.006050710455756898661093247589450986195319831158572551408019044994167847645273874479492671926417320382395755952875894404186131235
0.006250940055229792875380909828157230754203273832863207266866197066679334309217826059905315795861677137888074771678594136688909919
0.00645186211163145115964257538195380951391499548341110601620060780934371799852656133855438537296503062444509858090836592521936149
0.006653314229626648608636925469019202843717240454499588282943958447358027770753298354201748095020222118256259058262935084223107804
0.006855133585457658008263748400481384382210104333683806782346708731972139389641303647609321702362186506693150630870796219369212898
0.007057157058546619392396002774634412870108780480264414671207309875735435384128816344073409380009256160401377850083903868336183651
0.007259221363337814594828028814696396812374982485450384345487222503748128031396607558409020283001728255593445684544118476446379522
0.007461163181273285223379116105606112475506868796219810930859060973260603612869037139257129743554884539796902512490018835665626551
0.007662819292795124708315503588585882283869032217426486462488462726004956057033188507334789910463633340702697518441815457021266015
0.007864026709267753517922282503086603348062897666125319716785265263678440701380297450999703998498248344129516455116953394350606797
0.00806462280471355130769493371505424171399074555950537310106517067611687998824602681135331751319849950055181787853364375930200254
0.008264445447255370623955862653069949910380373236484640132476621834030864018495185164574385236945038705662405839830896849900049398
0.008463333130159693695806218694370005874163182163935050169761659406077646239308132801413677177504702517012977883312361027728187653
0.008661125102374516629712386215757870690098280016586935383162966334421762508817745760863380424189781791838070597620231605778968429
0.008857661498456453707812428598349856813373924514607664142350704611290319590319419128098115041627602473083142844077129131480245782
0.00905278346778204815413166556728181594267957556668273387053483483622647058485639196436306795302494843025364573504244412486195962
0.0092463333029388542733150603617770933451082417675928912456095580254333101647762293365165334143989443340738408477244439243713797
0.009438154567192518816611653727276515411933541890650803370291292193509739486107822475467728471846125050101099098623906860015413863
0.009628092220926836253853191680954566173559226375813762622764381493958020786598236068445873927604318364338133015710988874515658912
0.009815992746954582724434540816342404038864719123116262783234240311063038791773936829535773470718307056973343276957170063598592085
0.010001704274597846133903435055112553377902591408533106966096404121988436345622183516962603623454929423751690209913557979331493029
0.010185076702437564418016571406946372022639125226744087845103891110612671764597984309102833396000239420473293414129186554038727966
0.010365961819633059609168377544007367508784820131608333865697207872491585087591085547870765146039275633856743520319971434433976072
0.010544213425713511141583218662806391795450236668454691934623330325438110464819205715887769403569990568591607033243771338483786055
0.010719687448744546887404367138992612015945395168222817267919101024410255741243283409027339742682721457459645974220899325107073081
0.010892242061774443727579410913031487633685018332959606474242015693532664844352043758808638372875430245909523110502096924764609669
0.011061737797465819967747146795527938821491301689825638049494561184780164464101613503499641686145017898779792519738016186937103605
0.011228037660820168486298096265818632087738120918349431998911821260798817430304727213800260895799005046493267988267625852553263919
0.011391007239904120964048153359187164087906011935549636419018488813700263592878654536526042642190726698026090576457864246184579249
0.01155051481448794864664501146130644915147491866752305960755812426428244475285767745284205300318939926673016240827460054449837038
0.011706431462508492526513316979680114304573866266904935547753531838341369144084568583865584902723890918776278438585083015898561441
0.011858631164270474236966371254710547818328209999352937071323735530969793250656167065012928119204919352160639741420062787568856389
0.012006990904301966905837414578789636940961369433171626905480829777018069129201346237240734200977143953751914906452594458616833813
0.012151390770781701242166914779675219570486391152762248550405483227303276497776234404701071019578871703994031434526976163000559987
0.012291714052457844694659900225892094178320843095384303658416265007173311999090800196170070486769435959285114481003423254274016333
0.01242784733297991903855510644030379804132591072310867547607803722924778151013673777618866950057727349113246084150019234980563142
0.012559680582567612579483342722311037900431508044000791018713479573119518994521789698313704351134289452465466278705276386398146752
0.012687107246942395618920253148464365554168440248537289647709278764669231958107255951744626052459435450501727895235287464856212042
0.012810024333450060166235069951026701780995990400859185235577527026298917011405452429615714688873498997109949846591922008113100967
0.012928332494304575318976995724468806858624017093012872383849592200017490459536506110844744140238152982508284095321073503769251611
0.013041936106885976430843150400355504124871354619891117009767889692858734276990981513243651942780942768926424520133629182626181232
0.013150743351027387265182118003474578649619103124135800728711892816785986433433592971413927459895195305153938301906612197870567467
0.013254666283228707866397416642446688592151333018361269880561347147416545171707366186921616573388602997380739464926964029021699984
0.01335362090773698490532041809897215231242045886417418325658850913695306955698785627259124415097962178035601300360396410343569081
0.01344752724443601375980917318263298448543901234432231884484494067152425399359758726489217359182551833492719955102105555223843553
0.01353630939349030053159989046748438326310059048753526350595988752668371187170807591379253605264375527723729771813824226334081563
0.013619895596691135490362332661324426108170439700788691155011311506315408126984450351708196102163039904482769499003814930504337073
0.013698218295455194955713969713434001495695666343753793339795122794039025453922757305191385728032161746284726786332756867737585392
0.013771214185428794223222876653800317463743928745304452677979601284465996977934454736425793360206136882404369166545590022612693385
0.013838824267653657624377586406158879519014808209544382902399986067589169893095001809889885619505034372009054767884076707630700696
0.013900993896252850965701367069133878852825839413385477227631190364005021917981003233936960116414642111698599157946319516184949916
0.013957672822598334172385349644010366805834914705900699564608953687309820656142483342767252204313007649530792658875425125689052584
0.014008815235924435693740477914412230320443336570373606234900798133965222679384685245034501150881390479343452393814039559989679881
0.014054379800354422812974881640234967339320491548048572258408450433067139388434110076500249731364826298671608614224735275706117905
0.014094329688310241120522805528497287492080127354641377671348347544426453934688489215828417128030137323619181815558826644749967074
0.014128632610278419715171371419014876046590379430975437398172138209632836124170106733290224501274710551636750112177498297166399173
0.014157260840908083827789717624921059747449571412894515020231121094051079799800481487158730000728416457250562635792604360102468609
0.014180191241419981138158455031245140545549804405979969122859316310930129462553683127591055919859272139492626733248012027250588625
0.014197405278308409680106373498968640008972268571463037121703771803574577088338934620599897439849871954113966830655437074958301352
0.014208889038320931493986519555256645225393435583794487183967869718404596198237670008699611349512951798860628373411335582669457853
0.014214633239703764666733670760135194332860896688645198213865889142535638132995002663992242074528319983076644563591111157072357041
0.014214633239703764666733670760135194332860896688645198213865889142535638132995002663992242074528319983076644563591111157072357041
0.014208889038320931493986519555256645225393435583794487183967869718404596198237670008699611349512951798860628373411335582669457853
0.014197405278308409680106373498968640008972268571463037121703771803574577088338934620599897439849871954113966830655437074958301352
0.014180191241419981138158455031245140545549804405979969122859316310930129462553683127591055919859272139492626733248012027250588625
0.014157260840908083827789717624921059747449571412894515020231121094051079799800481487158730000728416457250562635792604360102468609
0.014128632610278419715171371419014876046590379430975437398172138209632836124170106733290224501274710551636750112177498297166399173
0.014094329688310241120522805528497287492080127354641377671348347544426453934688489215828417128030137323619181815558826644749967074
0.014054379800354422812974881640234967339320491548048572258408450433067139388434110076500249731364826298671608614224735275706117905
0.014008815235924435693740477914412230320443336570373606234900798133965222679384685245034501150881390479343452393814039559989679881
0.013957672822598334172385349644010366805834914705900699564608953687309820656142483342767252204313007649530792658875425125689052584
0.013900993896252850965701367069133878852825839413385477227631190364005021917981003233936960116414642111698599157946319516184949916
0.013838824267653657624377586406158879519014808209544382902399986067589169893095001809889885619505034372009054767884076707630700696
0.013771214185428794223222876653800317463743928745304452677979601284465996977934454736425793360206136882404369166545590022612693385
0.013698218295455194955713969713434001495695666343753793339795122794039025453922757305191385728032161746284726786332756867737585392
0.013619895596691135490362332661324426108170439700788691155011311506315408126984450351708196102163039904482769499003814930504337073
0.01353630939349030053159989046748438326310059048753526350595988752668371187170807591379253605264375527723729771813824226334081563
0.01344752724443601375980917318263298448543901234432231884484494067152425399359758726489217359182551833492719955102105555223843553
0.01335362090773698490532041809897215231242045886417418325658850913695306955698785627259124415097962178035601300360396410343569081
0.013254666283228707866397416642446688592151333018361269880561347147416545171707366186921616573388602997380739464926964029021699984
0.013150743351027387265182118003474578649619103124135800728711892816785986433433592971413927459895195305153938301906612197870567467
0.013041936106885976430843150400355504124871354619891117009767889692858734276990981513243651942780942768926424520133629182626181232
0.012928332494304575318976995724468806858624017093012872383849592200017490459536506110844744140238152982508284095321073503769251611
0.012810024333450060166235069951026701780995990400859185235577527026298917011405452429615714688873498997109949846591922008113100967
0.012687107246942395618920253148464365554168440248537289647709278764669231958107255951744626052459435450501727895235287464856212042
0.012559680582567612579483342722311037900431508044000791018713479573119518994521789698313704351134289452465466278705276386398146752
0.01242784733297991903855510644030379804132591072310867547607803722924778151013673777618866950057727349113246084150019234980563142
0.012291714052457844694659900225892094178320843095384303658416265007173311999090800196170070486769435959285114481003423254274016333
0.012151390770781701242166914779675219570486391152762248550405483227303276497776234404701071019578871703994031434526976163000559987
0.012006990904301966905837414578789636940961369433171626905480829777018069129201346237240734200977143953751914906452594458616833813
0.011858631164270474236966371254710547818328209999352937071323735530969793250656167065012928119204919352160639741420062787568856389
0.011706431462508492526513316979680114304573866266904935547753531838341369144084568583865584902723890918776278438585083015898561441
0.01155051481448794864664501146130644915147491866752305960755812426428244475285767745284205300318939926673016240827460054449837038
0.011391007239904120964048153359187164087906011935549636419018488813700263592878654536526042642190726698026090576457864246184579249
0.011228037660820168486298096265818632087738120918349431998911821260798817430304727213800260895799005046493267988267625852553263919
0.011061737797465819967747146795527938821491301689825638049494561184780164464101613503499641686145017898779792519738016186937103605
0.010892242061774443727579410913031487633685018332959606474242015693532664844352043758808638372875430245909523110502096924764609669
0.010719687448744546887404367138992612015945395168222817267919101024410255741243283409027339742682721457459645974220899325107073081
0.010544213425713511141583218662806391795450236668454691934623330325438110464819205715887769403569990568591607033243771338483786055
0.010365961819633059609168377544007367508784820131608333865697207872491585087591085547870765146039275633856743520319971434433976072
0.010185076702437564418016571406946372022639125226744087845103891110612671764597984309102833396000239420473293414129186554038727966
0.010001704274597846133903435055112553377902591408533106966096404121988436345622183516962603623454929423751690209913557979331493029
0.009815992746954582724434540816342404038864719123116262783234240311063038791773936829535773470718307056973343276957170063598592085
0.009628092220926836253853191680954566173559226375813762622764381493958020786598236068445873927604318364338133015710988874515658912
0.009438154567192518816611653727276515411933541890650803370291292193509739486107822475467728471846125050101099098623906860015413863
0.0092463333029388542733150603617770933451082417675928912456095580254333101647762293365165334143989443340738408477244439243713797
0.00905278346778204815413166556728181594267957556668273387053483483622647058485639196436306795302494843025364573504244412486195962
0.008857661498456453707812428598349856813373924514607664142350704611290319590319419128098115041627602473083142844077129131480245782
0.008661125102374516629712386215757870690098280016586935383162966334421762508817745760863380424189781791838070597620231605778968429
0.008463333130159693695806218694370005874163182163935050169761659406077646239308132801413677177504702517012977883312361027728187653
0.008264445447255370623955862653069949910380373236484640132476621834030864018495185164574385236945038705662405839830896849900049398
0.00806462280471355130769493371505424171399074555950537310106517067611687998824602681135331751319849950055181787853364375930200254
0.007864026709267753517922282503086603348062897666125319716785265263678440701380297450999703998498248344129516455116953394350606797
0.007662819292795124708315503588585882283869032217426486462488462726004956057033188507334789910463633340702697518441815457021266015
0.007461163181273285223379116105606112475506868796219810930859060973260603612869037139257129743554884539796902512490018835665626551
0.007259221363337814594828028814696396812374982485450384345487222503748128031396607558409020283001728255593445684544118476446379522
0.007057157058546619392396002774634412870108780480264414671207309875735435384128816344073409380009256160401377850083903868336183651
0.006855133585457658008263748400481384382210104333683806782346708731972139389641303647609321702362186506693150630870796219369212898
0.006653314229626648608636925469019202843717240454499588282943958447358027770753298354201748095020222118256259058262935084223107804
0.00645186211163145115964257538195380951391499548341110601620060780934371799852656133855438537296503062444509858090836592521936149
0.006250940055229792875380909828157230754203273832863207266866197066679334309217826059905315795861677137888074771678594136688909919
0.006050710455756898661093247589450986195319831158572551408019044994167847645273874479492671926417320382395755952875894404186131235
0.005851335148869394221095319839498919705573343314735960928027760357245128012678711423052401022604067316374077244989660873481333515
0.005652975279741569626100585703880765022377747039712971931634714286401330591067687657316318543609206442026779784433997104033668892
0.005455791172819725514029718504710935837917500520745627963231132772223131343071031910501448060679147232183113380366724905036965955
0.005259942202239873027882982438099359262770330271326724190945669092208802813543020738973336062391836348239307502144321756311880548
0.005065586663013522438319753410861108372100524587531878667605684304562453775559255202082423359599581680529100270170191011675413143
0.004872881643085674590592200662398222927123222841171523062966770504516905349151643965702270130003167545976373795216301781832563811
0.004681982896368424357186458265695433681552579563297985257174485216899860255397504353569075570006431232439496730359376416631756136
0.00449304471685279673871731021106587924391971558434118230048185481533752467499763468683269392642632700201539897000148588006469718
0.004306219813900564773638306816712940534362222385196519562678959770223418715352926670596808017904802787978937498963585579042278599
0.004121659188816844696543997939991445949778567892612164941998710077284916485919553717890834343747581965701595819141675407132121718
0.003939512012803228596099829180520260928514319225684704378239959240713776576981507920583308315459615829593641006558822292162712683
0.003759925506390099003629929341035499304777350067523197566360498666129619207721716622819728894843221720199165875032009244390643976
0.00358304482044557429398550185038396523285931439379380208676778017563568694180954295017257588289242549191416910542766397530867317
0.003409012918857259467810122978608390223443609926882769317578123239802447863030459808528003465001101188183843158099864754111571445
0.00323797046298162483867655608215020442940303687780651967113805966243745333509936972959270989411847889667863091606266283800207485
0.003070055697954406462584163161038891868326832597964280837187772738947448532777099242592436177079691097882180847293834528013153398
0.00290540434095391797571267165944361243798594692589654766522297852089183007993019098775614961449877798482849365514188959601939858
0.002744149471507585064874248401365857966198278470275975519097856155235016198937560974633973850390447538100015608363783120042909051
0.002586421423930362359567501996573131888777857737010016662204126320972771790908500909394283492932048407920010862374127698006819733
0.002432347681981969439687637170835458798420288865779899130194766144463826849838566246127082901554177899735531658592367333156898435
0.002282052775828089291478644283468695604483632608735806479525318369460884379750574310052772686980418830884095552266179279070445788
0.002135658181388810365711273643752090961869669115136425300785012397236202255877989805096424079086300979811709311004173709599585763
0.001993282222155663901441242839583490598638091682602458648081745803539224850274555596850011876675405161811684041641596402679027529
0.001855039973556612935557255671323823440121818036294333045478048303607607577263882905435130944585339810946332112391160421292682726
0.001721043169946290035324070881055329685760149897980214210697024641571476724040214073183143990415744876992557623892789810607426449
0.001591400114296658932759213079613658602120840646556572214706878012917046080802590693048376329645981135995055614183782061230513895
0.001466215590661092620945869932542663510534110063039362303022479700951127385843893253193887751837452224079113420401355442379766956
0.001345590779482618857381565314614744746968752486573680919037871896547963407791242933797517627224669749395372553445510003471958849
0.001229623175814785219978591462285607490094372302792096904999702469588202601900440990122590843996902291993372783404678017309345241
0.001118406510521241735373557975185707605055161347287830574651536875441042100972165151814111827335426707771366502606014313182818071
0.001012030674517731549493051999159474940312283040221577534129432145122396210138413537375633008416287677502236005857875009709645048
0.000910581646117721082763351670505024288357275723525795555332722627967382565117522065099098365699970010898560942927672691915096759
0.000814141421540392594454436023361266433276264008333906105951998518199492274329665587657244997144429840917875872844737413444228891
0.000722787948637166099922817858484146288404026489541487016458470091083515480541500366148666636906478037897651590471871313425892642
0.000636595063890316206836470725547998683810810473420476907902442425559106984634840018204300149304245135558959998287562780920216685
0.000555632432734604764392914464826936989933053103112378618609131922326103509781888918522234769259433616885710203742569173639854939
0.000479965493250164390635662370828623102801922338506189043062908948807577268413399890142543748120488054541842765662102352409974395
0.000409655403272143128057041494760724333660697562209672166839070906694574412486752126858301687350130399595818156867120922253629236
0.00034475899095985887907966019857928862904608862760198154669244245962561549610679359818580195997307487246835784334233807398867937
0.000285328708865416122797721519944023943077966938810633948891165335139007155118458193947721736465937868283581848024267579819473001
0.000231412591538908972522532307787112237838097376417323745446048101310340308338882178322221538143062186287297820186223043446795173
0.0001830542167044761863032214383006417910738940276363753466647519468805263772372705811772332177464248260090202689813681469817069338
0.0001402926700385876000251279991414295804615489104657795914581574758853962797761407628452748695821272591793400859460249674081902108
0.0001031625135790299476504774066865454750885517387047973458691196276273627905459056369364909352137541556641154117612961438064943342
0.000071693757790125518883981567016762537257765255362462269461101056591339251749852364330998114733121475792940920695216957421847042
0.0000459118373067619528422610718674735678450017445226766470100888917605423639764138804502034610498636826862091690665567643070213417
0.0000258375903768380656830803759057938081752019943366162740151650218673913533811272413167765202512579245585596139518830909457549015
0.0000114872420187413638605947405957246266424911914261372890185355438467463257638201839618121532242295013898930509176804099311795446
2.8723909074702187756810784007983541785571510594371014538054508602837643285383742496225715455134188327394389064799904652297638e-6