2.2150008161451124108539111264894394248342299977384925215032226177418075300255919018257992262542814919111421658256868361545019975e-6
8.858497784746849858848092890979851489876913985634590754365810305497112699558969053731584260916665653136647532856770467699614743e-6
0.000019925975489540843810245206974664784964615445412303235034550854558333366026788804879625301339291306487357375360136435942910710017
0.00003540991164684578161178513510652091136407712128594645794003857233350842257615176248400168432957312625782237669886751602109361128
0.00005529978221826869413109870853229107976325687130951924968679095786189997111006853541004449935592901780350878964171132664652141676
0.00007958206856362673039452611067259169876706551422968041449856674373484683823112670948159067444114848460257143576726699159192128844
0.00010824026662922375984752528858357391976254015442055959194910632532749642972459702990059925810929273576538728282749131070072263323
0.00014125489816523676384788155383326057615835901881731563088773627949256154498963465768260454069312790527560080248683853739908922456
0.00017860352396458784358103742044888142310222727395051320951095995988051602241032391355527219830060776454749170413048754795924042457
0.00022026075911430371912271231756439868309586240707678409841244585458972972720655050251795808634313339923538023891783225934729414804
0.000266198290248996757707191358550388838310939655383520039280850493622925130978289382585248953295268807817816404226644413073413792
0.00031638489479474077807409484422935096123713785209766195814776950756693469739091753037578910624387527920814529265093473204093123632
0.0003707864621902620569573248638683102242789582586798229439552314865150326457936707091970242501974832191750759169617699970515961586
0.0004293660170710220328251889020786514468668371250300085633772450619473911648771594995550264508324565894592811641132945028852989548
0.0004920837444004340743161810243417721142356961552725291343053084608345506290366872801196806234141492719493905989460140058745505516
0.0005588970165311332632132697540686509210277747775034932234922283317766037154154746911260575279371137191020009818763804892776354262
0.0006297604221779063337541510231886351614676192133899144543573191258507289658159519180082828716622977633644683017445330099946174168
0.0007046257972825896031884067263902196341246284602420904408005088917147164737016568316758265623046665704876658499068550912490071715
0.0007834422577499568058707762048714437610242838294563094201399842025634000438077288069825630906351432316986794829535300974701541442
0.0008661562340323470788317661425499685186803674405977530324839494303539462519079945598929496907997630431667541846527286982452983562
0.0009527115075395268050105738244798608235996263626171925815214108242134405894656680957562828533844425160978233935609017443326474254
0.001043049248849038455210317673808886544147929787506705928469337905660166079519708405567480167135498768677933453528058226108317423
0.001137108057691065824522484884927627766246496469776061257428580959030300064993017167493572265325348424480563388980152364244830753
0.0012348240046806389652149470154433974494258875771886356145716192221821496247463714433621940167337437541701265210257861746570734373
0.0013361306747688144956371711400274065516098347085755807201648672440917857296374790405516021000482103111450835415465201466199869691
0.001440959212383298620764195340778463955933211683497655552701857821357913525543822040993177507096122024166434778160561034486212123
0.0015492383682278319286712586350141613678775709050999678055879445866114280465573404379819354731556670665762022293453204525838621282
0.001660894547708527608954554290685960119391171902518892929503479455863466271293097468184426173289572047138634430644562404739868925
0.0017758518609542489401679982131652766589833186707871056269517241309873515998374857500791615473440720534306894630453736077903540528
0.0018940321743970284653146466333156475453368097622706440078978086676713482274001747345502214651440487895236847621168525669741461213
0.002015355163877470953692992969105728813212895651976375483560270651095722940365112648127340205992605793963363932363729855869676136
0.0021397383692390457546259153119674900675453643346484125907476856938549145533752524406898026579911723907078187833174037459250989486
0.0022670972503741621882713626929009714210013815797234008899575959805588993788798056867178518980428389786226633176230351984023501296
0.002397345244683934878632709948559796184770425719543397267988073724825134467321115670254052601090424972746493372358028498846480702
0.0025303938259125850847152653682253064806754854783383807389079156883718258570511930965491866569477745695308792937414106149487225613
0.0026661525643164897805784759238531621200362636981227846003469130201154827043040001389423667111621996564759558380993631788291261301
0.0028045291881269831088344695994718176367220779191196441664445788985330034251361621273171363301790519077757127272409910611207099692
0.0029454296462651355014933558686954707257539732071764897288791267714963037575236018904750357406654853053204358064413391647638042378
0.0030887581722658848246128975095300195882631896488569567716744264585944930027548602378898642718588677560319152523890631849959866018
0.0032344173493680719373353510827310747085885141014176047443590813542653645871726409087464355799344061108107561171731869968823652221
0.0033823081767261406202567915144105799637362328662089493785803269973074328862747315221518092697709995689324319657543042102261478885
0.0035323301366984994612724775164329436723565401788020669059968653953621243107630223783316582623641124448619347236366576307708406994
0.003684381263166811507237143816360302997612201603452925191063508567137207029327814790732998697366936981194265223762059321955221758
0.003838358210839776794343682557520645284613539730408793477015462628673027128079956266100715245369900156169917452285141244397405371
0.003994156325494303735302402180341060880807876385736046185810552075166075663784137859822789928948085961674902318255177911277961977
0.004151669715106328221989881653384214994834274768896540040917329289353581430511095961126375824238775222961957347720865995376584529
0.004310791321822934631265264858348101623917462960113213323642384735030407109215214288099021195810113853454085999514073588500072472
0.004471412994726861110102175599928611724170095240956622419703941847891652023056956359674148962965472251937251653813594187636967166
0.004633425563343932952702074699297884846858381875968273706757259085270114078928994350010091346029945871815200221823288453848134808
0.004796718911843462932887756084182627842654482782957506785641150108150098384446340547675717412785671482256802073497038783331183002
0.004961182053881186463025056922652535909063308090682158218824527426749471513322054697724114212090689938865156743547433448243060213
0.005126703208033862736108079752747030581437645102225782045689405155995321910148764098992135551127256514215780708408944909939364036
0.005293169873774270867292129853554802230561596240141803103406617847070468036333690270899329575403604168072889293308058640462955381
0.005460468907934962758393748301021599310686632634665357324295090928631691525958213116108265054976088126383657305657516644797507119
0.005628486601608802213338239881463101899723316408434782427559778796677770544671757765552394863507128033678711146014475346561011027
0.005797108757434022960006831358400200197451280184047132978883417628476525576980244510541265929605437620197869680735946428818481081
0.005966220767211276886194771748456537538410173588184767813353376578589491354053211515770081487251936249732908605403997765029213891
0.006135707689799918152069728171235690665657037977340049025922903494474516270433308964331820357104940223258646440100181238523168399
0.006305454329240579051982136503378136388103616085712883996588895617827886406235912613304343172840728470608759434977770079121641126
0.006475345313050939693720867022607838668190363287553607428295628162776725469971581676738628780848712761210733388414850498817452366
0.006645265170641475847865851818157532999834620671567627826837429460380388656676370902500731938631142051678532794349627345698848896
0.00681509841179788777377239084965916407713689255349799799078990967922813074210060137157420002746221535510224876780642910586101532
0.006984729605176867507354533031724295330317548224117621659322241371512294957498416239270636161370128871156415224316504828980844098
0.007154043456761853030021000627161506746397467433390144452393721761894084132236467397151908684912557611541274604151266697654642462
0.007322924888225444934018393166588605108627303373299944825884161447873854434187822894732778960969660826959566281986008693969464639
0.007491259115145224638568507270442941156100012041005636398669875550671463151991874299657841720451654057314316531695363800263748331
0.00765893172501981285043157325416931208471196107183167511096115495900296327580472037536975126871865913861175852171439474018200566
0.007825828755032142734162772488863869719198389952452321995930646878926052531290141983454274279056214079704862748377176067074978609
0.007991836769507094069075026630273094091862985938568711423016346319043949873445019035203531538245696013766012816018047843008811944
0.008156842937010842405000658440456437831446237590760007259444274318778212867390716672825652105780307306377764622182558599435431539
0.008320735107039520746165853128874020207563277179204801845885652340590412204472397510060643543316007505910307043615014391150751106
0.008483401886245070426342424547977245059353655783174847384437659733188258673217987813264052718009696909301320696466277158843221149
0.008644732714146472399201018929750328068607488560327481652319294063121414149857143766319385618207310791213894428220762056886942384
0.008804617938274899941659606003517953771310815625801149188886573588146591022354482268314027394198154618652437928224740098528370039
0.008962948888701718517268492002678400327172217164119571061718444627170369464007090298279497305959785549619855876874706171766313834
0.009119617951898678009793843503986099258309295189026699832369751684493397759116098290862312835826800592159937890853002928438049323
0.009274518643880096429057398880577298122184426095000277992055115564539535990359614873298902553658400198125887520704091655798247561
0.009427545682577322203261864570765051305279880613443302099935570644335689495509045347416223511664459572798301586556201119343703781
0.009578595059396283972789959903658173798136658508396350972499174117881970538899320606019548295280375795552058820148982958116103599
0.009727564109909492035155455693101518430832562530651435406203618883041779182026465008435709465166023565294092993686175574010116453
0.00987435158363444388202792212373984668105884531090039693120327711038791157664263921523040466460945137376363103145756816141156993
0.010018857712851007217202634492285935678809455129118083596633894751681787627890458534179583756734249761832825692840578972511732714
0.010160984280411007027000620595966323593048083642733992764872498374717069889922648148776777192291432730352627082543438246238106776
0.010300634686493928247909527634911958791735611332630830714023328563595426507255706070297329315646833898430444228395446273686098565
0.010437714014263361874754855929491945176459104890159355668295216594035014293119063535962980078518815008808121556610877666179881488
0.010572129094379569489473256542302904542390763294229351030219488537774919690550844290488230101733431639210753078751157366519406444
0.010703788568324318657835113030695417168742847280748073478804448164003472273991901269415708047132542199249435416888285087266619684
0.010832602950494948910807750534804076295610043859694695225428223014225486137757660414615245012098900507158282808018055485526991518
0.01095848468902546454998285513207814451846881000868559313229510955816460994444625611407505961651955658967876328152189121200461405
0.011081348225293315724048774372639033894586815105673622199072683621717077727041215661248898201818862617969793380716009858444663471
0.011201110052071422527610690289420220018265444752909311923726644403592570213905497470209374150221885942030601509069249919379600346
0.011317688770285917667592934915400062557940705129891919645114408654796828187043761598887665997549040157379375675324279670289339601
0.011431005144341030900157691931794966107113031771686647102135493326968535805082439138705003346107486458252176952905390059676455217
0.011540982155973512318444111284399152463658000654683499779138849778312167356837820531447389018549432362670893035536497734847642121
0.011647545056599991006551727146759708410270609415692697058232199614066053032292542338108300114937035395455165526903913810387788776
0.011750621418121689888771330162004361480149953899520455768657298340557323640087514483979800219544619244985870788097616805832463583
0.011850141182151966098905161756057871150276043750896336210331873638172968263011280196501228070064940395027855271343073883775520213
0.011946036707633218159980462821329408378713591441558266751506277672475586571762131211354055710262941326579224873310107065006615134
0.012038242816810795971158305207807386866073639476315319478904381902289090169770421547417559618691535121631159532280863342527693784
0.012126696839532666302129041439947346066190969003330660592758866635344153104566285186080882989414968979912024540625492848285148636
0.012211338655844724436771608312422727490089294682960972148182295124848383661256587556019436178594726909669134521612739798070735002
0.012292110736852801013906368761570750763244570343312167255775555541338089689300860394589792531888499482677421201110065045965049523
0.012368958183823591196250982466501628338565408391673240881778656137393626884090921029655051133042059135936965290299389080798029921
0.012441828765497930258482655821115421296443349599260185249169056245914231561736737158965776756758354411453409244216897069677928428
0.012510672953591054708074845573398723844832385883313786051424818412912600360864522055790931562164205631767369697205857825785385106
0.012575443956455720312491944067356302054453590757763397317995282622664543265703926777370373025545217207497289764053316491432485524
0.012636097750885297065855870323834133138766892884919882352544825331973573897276892579849066854888007787022799589195052242282238502
0.012692593112035225338661640815749093045564668269326708551943272413988920633246683581581056231217493761891986866641714340876205821
0.012744891641442496356263133108523562260252330759528092617072550950978638685789303975472704283095992152311655697085127288218816167
0.012792957793124112876438058260937145891129657701063982450968854695054414150472100274271558576385250104716047265335489329408478264
0.012836758897736791604740533611401087303930206820748338052278026449241939504697809043695212360952928635628633856557905588519484989
0.012876265184781486611130925719638540024922116666381920755611962040515866585346356115432038953026668312531816944332483823109128482
0.012911449802837641896911726439643522178649464673958393004081381328553134926344638515765610232042320001130513908286878263674644683
0.012942288837813420404085362207694962596198205720742828630953113378511505407863933203839759427172164882716430886287811617691514789
0.012968761329199505249703451431788676373766502856867973615236283760151684497736839659521388424577177837594841001499973160063063846
0.012990849284315425889062383418684823992470618881847655673812996956286119422463376138455913462060301967121249719317505635742060982
0.013008537690538726341452238279499732300892265147635616815167113019347692980391134335582985956791843433868119412280224053664052484
0.013021814525508663623216662158999814668054661025893187210302602611384822899186981314973303351359960790237794202865175314315980317
0.013030670765297501193288943840295168815066526520171342800485451686770181749069544697800512724450640907100911996875209062714657843
0.013035100390543843590453070602317969638939122126319819410887789118984821646687946667080615053532660240016279499279620354122812611
0.013035100390543843590453070602317969638939122126319819410887789118984821646687946667080615053532660240016279499279620354122812611
0.013030670765297501193288943840295168815066526520171342800485451686770181749069544697800512724450640907100911996875209062714657843
0.013021814525508663623216662158999814668054661025893187210302602611384822899186981314973303351359960790237794202865175314315980317
0.013008537690538726341452238279499732300892265147635616815167113019347692980391134335582985956791843433868119412280224053664052484
0.012990849284315425889062383418684823992470618881847655673812996956286119422463376138455913462060301967121249719317505635742060982
0.012968761329199505249703451431788676373766502856867973615236283760151684497736839659521388424577177837594841001499973160063063846
0.012942288837813420404085362207694962596198205720742828630953113378511505407863933203839759427172164882716430886287811617691514789
0.012911449802837641896911726439643522178649464673958393004081381328553134926344638515765610232042320001130513908286878263674644683
0.012876265184781486611130925719638540024922116666381920755611962040515866585346356115432038953026668312531816944332483823109128482
0.012836758897736791604740533611401087303930206820748338052278026449241939504697809043695212360952928635628633856557905588519484989
0.012792957793124112876438058260937145891129657701063982450968854695054414150472100274271558576385250104716047265335489329408478264
0.012744891641442496356263133108523562260252330759528092617072550950978638685789303975472704283095992152311655697085127288218816167
0.012692593112035225338661640815749093045564668269326708551943272413988920633246683581581056231217493761891986866641714340876205821
0.012636097750885297065855870323834133138766892884919882352544825331973573897276892579849066854888007787022799589195052242282238502
0.012575443956455720312491944067356302054453590757763397317995282622664543265703926777370373025545217207497289764053316491432485524
0.012510672953591054708074845573398723844832385883313786051424818412912600360864522055790931562164205631767369697205857825785385106
0.012441828765497930258482655821115421296443349599260185249169056245914231561736737158965776756758354411453409244216897069677928428
0.012368958183823591196250982466501628338565408391673240881778656137393626884090921029655051133042059135936965290299389080798029921
0.012292110736852801013906368761570750763244570343312167255775555541338089689300860394589792531888499482677421201110065045965049523
0.012211338655844724436771608312422727490089294682960972148182295124848383661256587556019436178594726909669134521612739798070735002
0.012126696839532666302129041439947346066190969003330660592758866635344153104566285186080882989414968979912024540625492848285148636
0.012038242816810795971158305207807386866073639476315319478904381902289090169770421547417559618691535121631159532280863342527693784
0.011946036707633218159980462821329408378713591441558266751506277672475586571762131211354055710262941326579224873310107065006615134
0.011850141182151966098905161756057871150276043750896336210331873638172968263011280196501228070064940395027855271343073883775520213
0.011750621418121689888771330162004361480149953899520455768657298340557323640087514483979800219544619244985870788097616805832463583
0.011647545056599991006551727146759708410270609415692697058232199614066053032292542338108300114937035395455165526903913810387788776
0.011540982155973512318444111284399152463658000654683499779138849778312167356837820531447389018549432362670893035536497734847642121
0.011431005144341030900157691931794966107113031771686647102135493326968535805082439138705003346107486458252176952905390059676455217
0.011317688770285917667592934915400062557940705129891919645114408654796828187043761598887665997549040157379375675324279670289339601
0.011201110052071422527610690289420220018265444752909311923726644403592570213905497470209374150221885942030601509069249919379600346
0.011081348225293315724048774372639033894586815105673622199072683621717077727041215661248898201818862617969793380716009858444663471
0.01095848468902546454998285513207814451846881000868559313229510955816460994444625611407505961651955658967876328152189121200461405
0.010832602950494948910807750534804076295610043859694695225428223014225486137757660414615245012098900507158282808018055485526991518
0.010703788568324318657835113030695417168742847280748073478804448164003472273991901269415708047132542199249435416888285087266619684
0.010572129094379569489473256542302904542390763294229351030219488537774919690550844290488230101733431639210753078751157366519406444
0.010437714014263361874754855929491945176459104890159355668295216594035014293119063535962980078518815008808121556610877666179881488
0.010300634686493928247909527634911958791735611332630830714023328563595426507255706070297329315646833898430444228395446273686098565
0.010160984280411007027000620595966323593048083642733992764872498374717069889922648148776777192291432730352627082543438246238106776
0.010018857712851007217202634492285935678809455129118083596633894751681787627890458534179583756734249761832825692840578972511732714
0.00987435158363444388202792212373984668105884531090039693120327711038791157664263921523040466460945137376363103145756816141156993
0.009727564109909492035155455693101518430832562530651435406203618883041779182026465008435709465166023565294092993686175574010116453
0.009578595059396283972789959903658173798136658508396350972499174117881970538899320606019548295280375795552058820148982958116103599
0.009427545682577322203261864570765051305279880613443302099935570644335689495509045347416223511664459572798301586556201119343703781
0.009274518643880096429057398880577298122184426095000277992055115564539535990359614873298902553658400198125887520704091655798247561
0.009119617951898678009793843503986099258309295189026699832369751684493397759116098290862312835826800592159937890853002928438049323
0.008962948888701718517268492002678400327172217164119571061718444627170369464007090298279497305959785549619855876874706171766313834
0.008804617938274899941659606003517953771310815625801149188886573588146591022354482268314027394198154618652437928224740098528370039
0.008644732714146472399201018929750328068607488560327481652319294063121414149857143766319385618207310791213894428220762056886942384
0.008483401886245070426342424547977245059353655783174847384437659733188258673217987813264052718009696909301320696466277158843221149
0.008320735107039520746165853128874020207563277179204801845885652340590412204472397510060643543316007505910307043615014391150751106
0.008156842937010842405000658440456437831446237590760007259444274318778212867390716672825652105780307306377764622182558599435431539
0.007991836769507094069075026630273094091862985938568711423016346319043949873445019035203531538245696013766012816018047843008811944
0.007825828755032142734162772488863869719198389952452321995930646878926052531290141983454274279056214079704862748377176067074978609
0.00765893172501981285043157325416931208471196107183167511096115495900296327580472037536975126871865913861175852171439474018200566
0.007491259115145224638568507270442941156100012041005636398669875550671463151991874299657841720451654057314316531695363800263748331
0.007322924888225444934018393166588605108627303373299944825884161447873854434187822894732778960969660826959566281986008693969464639
0.007154043456761853030021000627161506746397467433390144452393721761894084132236467397151908684912557611541274604151266697654642462
0.006984729605176867507354533031724295330317548224117621659322241371512294957498416239270636161370128871156415224316504828980844098
0.00681509841179788777377239084965916407713689255349799799078990967922813074210060137157420002746221535510224876780642910586101532
0.006645265170641475847865851818157532999834620671567627826837429460380388656676370902500731938631142051678532794349627345698848896
0.006475345313050939693720867022607838668190363287553607428295628162776725469971581676738628780848712761210733388414850498817452366
0.006305454329240579051982136503378136388103616085712883996588895617827886406235912613304343172840728470608759434977770079121641126
0.006135707689799918152069728171235690665657037977340049025922903494474516270433308964331820357104940223258646440100181238523168399
0.005966220767211276886194771748456537538410173588184767813353376578589491354053211515770081487251936249732908605403997765029213891
0.005797108757434022960006831358400200197451280184047132978883417628476525576980244510541265929605437620197869680735946428818481081
0.005628486601608802213338239881463101899723316408434782427559778796677770544671757765552394863507128033678711146014475346561011027
0.005460468907934962758393748301021599310686632634665357324295090928631691525958213116108265054976088126383657305657516644797507119
0.005293169873774270867292129853554802230561596240141803103406617847070468036333690270899329575403604168072889293308058640462955381
0.005126703208033862736108079752747030581437645102225782045689405155995321910148764098992135551127256514215780708408944909939364036
0.004961182053881186463025056922652535909063308090682158218824527426749471513322054697724114212090689938865156743547433448243060213
0.004796718911843462932887756084182627842654482782957506785641150108150098384446340547675717412785671482256802073497038783331183002
0.004633425563343932952702074699297884846858381875968273706757259085270114078928994350010091346029945871815200221823288453848134808
0.004471412994726861110102175599928611724170095240956622419703941847891652023056956359674148962965472251937251653813594187636967166
0.004310791321822934631265264858348101623917462960113213323642384735030407109215214288099021195810113853454085999514073588500072472
0.004151669715106328221989881653384214994834274768896540040917329289353581430511095961126375824238775222961957347720865995376584529
0.003994156325494303735302402180341060880807876385736046185810552075166075663784137859822789928948085961674902318255177911277961977
0.003838358210839776794343682557520645284613539730408793477015462628673027128079956266100715245369900156169917452285141244397405371
0.003684381263166811507237143816360302997612201603452925191063508567137207029327814790732998697366936981194265223762059321955221758
0.003532330136698499461272477516432943672356540178802066905996865395362124310763022378331658262364112444861934723636657630770840699
0.003382308176726140620256791514410579963736232866208949378580326997307432886274731522151809269770999568932431965754304210226147888
0.003234417349368071937335351082731074708588514101417604744359081354265364587172640908746435579934406110810756117173186996882365222
0.003088758172265884824612897509530019588263189648856956771674426458594493002754860237889864271858867756031915252389063184995986602
0.002945429646265135501493355868695470725753973207176489728879126771496303757523601890475035740665485305320435806441339164763804238
0.002804529188126983108834469599471817636722077919119644166444578898533003425136162127317136330179051907775712727240991061120709969
0.00266615256431648978057847592385316212003626369812278460034691302011548270430400013894236671116219965647595583809936317882912613
0.002530393825912585084715265368225306480675485478338380738907915688371825857051193096549186656947774569530879293741410614948722561
0.002397345244683934878632709948559796184770425719543397267988073724825134467321115670254052601090424972746493372358028498846480702
0.00226709725037416218827136269290097142100138157972340088995759598055889937887980568671785189804283897862266331762303519840235013
0.002139738369239045754625915311967490067545364334648412590747685693854914553375252440689802657991172390707818783317403745925098949
0.002015355163877470953692992969105728813212895651976375483560270651095722940365112648127340205992605793963363932363729855869676136
0.001894032174397028465314646633315647545336809762270644007897808667671348227400174734550221465144048789523684762116852566974146121
0.001775851860954248940167998213165276658983318670787105626951724130987351599837485750079161547344072053430689463045373607790354053
0.001660894547708527608954554290685960119391171902518892929503479455863466271293097468184426173289572047138634430644562404739868925
0.001549238368227831928671258635014161367877570905099967805587944586611428046557340437981935473155667066576202229345320452583862128
0.001440959212383298620764195340778463955933211683497655552701857821357913525543822040993177507096122024166434778160561034486212123
0.001336130674768814495637171140027406551609834708575580720164867244091785729637479040551602100048210311145083541546520146619986969
0.001234824004680638965214947015443397449425887577188635614571619222182149624746371443362194016733743754170126521025786174657073437
0.001137108057691065824522484884927627766246496469776061257428580959030300064993017167493572265325348424480563388980152364244830753
0.001043049248849038455210317673808886544147929787506705928469337905660166079519708405567480167135498768677933453528058226108317423
0.000952711507539526805010573824479860823599626362617192581521410824213440589465668095756282853384442516097823393560901744332647425
0.000866156234032347078831766142549968518680367440597753032483949430353946251907994559892949690799763043166754184652728698245298356
0.000783442257749956805870776204871443761024283829456309420139984202563400043807728806982563090635143231698679482953530097470154144
0.000704625797282589603188406726390219634124628460242090440800508891714716473701656831675826562304666570487665849906855091249007172
0.000629760422177906333754151023188635161467619213389914454357319125850728965815951918008282871662297763364468301744533009994617417
0.000558897016531133263213269754068650921027774777503493223492228331776603715415474691126057527937113719102000981876380489277635426
0.000492083744400434074316181024341772114235696155272529134305308460834550629036687280119680623414149271949390598946014005874550552
0.000429366017071022032825188902078651446866837125030008563377245061947391164877159499555026450832456589459281164113294502885298955
0.000370786462190262056957324863868310224278958258679822943955231486515032645793670709197024250197483219175075916961769997051596159
0.000316384894794740778074094844229350961237137852097661958147769507566934697390917530375789106243875279208145292650934732040931236
0.000266198290248996757707191358550388838310939655383520039280850493622925130978289382585248953295268807817816404226644413073413792
0.000220260759114303719122712317564398683095862407076784098412445854589729727206550502517958086343133399235380238917832259347294148
0.0001786035239645878435810374204488814231022272739505132095109599598805160224103239135552721983006077645474917041304875479592404246
0.0001412548981652367638478815538332605761583590188173156308877362794925615449896346576826045406931279052756008024868385373990892246
0.0001082402666292237598475252885835739197625401544205595919491063253274964297245970299005992581092927357653872828274913107007226332
0.0000795820685636267303945261106725916987670655142296804144985667437348468382311267094815906744411484846025714357672669915919212884
0.0000552997822182686941310987085322910797632568713095192496867909578618999711100685354100444993559290178035087896417113266465214168
0.0000354099116468457816117851351065209113640771212859464579400385723335084225761517624840016843295731262578223766988675160210936113
0.00001992597548954084381024520697466478496461544541230323503455085455833336602678880487962530133929130648735737536013643594291071
8.8584977847468498588480928909798514898769139856345907543658103054971126995589690537315842609166656531366475328567704676996147e-6
2.215000816145112410853911126489439424834229997738492521503222617741807530025591901825799226254281491911142165825686836154502e-6