0.00001038229196625336117014051204702250961568979936195215287337316702067560104479325161393194976449333949000965663777337003111280399
0.00004150940458216478170909225768884489121158307862174768299994726544986920041490288805409431324004379767940057010763239405995708967
0.00009332208561972044669856236096098217905899662244268365765719394025251253044338418238861644792762287639797906015720094929751677796
0.00016572170669572509005731398990624465783523949767198155877335958195740183331590653493776691353299598084894218010601649034965485566
0.00025857045101653507757476643597807976884921102522601185592010707935464553751628222800183413487847451645432317842792766680459151531
0.000371691575720158102057703459228541119245218665573072154692747501507324558131275588313446920390048949734570929484637971503364458
0.0005048697483163363932701700472581485915814973138748286877117992462434593324806916358960818339305725879479490937069760137427872915
0.0006578514565841806222721588168444123398374286607749012990003758652151338186173844320642658665178669861221586724162711117883126642
0.00083034549114709105696165107335201600577095050547248359586764384012783935811275584326806820706185559853729557011986376940632729
0.001022023499806357178634938862756627737114966836274897214427894632400952740858076069819826386842464692740215625802481666117647618
0.0012325206125782302464329434789362571712118634965074909681209273259984775039804393831453459466718283101817474613462581404205122231
0.0014614361362446752172622430445009350200384375945694269361809624625889987312384658788258588299445375510340780027488976329545130759
0.0017083343170956851892271209096287184209543784743761772270569489704036227238223860662614286955627500474063981753489932202963294847
0.0019727451704112350215903969910962122774419372119446920741932931225518868289879072019267043482700176665187056965487402048852596195
0.0022541653751039080878751636264685967873473800633208026352001231356432665715180282062144776082437196028982667356542751476830625343
0.0025520592318191930739200590164357140427238992914901738687756429142643177710441784563729387937507176380723062694342954060498287038
0.0028658596826696524510719554615965412848896601141605397849434093503197502080193705975702487525424409928538259819901759801586895167
0.0031949693906618406769260516953095695655897866482196552410841902389916632282516390393762894373601890600709825700370413575170626575
0.003538761876761221634202867509171854626470299310440877599893610254179033245666044718909816289878655215882787093580660965165131923
0.003896582712430617610872123994494031487029909159399502565970215451828254083050828954807975563267046317093466195961752039265708882
0.004267750765372125104435309754492946156084519882804607036563914149709948141112813133460943408135579085503594238873286727758383732
0.00465155949610115691029157189882515667032763662681588846973929542437963361219618008404149743333622960455780446686517336785418064
0.005047278302884508112620628062288239297064821169636265340864112941244033000900698762873630443741520841274156359264697656714594493
0.005454153912482279927886533651526914729508974651692892050303723250534403483135779511507004905107842131913451539085559560151204591
0.005871411814046305104322579752812612671568817933111470912616706726845449566415653511754311316238656762042756375544194833618927494
0.006298257733445567727190587661917517679901895755191643313868098342139042554490281827026606690119498456948499181413578146508185632
0.006733879145212155198036319909521865481992426043023860721700726291611371355602130071941682850007728054721287899455033341841542229
0.007177446819229667334958257298466042629823279641658263093410590631197954716536636603143801160481633927582379062315383571386355156
0.007628116399219873299144966229860054601396861018170918356633943326244419258121796532106027655215503564398439163018385821941868775
0.008085030010022877280904719066972801012673381320739201014216003763584468296151195571951167293245544153490491437618715734288710983
0.008547317890611243797971281888715436765709786503100073003375836396992516090732880061339842891603815858921026189887919153886506958
0.009014100049729547404125167103462527756131478672670511530832179452019623013844764998705336882982833611876755481153094826040893143
0.009484487941007742824859554749937248677441519745537465061274967205553379752866286660067600409033820259465931912636707742025673938
0.009957586154359682012817609174714244918690978927715989240842048010917872878141727890907131848788131290048413007424860581534797181
0.010432494120447104912978889872361368209275434325517097841671424856663661746429612339897927061324762526602252364168384040426591921
0.010908307824964559855773067303053829459017949303385784100607446501068806966271559023014009810215684263826903078171119120302409183
0.011384121529482014798567244733746290708760464281254470359543468145473952186113505706130092559106606001051553792173854200178226444
0.011859029495569437698728525431393413999344919679055578960372844991219741054401390155120887771643237237605393148917377659070021184
0.012332127708921376886686579856170410240594378861234103139939925796584234179676831385960419211397548268187874243705530498579144427
0.012802515600199572307420967502645131161904419934101056670382713550117990918698353047322682737448534915777050675189143414563925222
0.013269297759317875913574852717392222152326112103671495197839056605145097841810237984688176728827552668732779966454319086718311408
0.013731585639906242430641415539134857905362517286032367186998889238553145636391922474076852327185824374163314718723522506316107382
0.014188499250709246412401168376247604316639037588600649844580949675893194674421321513921991965215864963255366993323852418662949591
0.014639168830699452376587877307641616288212618965113305107804302370939659216006481442884218459949734600071427094026854669218463209
0.015082736504716964513509814696585793436043472563747707479514166710526242576940987974086336770423640472932518256887204898763276137
0.015518357916483551984355546944190141238134002851579924887346794659998571378052836219001412930311870070705306974928660094096632733
0.015945203835882814607223554853295046246467080673660097288598186275292164366127464534273708304192711765611049780798043406985890871
0.016362461737446839783659600954580744188526923955078676150911169751603210449407338534521014715323526395740354617256678680453613774
0.016769337347044611598925506543819419620971077437135302860350780060893580931642419283154389176689847686379649797077540583890223873
0.017165056153827962801254562707282502247708261979955679731475597577757980320346937961986522187095138923096001689477064872750637725
0.017548864884556994607110824851614712761951378723966961164650978852427665791430304912567076212295789442150211917468951512846434633
0.017920032937498502100674010611613627431005989447372065635244677550309359849492289091220044057164322210560339960380486201339109483
0.018277853773167898077343267096935804291565599296330690601321282747958580686877073327118203330552713311771019062761577275439686442
0.018621646259267279034620082910798089352446111958551912960130702763145950704291479006651730183071179467582823586305196883087755708
0.018950755967259467260474179144511117633146238492611028416271483651817863724523747448457770867888927534799980174352062260446128849
0.019264556418109926637626075589671944875311999315281394332439250087873296161498939589655080826680650889581499886907942834554989662
0.019562450274825211623670970979639062130688518543450765566014769866494347361025089839813542012187648924755539420687963092921755831
0.019843870479517884689955737615011446640593961394826876127021599879585727103555210844101315272161350861135100459793498035719558746
0.020108281332833434522319013696478940497081520132395390974157944031733991208720731979766590924868618480247407980993245020308488881
0.020355179513684444494283891561606723897997461012202141265033930539548615201304652167202160790486830976619728153593340607650305289
0.020584095037350889465113191127171401746824035110264077233093965676139136428562678662882673673759540217472058694995980100184306142
0.020794592150122762532911195743351031180920931770496670986786998369736661191685041976208193233588903834913590530539756574487170747
0.020986270158782028654584483532755642912264948101299084605347249162009774574430362202759951413369512929116510586222374471198491075
0.021158764193344939089273975789263246578198469945996666902214517136922480113925733613963753753913501541531647483925967128816505701
0.021311745901612783318275964558849510326454401292896739513503093755894154600062426410131937786500795939705857062635262226862031074
0.021444924074208961609488431146879117798790679941198496046522145500630289374411842457714572700041319577919235226857600269101453907
0.02155804519891258463397136817012957914918668758154555634529478592278296839502683581802618548555289401119948297791431057380022685
0.02165089394323339462148882061620141426020065910909958664244153342018021209922721151109025270689837254680486397623622175025516351
0.021723293564309399264847572245146676738976901984328884543557699061885101402099733863639403172503745651255827096185037291307301587
0.021775106245346954929837042348418814026824315528149820518214945736687744732128215157973925307191324729974405586234605846544861276
0.021806233357962866350375994094060636408420208807409616048341519835116938331498324794414087670666875188163796499704464870573705561
0.021816615649929119711546134606107658918035898606771568201214893002137613932543118046028019620431368527653806156342238240604818365
0.021806233357962866350375994094060636408420208807409616048341519835116938331498324794414087670666875188163796499704464870573705561
0.021775106245346954929837042348418814026824315528149820518214945736687744732128215157973925307191324729974405586234605846544861276
0.021723293564309399264847572245146676738976901984328884543557699061885101402099733863639403172503745651255827096185037291307301587
0.02165089394323339462148882061620141426020065910909958664244153342018021209922721151109025270689837254680486397623622175025516351
0.02155804519891258463397136817012957914918668758154555634529478592278296839502683581802618548555289401119948297791431057380022685
0.021444924074208961609488431146879117798790679941198496046522145500630289374411842457714572700041319577919235226857600269101453907
0.021311745901612783318275964558849510326454401292896739513503093755894154600062426410131937786500795939705857062635262226862031074
0.021158764193344939089273975789263246578198469945996666902214517136922480113925733613963753753913501541531647483925967128816505701
0.020986270158782028654584483532755642912264948101299084605347249162009774574430362202759951413369512929116510586222374471198491075
0.020794592150122762532911195743351031180920931770496670986786998369736661191685041976208193233588903834913590530539756574487170747
0.020584095037350889465113191127171401746824035110264077233093965676139136428562678662882673673759540217472058694995980100184306142
0.020355179513684444494283891561606723897997461012202141265033930539548615201304652167202160790486830976619728153593340607650305289
0.020108281332833434522319013696478940497081520132395390974157944031733991208720731979766590924868618480247407980993245020308488881
0.019843870479517884689955737615011446640593961394826876127021599879585727103555210844101315272161350861135100459793498035719558746
0.019562450274825211623670970979639062130688518543450765566014769866494347361025089839813542012187648924755539420687963092921755831
0.019264556418109926637626075589671944875311999315281394332439250087873296161498939589655080826680650889581499886907942834554989662
0.018950755967259467260474179144511117633146238492611028416271483651817863724523747448457770867888927534799980174352062260446128849
0.018621646259267279034620082910798089352446111958551912960130702763145950704291479006651730183071179467582823586305196883087755708
0.018277853773167898077343267096935804291565599296330690601321282747958580686877073327118203330552713311771019062761577275439686442
0.017920032937498502100674010611613627431005989447372065635244677550309359849492289091220044057164322210560339960380486201339109483
0.017548864884556994607110824851614712761951378723966961164650978852427665791430304912567076212295789442150211917468951512846434633
0.017165056153827962801254562707282502247708261979955679731475597577757980320346937961986522187095138923096001689477064872750637725
0.016769337347044611598925506543819419620971077437135302860350780060893580931642419283154389176689847686379649797077540583890223873
0.016362461737446839783659600954580744188526923955078676150911169751603210449407338534521014715323526395740354617256678680453613774
0.015945203835882814607223554853295046246467080673660097288598186275292164366127464534273708304192711765611049780798043406985890871
0.015518357916483551984355546944190141238134002851579924887346794659998571378052836219001412930311870070705306974928660094096632733
0.015082736504716964513509814696585793436043472563747707479514166710526242576940987974086336770423640472932518256887204898763276137
0.014639168830699452376587877307641616288212618965113305107804302370939659216006481442884218459949734600071427094026854669218463209
0.014188499250709246412401168376247604316639037588600649844580949675893194674421321513921991965215864963255366993323852418662949591
0.013731585639906242430641415539134857905362517286032367186998889238553145636391922474076852327185824374163314718723522506316107382
0.013269297759317875913574852717392222152326112103671495197839056605145097841810237984688176728827552668732779966454319086718311408
0.012802515600199572307420967502645131161904419934101056670382713550117990918698353047322682737448534915777050675189143414563925222
0.012332127708921376886686579856170410240594378861234103139939925796584234179676831385960419211397548268187874243705530498579144427
0.011859029495569437698728525431393413999344919679055578960372844991219741054401390155120887771643237237605393148917377659070021184
0.011384121529482014798567244733746290708760464281254470359543468145473952186113505706130092559106606001051553792173854200178226444
0.010908307824964559855773067303053829459017949303385784100607446501068806966271559023014009810215684263826903078171119120302409183
0.010432494120447104912978889872361368209275434325517097841671424856663661746429612339897927061324762526602252364168384040426591921
0.009957586154359682012817609174714244918690978927715989240842048010917872878141727890907131848788131290048413007424860581534797181
0.009484487941007742824859554749937248677441519745537465061274967205553379752866286660067600409033820259465931912636707742025673938
0.009014100049729547404125167103462527756131478672670511530832179452019623013844764998705336882982833611876755481153094826040893143
0.008547317890611243797971281888715436765709786503100073003375836396992516090732880061339842891603815858921026189887919153886506958
0.008085030010022877280904719066972801012673381320739201014216003763584468296151195571951167293245544153490491437618715734288710983
0.007628116399219873299144966229860054601396861018170918356633943326244419258121796532106027655215503564398439163018385821941868775
0.007177446819229667334958257298466042629823279641658263093410590631197954716536636603143801160481633927582379062315383571386355156
0.006733879145212155198036319909521865481992426043023860721700726291611371355602130071941682850007728054721287899455033341841542229
0.006298257733445567727190587661917517679901895755191643313868098342139042554490281827026606690119498456948499181413578146508185632
0.005871411814046305104322579752812612671568817933111470912616706726845449566415653511754311316238656762042756375544194833618927494
0.005454153912482279927886533651526914729508974651692892050303723250534403483135779511507004905107842131913451539085559560151204591
0.005047278302884508112620628062288239297064821169636265340864112941244033000900698762873630443741520841274156359264697656714594493
0.00465155949610115691029157189882515667032763662681588846973929542437963361219618008404149743333622960455780446686517336785418064
0.004267750765372125104435309754492946156084519882804607036563914149709948141112813133460943408135579085503594238873286727758383732
0.003896582712430617610872123994494031487029909159399502565970215451828254083050828954807975563267046317093466195961752039265708882
0.003538761876761221634202867509171854626470299310440877599893610254179033245666044718909816289878655215882787093580660965165131923
0.003194969390661840676926051695309569565589786648219655241084190238991663228251639039376289437360189060070982570037041357517062657
0.002865859682669652451071955461596541284889660114160539784943409350319750208019370597570248752542440992853825981990175980158689517
0.002552059231819193073920059016435714042723899291490173868775642914264317771044178456372938793750717638072306269434295406049828704
0.002254165375103908087875163626468596787347380063320802635200123135643266571518028206214477608243719602898266735654275147683062534
0.00197274517041123502159039699109621227744193721194469207419329312255188682898790720192670434827001766651870569654874020488525962
0.001708334317095685189227120909628718420954378474376177227056948970403622723822386066261428695562750047406398175348993220296329485
0.001461436136244675217262243044500935020038437594569426936180962462588998731238465878825858829944537551034078002748897632954513076
0.001232520612578230246432943478936257171211863496507490968120927325998477503980439383145345946671828310181747461346258140420512223
0.001022023499806357178634938862756627737114966836274897214427894632400952740858076069819826386842464692740215625802481666117647618
0.00083034549114709105696165107335201600577095050547248359586764384012783935811275584326806820706185559853729557011986376940632729
0.000657851456584180622272158816844412339837428660774901299000375865215133818617384432064265866517866986122158672416271111788312664
0.000504869748316336393270170047258148591581497313874828687711799246243459332480691635896081833930572587947949093706976013742787292
0.000371691575720158102057703459228541119245218665573072154692747501507324558131275588313446920390048949734570929484637971503364458
0.000258570451016535077574766435978079768849211025226011855920107079354645537516282228001834134878474516454323178427927666804591515
0.000165721706695725090057313989906244657835239497671981558773359581957401833315906534937766913532995980848942180106016490349654856
0.000093322085619720446698562360960982179058996622442683657657193940252512530443384182388616447927622876397979060157200949297516778
0.0000415094045821647817090922576888448912115830786217476829999472654498692004149028880540943132400437976794005701076323940599570897
0.000010382291966253361170140512047022509615689799361952152873373167020675601044793251613931949764493339490009656637773370031112804