0.0003892883321772588360959346050376627044630201095379724175558861595916679885690789110462979422335885747484886331192567777596077247
0.0015488563237717007792698717309424787519181146578801560748727747876707885757835697710828627206528722221631454116612804944599455749
0.0034539897962267144698589536743660925994988178900061823483420684431076713125811675873412272191360400240529756163377447030378158
0.006064084137174819376825899910414981266762086045953631358398681473046153033508772590694027575569969579240471835792170435901796705
0.009323509717254571934399458229583482280088433465607534584311843149462541095408235555686998562646213656103509808576479448518067553
0.013162797539079011435283882108768331978712107776451215828928835770969970741319641445213595606845532737170105026584783981355102524
0.017500119848306347974102809459869362130912327063991632292964027466893680420099702683553226264252520618560251326073571544708262015
0.022243034150158483964258052138653514088152399737067562185113025696576364501134954914827015135074494465117222535290475069111905339
0.027290453460703151605076122948324480993034175854538222467565694066546536900295653172111155869920195570810962770356866273403899371
0.032534800800414239736847918847811939193914301949265986579705033572436978080147435392290527663210101843323430725641868856309517475
0.037864302010720596186448726870317030714389187462604497120409559624391768183977392520575930237708057110914945433621768389942178174
0.04316536802613924183807149857360174880850397500706398207394292501109107936478280459189934287763348713916350012528948626353361212
0.04832501582799845926027758191189676119245762807921835485080013348391802558325326394326719169024822604408340505846537032443069382
0.0532332764813252875951871553827182040265052802874790436351478546034733054058917412400045538601118008791190881211984915962920258
0.05778553893177188052919122002849072394111535548830649158981458544084646167818037421901492173617883571487258224285232395162285209
0.06188477960861842557529830805451730663788718760000637338293902200715293827208849021534143752231655405135473562111482064660762519
0.06544363031373554318752565750850172388825579555521818282218179268659472958203068953212458711387637291999884068966984480039409393
0.06838624032304309804803442456093287016926533631721224683223721591652936995380501239901918583363060808332496924459317921564348736
0.07064989301300571582253780229507974586913717554850498683608168160693782760911949461850469268911574038081138286556053728293469133
0.072186342556577959890829278588841461679436542069850530457531054086149375192914011908395499483719661964828951987741526716974531887
0.072962842199245801570240288391205818134883101878011669504892453023566868096660762445014428731448393415774056548778729888831749371
0.072962842199245801570240288391205818134883101878011669504892453023566868096660762445014428731448393415774056548778729888831749371
0.072186342556577959890829278588841461679436542069850530457531054086149375192914011908395499483719661964828951987741526716974531887
0.07064989301300571582253780229507974586913717554850498683608168160693782760911949461850469268911574038081138286556053728293469133
0.06838624032304309804803442456093287016926533631721224683223721591652936995380501239901918583363060808332496924459317921564348736
0.06544363031373554318752565750850172388825579555521818282218179268659472958203068953212458711387637291999884068966984480039409393
0.06188477960861842557529830805451730663788718760000637338293902200715293827208849021534143752231655405135473562111482064660762519
0.05778553893177188052919122002849072394111535548830649158981458544084646167818037421901492173617883571487258224285232395162285209
0.0532332764813252875951871553827182040265052802874790436351478546034733054058917412400045538601118008791190881211984915962920258
0.04832501582799845926027758191189676119245762807921835485080013348391802558325326394326719169024822604408340505846537032443069382
0.04316536802613924183807149857360174880850397500706398207394292501109107936478280459189934287763348713916350012528948626353361212
0.03786430201072059618644872687031703071438918746260449712040955962439176818397739252057593023770805711091494543362176838994217817
0.03253480080041423973684791884781193919391430194926598657970503357243697808014743539229052766321010184332343072564186885630951747
0.02729045346070315160507612294832448099303417585453822246756569406654653690029565317211115586992019557081096277035686627340389937
0.02224303415015848396425805213865351408815239973706756218511302569657636450113495491482701513507449446511722253529047506911190534
0.01750011984830634797410280945986936213091232706399163229296402746689368042009970268355322626425252061856025132607357154470826201
0.01316279753907901143528388210876833197871210777645121582892883577096997074131964144521359560684553273717010502658478398135510252
0.00932350971725457193439945822958348228008843346560753458431184314946254109540823555568699856264621365610350980857647944851806755
0.00606408413717481937682589991041498126676208604595363135839868147304615303350877259069402757556996957924047183579217043590179671
0.0034539897962267144698589536743660925994988178900061823483420684431076713125811675873412272191360400240529756163377447030378158
0.001548856323771700779269871730942478751918114657880156074872774787670788575783569771082862720652872222163145411661280494459945575
0.000389288332177258836095934605037662704463020109537972417555886159591667988569078911046297942233588574748488633119256777759607725