2.7958012684876220206427163577296219707829378590872332961896215804554110387244702778113469672884160924307561896739799456072432054e-6
0.00001118098571485765367564024811972058805644253621055084420334487886574286153581078826243233542841586466728128861420059422937948958
0.000025148897023600154647536737524044067282331601544863889322629979943933634335804366280327737228001154699855888471205993671549204411
0.00004468844720669524273650125482058782187153557241844365879387994183854037497677789531307161441589843731407760653803696539777838507
0.00006978412540546439514264572917422723510808080009825649003369036504151165071162306264720956883383530432463394030115033858519152037
0.00010041601020337881358657919947756865171960391643670518230570137162931027465480903465905524757371385793680629135568140398643580925
0.00013655978544005071677592901887972991667280660609635053425955989141963213786115094145806534121896992121089347734958791279332937718
0.00017818675951385411954072206825848399868507655590795013017339925094338378175260212862536807253100956177731013581289399360280770448
0.00022526388815785231893058252795313944553549518596368923270154229638290543592454224586545032502003274492589003554191845314942729334
0.00027775380067095213204454258221846848660831784106610558733759248274709656606293952586858979744041625116752721399148573489927533614
0.0003356148295834621070471349398921743474587262658936752237161640562246324370334306532732437372047531012169006132246121643959665448
0.0003988010437335056350165500686673246767746547613738485876020459474674908498623263262835047011574750736326676570130005181589291045
0.0004672622847280322901547732351548374251335786112755951787040697139270151146498150275790912783663599297009028216926265116839441435
0.0005409442067594839688091427736990468603286571104522236450383321383155358275328191622559794100261584408393262975327768850603306576
0.0006197883197465086165074779243725798633471710448773052833344125268688269952961296896678417277125333869810290006394514775630597286
0.0007037320357644756413539544445444425750843112621303406413290772103771538055747085987950460073647599305387912892463312222491595413
0.000792708718728935606312180866536788654944514779252989613200038374190949503589606942807168930027513548537335389186377039986976902
0.0008866477372925845451773833507613910856487857617671481336856699610484337422510946042229199553655991472466672411825575554166184789
0.0009854745209137423072475567648425886664729009549150371213360219983121398558545821686625474513760515008361781432206952012580546762
0.0010891106190518367288273784655339616946145232284039356787332783264776234203448834109282654012243584088226347011157029511206646522
0.0011974737634429031542618146035757594208940505059999601977849328323008795532588703549546583558659586429102917650305119345826492388
0.0013104779334056638556751277904033294462094319536160518493507880727494288523082296444560118190410934882488171959682516423225313624
0.0014280334241263461698509157958949966679384037707650090394518440007804099906091439737782225452487550592095122884554887822518221733
0.0015500469178680335924437195204599701472302429915827692136434068954820868284896945691689907287643531697075316731830282502193101489
0.0016764215580480225210088641296222234008583432055153055152707472249084577782360664876376138633604399180063959366374561982945094481
0.001807057026124380662063118436910650916712144981829490283816356146783809457299090370225792138669462545419521063353688389804898804
0.0019418496212306731208124827481880517077073678106826428173319869375583666571497036228003202757135998903302808452380407710784694529
0.0020806923424956406455177397205431345548530487799230683823843056632128989333643196487131252827524857246310366160779068974661479592
0.0022234749739824831334656806599484636057407648319861946599150276675921214796136217468607700821761343288696046866987671018234482029
0.0023700841721803220140913671811777535582809623550240249899585207665219543691456963655644195231212177999593673400587035314977784027
0.0025204035559783891576934077743813221040023168029645821938520229793202436422081372699340528544556177582810336449270132185727987752
0.0026743137990515191236504221050134067136657270073225041075732377999434773577645804252843717374551349636605860900781371531170281457
0.002831692724583607424567774296122224785159375707763347380465519907039100731649389235526387068457369356898600496820238704318402756
0.0029924154022538415618372439924900051526703836176659722398378199406888780560143232304546960794430713467488379389088785002630275745
0.0031563542474087153569431672883665975922787017304378369353211702788708038967238350981401230197409963843736173352120171472425854005
0.0033233791223411019873784429709871422448456890780777307939472624776978754741744931657154218632900524368412838742135413862439871552
0.0034933574395959885136096236432644565526247508192342577979183392249079160016526313480621528896389585144743104660021871120449126601
0.003666154267220865881910913555644467829742436241292259751726281630946830923842812644495534153646957922252395728118583610821108676
0.003841632435877224684168949909357370125296891683817809142714249428759768010301637116808115720669505136120772239327391775858296441
0.004019652647728129575364500482716768978085993406679196776510000664046480530347383392357895437822817242274139382773507222312878395
0.004200073587015435365135728349255451987042183414760559256919152627681206464220336801444901295731884503327539008037412457025954965
0.004382752032238866530812858757114346288490754836502556819069357817318193079422336324146515307620370662385009299891484963261046
0.004567542969847910310310246598897702267238363236173858139507829535775927675239329275266205514471033070275498584059725533864075263
0.00475429970935627263368000813571911858958382190739862644952942776745326297445974552852314751619277842154842288320667537371811412
0.004942873999787516895267991442961847879459895664399444568831897367685877840601715620070342784922038756232861236018416212639642217
0.005133116147359448850693036528637359853864587314770412587391835863486775427428779499398476895068362675715373891586916288963203143
0.00532487513431382758313641581616485061900858157964893468088617329733206916885491531187327318942464419414298163174083435093157344
0.005517998738797073302273435175564221963950077096165564764671668166513959094831890777285941550112988344187399297162544230403982291
0.005712333655696808438328340778223419125568510578448822765972771060365453540364018500785046898084216644541602693153115298763948774
0.005907725618338309735470464260868392398808659511220548998443879174014996377899673743110433996662893547655431396374067126312909647
0.006104019520944266435410382198837909374985200622607239814500950032344867065629291877152968441176555903903702928031405896637737376
0.006301059541760633715470957558338818360378678337474712416317742413468849536167882155030744829543142728192445791542465971165202552
0.006498689266750841786595272700083725746384548142120085860689672709044319838416342645909982750477913916176340530248893047917640768
0.00669675181376016988545024452582447221789938511734753313783983235204177451994452363474453040776914442428525713793019402120602732
0.006895089957051721169139311877601979332893974709302515308522638868959143343386341297119159296527632386053414449837741950340315115
0.007093546252115139537323468507437936440731002141888107272928828979392945837059052939743510616376098360187661038468202101304282045
0.007291963160648992898930645438671720810375432239525028331649883560227606230452375003279510168202564668272161556520360466724202396
0.007490183175617609540976802964827176564567636685904749342136037287125917211921904792321745946734520756925177223373910079899450576
0.007688048946283095154763636680944807234170394569398980802317201559098485534690214105418330484115933684245694271593496007857135614
0.00788540340311327777677400681025475412948732032784949480434908211522696550336747237714631774938201216694978662398195658597259139
0.008082089882466426392317206692118732245596996959232532553064036675165518071796998804032035639404070105406361748200033850958757659
0.008277952250953766151198218884472739937823039543450269188728435096906023228268075121271998161676278053506717163009633157441921467
0.00847283502938106891573253712424833980010948186546644844900797231256114101786778747283436226251256406906205412311589233639065313
0.008666583516170931999265140565405092730086797526200732018427941602227801192400525914405500964855625872210214454009547832388496813
0.008859043910167770192733958036150690117111378021332752814303446611326023116381410117618985385762120554459850359076768293079794396
0.00905006343272803619050135914939519560503547950159176292040373419372747150676371539924393484843289936059985883994530462230241938
0.00923949044899875192567987227281957357285238830833196270825706842324737186072396270086497205646494416637663426632485784316750364
0.009427174588288077659088565750916653217908705203968226568057917491655200972361360063047537958863375764957064203962451633247522778
0.009612966863432366423310085672927639165244639654171748206700598860208503341212842956735550406587505234410692011307136860793922498
0.009796719789064948031924632089303968744789237641032872090595475713866404194097136796143280598743274385764239514562919043311417171
0.00997828749869275869151343476474205063054813809935006942448085179061115307538835989977113583211451160634761492600577643543704536
0.010157525860487878608377647181360679634316627211500426163489466371755547851364124084775891671169423588463895646840241361358021446
0.010334292591702060111875310789538640086576190461676747656762997695251192835322022819380564575648140756952217782560986445314982679
0.010508447371613421912041000317590802227304774962618556160751673811442809516392062546381823932238197159243150794464680770317608194
0.010679851952915650303000180665653005111910557994620235312932406887815248496719616981391411426081967786936395313914169363808996234
0.010848370271461284490670619496625832239686551502384415567355549317317890806311613206592375363531165970657947472143153223710520352
0.011013868554271969781905282238872688990897018187280507068979802020678886634268510205705288021471876251495304895430862942741741718
0.011176215425729938085404399314328864988036564852762522088473930347983521802792906148538470367142014147403403620652211717773990376
0.011335282011866418950342112147041596554149743130186677787745674846794026444639581979087149563007697110063798772244555860097010534
0.011490942042664195060619312596155525066336979765710963941024575615099970037071767625857793639343180517028583171896850943230288427
0.011643071952293092511753584469449073753746370737626905779394175520793112181646515921038692937180633009730324742790218175996030766
0.01179155097719883707226664666752548375642472832931014119590353393601737927436737707341769762966966959741556008964112861933433267
0.011936261251967411669472383659561695863892294546651889265051362812529268020225429074983531536548252795715982425080352361292516025
0.012077087902888816188107310186049082923988533013293747607733166899245436058814623344172634065870446219684269675095788236534614433
0.012213919139145956927516710676671131023281618198011263992065014624125506042127068874140225368027821526353556113735368319981315564
0.012346646341556278279396700699957733527916108604548051596787479207353006131751071142792935732531310678305755750122568218696771641
0.012475164148795691866875294503757211669967982832887445398434077266282154780163340343126148205006145245214013075781425590515852308
0.012599370541036356984859647143342921653981177644605905294835414608369443139428314194407407367097843504487904201072521980315667501
0.012719166920931919114556765851273949228492921694692752749146408519131997163915503163921867825104939746851706966835990153711895028
0.012834458191885918922234736689640751458897912421991023169002379508220063577824370991466491336896839416948600333898749942454495466
0.012945152833541240822136913736927549476928716078761508183387890802755072108284945184481080485225182458141212229032166203442599158
0.013051162974430676173987897814266421704804624268501868352304259609715196167801310503938828691061864669174048260943846447502024205
0.013152404461730929745581144063466604471864913188243928590594151533337213368930488614630192345972498856475514795043820157417747689
0.013248796928064697411595762370784745801200190371111712471946549560077068733150377871340299947651035866151455449882132204284371972
0.013340263855297786355795093656721375154895932150342829900030112710337836917077483661227343546623192672488955279916632288463247606
0.013426732635280634434959967450390562949147077473540156487545505970419126801943329306881060361729083395902813167856213785128489686
0.01350813462748601095573723129939953144829030789908457526873013111132428792373719351703028052540662779004059445845137099209682803
0.01358440521349714498455844961130605671535034915655401560031817410548192931343430469429319434236743546938571956368979012785624721
0.01365548384830302750003953993194688202285596297384179070950237293654378317262248960674873249442802792370499834935955676659267548
0.013721314108360168222112774256693777754289008205717178187301713568178475323238299873812549334323865173386954347039977402683938505
0.013781843736382654800615021172474614687540864256408253349463435298121039174870226828596329426416890779493927162692845097575604933
0.01383702468282495918054824022855611971684236012393411888962419464918314192821210125613485878118359142049526770352203506722139347
0.013886813144024561320086355495465350207468825538250950398211573651746364011801668422445445718883104077926514425672560828376502383
0.013931169596974111936567996224524672137840535481761934541399127720844348432993265635952058896250544741219807725881264583423451781
0.013970058830695531490377801783236689169964413871461883151474240690274686959587237815710905370011179398386038181866104980118767926
0.01400344997419114006289082290156567845791013392228449451002641705853804974650858302531559846094621700432509858639796279255398838
0.014031316520949630001251946180601577948903021458835233130800584196571242435765222749605581066372266595283559422749392898963001993
0.014053636349987428032708105778933132782553402726363887722732656364715791158703714433815103392634065114958219519091210533479602298
0.014070391743408743823546403315261396778105784054306203630330105238525897080861323399775994520820215187513942499408591583483981646
0.014081569400470365489198756147708727754916918217581733745065649949270812072560560729503734760602842525980498216952411210925394385
0.014087160448140037159010579474659966007703737361366751604694409335010967897704144594179088123220946246157371961085420382277384787
0.014087160448140037159010579474659966007703737361366751604694409335010967897704144594179088123220946246157371961085420382277384787
0.014081569400470365489198756147708727754916918217581733745065649949270812072560560729503734760602842525980498216952411210925394385
0.014070391743408743823546403315261396778105784054306203630330105238525897080861323399775994520820215187513942499408591583483981646
0.014053636349987428032708105778933132782553402726363887722732656364715791158703714433815103392634065114958219519091210533479602298
0.014031316520949630001251946180601577948903021458835233130800584196571242435765222749605581066372266595283559422749392898963001993
0.01400344997419114006289082290156567845791013392228449451002641705853804974650858302531559846094621700432509858639796279255398838
0.013970058830695531490377801783236689169964413871461883151474240690274686959587237815710905370011179398386038181866104980118767926
0.013931169596974111936567996224524672137840535481761934541399127720844348432993265635952058896250544741219807725881264583423451781
0.013886813144024561320086355495465350207468825538250950398211573651746364011801668422445445718883104077926514425672560828376502383
0.01383702468282495918054824022855611971684236012393411888962419464918314192821210125613485878118359142049526770352203506722139347
0.013781843736382654800615021172474614687540864256408253349463435298121039174870226828596329426416890779493927162692845097575604933
0.013721314108360168222112774256693777754289008205717178187301713568178475323238299873812549334323865173386954347039977402683938505
0.01365548384830302750003953993194688202285596297384179070950237293654378317262248960674873249442802792370499834935955676659267548
0.01358440521349714498455844961130605671535034915655401560031817410548192931343430469429319434236743546938571956368979012785624721
0.01350813462748601095573723129939953144829030789908457526873013111132428792373719351703028052540662779004059445845137099209682803
0.013426732635280634434959967450390562949147077473540156487545505970419126801943329306881060361729083395902813167856213785128489686
0.013340263855297786355795093656721375154895932150342829900030112710337836917077483661227343546623192672488955279916632288463247606
0.013248796928064697411595762370784745801200190371111712471946549560077068733150377871340299947651035866151455449882132204284371972
0.013152404461730929745581144063466604471864913188243928590594151533337213368930488614630192345972498856475514795043820157417747689
0.013051162974430676173987897814266421704804624268501868352304259609715196167801310503938828691061864669174048260943846447502024205
0.012945152833541240822136913736927549476928716078761508183387890802755072108284945184481080485225182458141212229032166203442599158
0.012834458191885918922234736689640751458897912421991023169002379508220063577824370991466491336896839416948600333898749942454495466
0.012719166920931919114556765851273949228492921694692752749146408519131997163915503163921867825104939746851706966835990153711895028
0.012599370541036356984859647143342921653981177644605905294835414608369443139428314194407407367097843504487904201072521980315667501
0.012475164148795691866875294503757211669967982832887445398434077266282154780163340343126148205006145245214013075781425590515852308
0.012346646341556278279396700699957733527916108604548051596787479207353006131751071142792935732531310678305755750122568218696771641
0.012213919139145956927516710676671131023281618198011263992065014624125506042127068874140225368027821526353556113735368319981315564
0.012077087902888816188107310186049082923988533013293747607733166899245436058814623344172634065870446219684269675095788236534614433
0.011936261251967411669472383659561695863892294546651889265051362812529268020225429074983531536548252795715982425080352361292516025
0.01179155097719883707226664666752548375642472832931014119590353393601737927436737707341769762966966959741556008964112861933433267
0.011643071952293092511753584469449073753746370737626905779394175520793112181646515921038692937180633009730324742790218175996030766
0.011490942042664195060619312596155525066336979765710963941024575615099970037071767625857793639343180517028583171896850943230288427
0.011335282011866418950342112147041596554149743130186677787745674846794026444639581979087149563007697110063798772244555860097010534
0.011176215425729938085404399314328864988036564852762522088473930347983521802792906148538470367142014147403403620652211717773990376
0.011013868554271969781905282238872688990897018187280507068979802020678886634268510205705288021471876251495304895430862942741741718
0.010848370271461284490670619496625832239686551502384415567355549317317890806311613206592375363531165970657947472143153223710520352
0.010679851952915650303000180665653005111910557994620235312932406887815248496719616981391411426081967786936395313914169363808996234
0.010508447371613421912041000317590802227304774962618556160751673811442809516392062546381823932238197159243150794464680770317608194
0.010334292591702060111875310789538640086576190461676747656762997695251192835322022819380564575648140756952217782560986445314982679
0.010157525860487878608377647181360679634316627211500426163489466371755547851364124084775891671169423588463895646840241361358021446
0.00997828749869275869151343476474205063054813809935006942448085179061115307538835989977113583211451160634761492600577643543704536
0.009796719789064948031924632089303968744789237641032872090595475713866404194097136796143280598743274385764239514562919043311417171
0.009612966863432366423310085672927639165244639654171748206700598860208503341212842956735550406587505234410692011307136860793922498
0.009427174588288077659088565750916653217908705203968226568057917491655200972361360063047537958863375764957064203962451633247522778
0.00923949044899875192567987227281957357285238830833196270825706842324737186072396270086497205646494416637663426632485784316750364
0.00905006343272803619050135914939519560503547950159176292040373419372747150676371539924393484843289936059985883994530462230241938
0.008859043910167770192733958036150690117111378021332752814303446611326023116381410117618985385762120554459850359076768293079794396
0.008666583516170931999265140565405092730086797526200732018427941602227801192400525914405500964855625872210214454009547832388496813
0.00847283502938106891573253712424833980010948186546644844900797231256114101786778747283436226251256406906205412311589233639065313
0.008277952250953766151198218884472739937823039543450269188728435096906023228268075121271998161676278053506717163009633157441921467
0.008082089882466426392317206692118732245596996959232532553064036675165518071796998804032035639404070105406361748200033850958757659
0.00788540340311327777677400681025475412948732032784949480434908211522696550336747237714631774938201216694978662398195658597259139
0.007688048946283095154763636680944807234170394569398980802317201559098485534690214105418330484115933684245694271593496007857135614
0.007490183175617609540976802964827176564567636685904749342136037287125917211921904792321745946734520756925177223373910079899450576
0.007291963160648992898930645438671720810375432239525028331649883560227606230452375003279510168202564668272161556520360466724202396
0.007093546252115139537323468507437936440731002141888107272928828979392945837059052939743510616376098360187661038468202101304282045
0.006895089957051721169139311877601979332893974709302515308522638868959143343386341297119159296527632386053414449837741950340315115
0.00669675181376016988545024452582447221789938511734753313783983235204177451994452363474453040776914442428525713793019402120602732
0.006498689266750841786595272700083725746384548142120085860689672709044319838416342645909982750477913916176340530248893047917640768
0.006301059541760633715470957558338818360378678337474712416317742413468849536167882155030744829543142728192445791542465971165202552
0.006104019520944266435410382198837909374985200622607239814500950032344867065629291877152968441176555903903702928031405896637737376
0.005907725618338309735470464260868392398808659511220548998443879174014996377899673743110433996662893547655431396374067126312909647
0.005712333655696808438328340778223419125568510578448822765972771060365453540364018500785046898084216644541602693153115298763948774
0.005517998738797073302273435175564221963950077096165564764671668166513959094831890777285941550112988344187399297162544230403982291
0.00532487513431382758313641581616485061900858157964893468088617329733206916885491531187327318942464419414298163174083435093157344
0.005133116147359448850693036528637359853864587314770412587391835863486775427428779499398476895068362675715373891586916288963203143
0.004942873999787516895267991442961847879459895664399444568831897367685877840601715620070342784922038756232861236018416212639642217
0.00475429970935627263368000813571911858958382190739862644952942776745326297445974552852314751619277842154842288320667537371811412
0.004567542969847910310310246598897702267238363236173858139507829535775927675239329275266205514471033070275498584059725533864075263
0.004382752032238866530812858757114346288490754836502556819069357817318193079422336324146515307620370662385009299891484963261046
0.004200073587015435365135728349255451987042183414760559256919152627681206464220336801444901295731884503327539008037412457025954965
0.004019652647728129575364500482716768978085993406679196776510000664046480530347383392357895437822817242274139382773507222312878395
0.003841632435877224684168949909357370125296891683817809142714249428759768010301637116808115720669505136120772239327391775858296441
0.003666154267220865881910913555644467829742436241292259751726281630946830923842812644495534153646957922252395728118583610821108676
0.00349335743959598851360962364326445655262475081923425779791833922490791600165263134806215288963895851447431046600218711204491266
0.003323379122341101987378442970987142244845689078077730793947262477697875474174493165715421863290052436841283874213541386243987155
0.003156354247408715356943167288366597592278701730437836935321170278870803896723835098140123019740996384373617335212017147242585401
0.002992415402253841561837243992490005152670383617665972239837819940688878056014323230454696079443071346748837938908878500263027574
0.002831692724583607424567774296122224785159375707763347380465519907039100731649389235526387068457369356898600496820238704318402756
0.002674313799051519123650422105013406713665727007322504107573237799943477357764580425284371737455134963660586090078137153117028146
0.002520403555978389157693407774381322104002316802964582193852022979320243642208137269934052854455617758281033644927013218572798775
0.002370084172180322014091367181177753558280962355024024989958520766521954369145696365564419523121217799959367340058703531497778403
0.002223474973982483133465680659948463605740764831986194659915027667592121479613621746860770082176134328869604686698767101823448203
0.002080692342495640645517739720543134554853048779923068382384305663212898933364319648713125282752485724631036616077906897466147959
0.001941849621230673120812482748188051707707367810682642817331986937558366657149703622800320275713599890330280845238040771078469453
0.001807057026124380662063118436910650916712144981829490283816356146783809457299090370225792138669462545419521063353688389804898804
0.001676421558048022521008864129622223400858343205515305515270747224908457778236066487637613863360439918006395936637456198294509448
0.001550046917868033592443719520459970147230242991582769213643406895482086828489694569168990728764353169707531673183028250219310149
0.001428033424126346169850915795894996667938403770765009039451844000780409990609143973778222545248755059209512288455488782251822173
0.001310477933405663855675127790403329446209431953616051849350788072749428852308229644456011819041093488248817195968251642322531362
0.001197473763442903154261814603575759420894050505999960197784932832300879553258870354954658355865958642910291765030511934582649239
0.001089110619051836728827378465533961694614523228403935678733278326477623420344883410928265401224358408822634701115702951120664652
0.000985474520913742307247556764842588666472900954915037121336021998312139855854582168662547451376051500836178143220695201258054676
0.000886647737292584545177383350761391085648785761767148133685669961048433742251094604222919955365599147246667241182557555416618479
0.000792708718728935606312180866536788654944514779252989613200038374190949503589606942807168930027513548537335389186377039986976902
0.000703732035764475641353954444544442575084311262130340641329077210377153805574708598795046007364759930538791289246331222249159541
0.000619788319746508616507477924372579863347171044877305283334412526868826995296129689667841727712533386981029000639451477563059729
0.000540944206759483968809142773699046860328657110452223645038332138315535827532819162255979410026158440839326297532776885060330658
0.000467262284728032290154773235154837425133578611275595178704069713927015114649815027579091278366359929700902821692626511683944144
0.000398801043733505635016550068667324676774654761373848587602045947467490849862326326283504701157475073632667657013000518158929105
0.000335614829583462107047134939892174347458726265893675223716164056224632437033430653273243737204753101216900613224612164395966545
0.000277753800670952132044542582218468486608317841066105587337592482747096566062939525868589797440416251167527213991485734899275336
0.000225263888157852318930582527953139445535495185963689232701542296382905435924542245865450325020032744925890035541918453149427293
0.0001781867595138541195407220682584839986850765559079501301733992509433837817526021286253680725310095617773101358128939936028077045
0.0001365597854400507167759290188797299166728066060963505342595598914196321378611509414580653412189699212108934773495879127933293772
0.0001004160102033788135865791994775686517196039164367051823057013716293102746548090346590552475737138579368062913556814039864358092
0.0000697841254054643951426457291742272351080808000982564900336903650415116507116230626472095688338353043246339403011503385851915204
0.0000446884472066952427365012548205878218715355724184436587938799418385403749767778953130716144158984373140776065380369653977783851
0.0000251488970236001546475367375240440672823316015448638893226299799439336343358043662803277372280011546998558884712059936715492044
0.0000111809857148576536756402481197205880564425362105508442033448788657428615358107882624323354284158646672812886142005942293794896
2.7958012684876220206427163577296219707829378590872332961896215804554110387244702778113469672884160924307561896739799456072432e-6