2.0326909094543481235337367678408902695240828083509138704737611333269576526608195106867251327666979680866617199888434955319415463e-6
8.129458956362262472279110273030430573143592909931678045372198660536489073068410214704131124589672667487967327898877692536733998e-6
0.000018286390933767371461065629965762813360522327701715486704353389344593193161741706002491845015449660508308419718522264226240645151
0.000032496967620901626900554751877432324439473771975251494042779950095746445840324041786208122087640642213932433241378150591155879246
0.00005075206796754328897694992490072754994760433260447926169914484057007839134011131189436537501341738427239747534350887713238797512
0.00007303997494835760356035369293788848528861923983660224460948689841249583087479542548434093123238848506929611603798061761633004001
0.00009934638308346256674885200051456635152478267789899704502314901726971967511904341774189634276640869753258146229448697874931690393
0.00012965440762039270597100354006831526223795131189436349963692651476268616696312805778121541332643953439124500526245025162916449507
0.00016394459537156743963746212680831010573771883845948890832247589703902435501068218256895745302184224527372541537616338180452961001
0.000202194937200307992700202496171115415033667555818062705625029667449420622880520873860168984555428888662789182043836501107815465
0.00024438088214738872556457083896819189981194686609308962792815203489732586945390930612213705291938652147936341015760226319187522099
0.00029047535318905575775877982118150396865166633001643637336349746706207036314435716236830527759903247089247974843134336470095308496
0.0003404487646163986114495611706575237966733711618095185312495146266057788541857546639776269608450308468405540846537481816698209884
0.0003942690410249199354181376981848366700701988316357653457976410244673457543440131619884680327012313337650574329656324537030579763
0.0004519016379021148654273568768884484117649595311183900755889436309718983964046606736803831529430803864585727232100844314465030901
0.000513309563799845895373108095648283519460480833935374332543691258682789919622036210348348004171778027807410641518154624949868197
0.0005784534040772819335541123283118830034943076422675079390612823665538576058317090673393760644239613790383866354386567996648832262
0.0006472913461991621527030810531056821155351804559745376655163584901964184072460856436274628006701048937959412329796135218436270789
0.000719779206573146958125457000319768969133045266560497169526249658506804245004496651687809264347485632822624233320896532568864959
0.0007958704589090305361376567481538021849854299296007202112504761856173490984718004490710430507722501609649699930946725142366760827
0.0008755162640816126390436723942587150849993750788154507910717918156400673074583258019946813554702935138398617921457832602535788294
0.0009586655014780621400993783671476571163688565295399725207935452641150454558588437959412451851510558846216735344837381171187841647
0.0010452648018096520717514201713174751097927007610517758060167737324924457253237572740615905592191818034216822815725673826029553521
0.0011352585813668059544691908735653244859820600180009111903692298339274322489742681703165740369406095939740221231925749610701937607
0.0012285890776954688349922170008891358722071191378913386656346360082637462230397505809283830625159710192085148744849981831397244316
0.0013251963866719041763931852886645114666552294420123967842685482999352793004995493086547037739621505843037902278402073103366618213
0.0014250185009521201635529260569588307325474263036738302685740668287574965465157269637537175866536717399703832006126886654718822172
0.0015279913497712466825683510566374721673445132218380282294709647599248986692080871300404040143036594470592384218804838874976686199
0.0016340488400673177675746129238477793937740005521006636030559151653431013470940308075060329399027797715588199801707867960541630311
0.0017431228989030642395986819693188094973871063095105367871869602062061716628241518994435315717313093743049186364993921446273828889
0.001855143517158488134989320339212008134858585795740444978694045945220965745436435571250748705563980744557344718086024014042165414
0.0019700387944661748704301909900556970415178432084480656114320789572944609638880484513006949591279422997984880174888725920437903479
0.0020877349853605014410633838251753747728212384247752867865595368039546483230925106000744207521016736170566578900572513621497753459
0.0022081565466111198098014610863503913336278509623689165261460104749795495872110262942708974225058314412894635230934145424395482624
0.0023312261857103345195767703676982203511764455736827906615944076623194818084825648555835264630683836896254116943787720648515713327
0.0024568649104832529339538802654118318748802353970544841634686288621842935366775337490569249940857115326667335601057046537676403042
0.0025849920797888658605851269575585981645119393995676814786673873139665476906804062896958415815561143195324230417742030753171496145
0.002715525455279516098969802281373617673971297416241365565242931575557208919449328454452791114471243464240369940075484080540583168
0.0028483812541855331283157765512676212476478124354738014377235186378359342741620550164250825201887460306098159509446187785295772323
0.0029834742030911541490231056795013181871881836520141860141932508910566660051813797402854932289550106076909717988641066760823651018
0.0031207175926672154347507949517937863141465966885291921606873166533520010101829995535710622802002081263958361414412490638274667467
0.0032600233333254838495712758547179021890838958162749196342803509246507041188916347059863882646469914700588345649984860364006381812
0.0034013020117589068305235953521192489710513614395034772875082175073917886969612157344262658676967394082450894574754219682222228082
0.0035444629483314905096345273891007965434004559168540707369466794016064861401620024883652468871641068706520308661580642010612946374
0.003689414255280970316159210340664228227935901841520140455549924265756915592014101595805696969808371843347463646036599778717225787
0.003836062895696916709421358216461493518344333175957558215126393230111720695360243308652694670303096565296519954381694290771030761
0.003984314743236420980054243376547531412547968525494746740265286357376269557536154507736220306740412415669962289964665058930271218
0.004134074642539032642114027966047618576751170883385500011904713874450671221609455218339216927550432091409936300014030725819617237
0.00428524647030217112431797888670271400299322532066584140386272387291185499479357683227363769736033357418749264487819828209230203
0.00443773319697781054362277729822573419761332838718135214673882133166444038704686322031808038756867115426411777152718924230667289
0.004591436949050837580598562259948462289453639865752094864941642334567450328732625598605928424654310538319443129780412593682071023
0.004746259071859109129518811852756421437407439162362274256039600499042422260373880323332962770999747741675476066978408601924607016
0.004902100192914888706406916454136496475875179046829669091789950823405024660492767121550735083196228565935231059725889775461019369
0.005058860285687018788621752269390716149053703707339359512478810683933351462119805727940495011591493216463551577672506140354673739
0.00521643873380289053648005729940559406747927218544697475555944244538783411715246009814057384752123341561573668752207120637778933
0.005374734395629002900712633117240085114788809425658701865442409602774326929897999657088378410435281681325209829072878698288554714
0.005533645669188660122178549282632642238000577145133304703885276494706250768066089919868372098909229749452487939145538297860956679
0.005693070557375140238184332643207015281259478919816368965594351028985680628538119219084140390765800230413157673252553935725179868
0.005852906733418477561864707610586241708525366053427040179681950971018497398801323559056900923702361022850691588915078370571311796
0.006013051606563839319103201787571396691048303143328484057890222791597033480853298910055796453557962982351200938540434836191354444
0.006173402387919340815886360292774165514971299162498597555113310354741358875615381644741575054884241467456374727961490957497955383
0.006333856156431034754965006821128030008462035079385293993901097968362533077189937497233941180125236024157556626034843360175592429
0.006494309924942728694043653349481894501952770996271990432688885581983707278764493349726307305366230580858738524108195762853229474
0.006654660706298230190826811854684663325875767015442103929911973145128032673526576084412085906692509065963912313529251884159830413
0.006814805579443591948065306031669818308398704105343547808120244965706568755578551435410981436548111025464421663154608349779873062
0.006974641755486929271745680999049044735664591238954219022207844907739385525841755775383741969484671817901955578817132784626004989
0.007134066643673409387751464359623417778923493013637283283916919442018815386313785074599510261341242298862625312924148422490228179
0.007292977917233066609217380525015974902135260733111886122359786333950739224481875337379503949815190366989903422996808022062630143
0.007451273579059178973449956342850465949444797973323613232242753491337232037227414896327308512729238632699376564547615513973395527
0.007608852027175050721308261372865343867870366451431228475323385252791714692260069266527387348658978831851561674397180579996511118
0.007765612119947180803523097188119563541048891111940918896012245113320041493887107872917147277054243482379882192343796944890165488
0.007921453241002960380411201789499638579516630996408313731762595437682643894005994671134919589250724306639637185091278118426577842
0.008076275363811231929331451382307597727470430293018493122860553602157615825647249395861953935596161509995670122289274126669113834
0.008229979115884258966307236344030325819310741771589235841063374605060625767333011774149801972681800894050995480542497478044511967
0.008382465842559898385612034755553346013930844838104746583939472063813211159586298162194244662890138474127620607191488438258882827
0.008533637670323036867815985676208441440172899275385087975897482062274394932770419776128665432700039956905176952055655994531567621
0.00868339756962564852987577026570852860437610163327584124753690957934879659684372048673166205351005963264515096210502166142091364
0.008831649417165152800508655425794566498579736982813029772675802706613345459019631685815187689947375483018593297687992429580154096
0.00897829805758109919377080330159183178898816831725044753225227167096815056236577339866218539044210020496764960603308694163395907
0.00912324936453057900029548625315526347352361424191651725085551653511858001421787250610263547308636517766308238591162251928989022
0.009266410301103162679406418290136811045872708719267110700293978429333277457418659260041616492553732640070023794594264752128962049
0.009407688979536585660358737787538157827840174342495668353521845012074362035488240288481494095603480578256278687071200683950546676
0.009546994720194854075179218690462273702777473470241395827114879283373065144196875440896820080050263921919277110628437656523718111
0.009684238109770915360906907962754741829735886506756401973608945045668400149198495254182389131295461440624141453205580044268819756
0.009819331058676536381614237090988438769276257723296786550078677298889131880217819978042799840061726017705297301125067941821607625
0.009952186857582553410960211360882442342952772742529222422559264361167857234930546540015091245779228584074743311994202639810601689
0.010082720233073203649344886684697461852412130759202906509134808622758518463699468704772040778694357728782690210295483645034035243
0.010210847402378816575976133376844228142043834761716103824333567074540772617702341245410957366164760515648379691963982066583544553
0.010336486127151734990353243274557839665747624585087797326207788274405584345897310138884355897182088358689701557690914655499613525
0.010459555766250949700128552555905668683296219196401671461656185461745516567168848700196984937744640607025649728976272177911636595
0.010579977327501568068866629817080685244102831733995301201242659132770417831287364394393461608148798431258455362012435358201409511
0.010697673518395894639499822652200362975406226950322522376370116979430605190491826543167187401122529748516625234580814128307394509
0.010812568795703581374940693303044051882065484363030143009108149991504100408943439423217133654686491303757768533983662706309019443
0.010924589413959005270331331672937250519536963849260051200615235730518894491555723095024350788519162674010194615570294575723801968
0.011033663472794751742355400718408280623150069606669924384746280771381964807285844186961849420347692276756293271898899924297021826
0.011139720963090822827361662585618587849579556936932559758331231176800167485171787864427478345946812601255874830189202832853516237
0.01124269381190994934637708758529722928437664385509675771922812910796756960786414803071416477359680030834473005145699805487930264
0.011342515926190165333536828353591548550268840716758191203533647636789786853880325685813178586288321464011323024229479410014523036
0.011439123235166600674937796641366924144716951020879249322167559928461319931340124413539499297734501029106598377584688537211460426
0.011532453731495263555460822768690735530942010140769676797432966102797633905405606824151308323309862454341091128877111759280991097
0.011622447511052417438178593470938584907131369397718812181785422204232620429056117720406291801031290244893430970497119337748229505
0.011709046811384007369830635275108402900555213629230615467008650672610020698521031198526637175099416163693439717585948603232400693
0.011792196048780456870886341247997344931924695079955137196730404121084998846921549192473201004780178534475251459923903460097606028
0.011871841853953038973792356894102257831938640229169867776551719751107717055908074545396839309478221887350143258975014206114508775
0.011947933106288922551804556641936291047791024892210090818275946278218261909375378342780073095902986415492489018748790187782319898
0.012020420966662907357226932589150377901388889702796050322285837446528647747133789350840419559580367154519172019090073198507557778
0.012089258908784787576375901313944177013429762516503080048740913570171208548548165927128506295826510669276726616631029920686301631
0.01215440274906222361455690554660777649746358932483521365525850467804227623475783878411953435607869402050770261055153209540131666
0.012215810674959954644502656765367611605159110627652197912213252305753167757975214320787499207307391661856540528859602288904681767
0.012273443271837149574511875944071223346853871327134822642004554912257720400035861832479414327549240714550055819104054266648126881
0.012327263548245670898480452471598536220250698996961069456552681310119287300194120330490255399405441201474559167415938538681363869
0.012377236959673013752171233821074556048272403828754151614438698469662995791235517832099577082651439577422633503638343355650231772
0.012423331430714680784365442803287868117112123292677498359874043901827740284925965688345745307331085526835749841912084457159309636
0.012465517375661761517229811146084944601890402602952525282177166269275645531499354120607713375695043159652324070025850219243369392
0.012503767717490502070292551515447749911186351320311099079479720039686041799369192811898924907228629803041387836693523338546655247
0.012538057905241676803959010102187744754686118846876224488165269421962379987416746936686666946924032513923868246807236468722020362
0.012568365929778606943181161641741493665399287480871590942779046919455346479260831576725986017484063350782531789775199741601867953
0.012594672337913711906369659949318171531635450918933985743192709038312570323505079568983541429018083563245817136031706102734854817
0.012616960244894526220953063717355332466976465826166108726103051096154987763039763682573516985237054664042715776726177843218796882
0.012635215345241167883029458890378627692484596386795336493759415986629319708539550952681674238162831406101180818828308569760028978
0.012649425921928302138468948012290297203563547831068872501097842547380472961218133288465390515235022387806804832351164456124944212
0.012659582853905707247457734531983029586350926565860656309756823738064529665306806584253178229125882375647625284741787842658648123
0.012665679621952615161806479905488219126654546075962237073931722175591739196727214174957195635117705350347026590349697876855652916
0.012667712312862069509930013642256060016924070158770587987802195936725066154379874994467882360250472048315113252069686720351184857
0.012665679621952615161806479905488219126654546075962237073931722175591739196727214174957195635117705350347026590349697876855652916
0.012659582853905707247457734531983029586350926565860656309756823738064529665306806584253178229125882375647625284741787842658648123
0.012649425921928302138468948012290297203563547831068872501097842547380472961218133288465390515235022387806804832351164456124944212
0.012635215345241167883029458890378627692484596386795336493759415986629319708539550952681674238162831406101180818828308569760028978
0.012616960244894526220953063717355332466976465826166108726103051096154987763039763682573516985237054664042715776726177843218796882
0.012594672337913711906369659949318171531635450918933985743192709038312570323505079568983541429018083563245817136031706102734854817
0.012568365929778606943181161641741493665399287480871590942779046919455346479260831576725986017484063350782531789775199741601867953
0.012538057905241676803959010102187744754686118846876224488165269421962379987416746936686666946924032513923868246807236468722020362
0.012503767717490502070292551515447749911186351320311099079479720039686041799369192811898924907228629803041387836693523338546655247
0.012465517375661761517229811146084944601890402602952525282177166269275645531499354120607713375695043159652324070025850219243369392
0.012423331430714680784365442803287868117112123292677498359874043901827740284925965688345745307331085526835749841912084457159309636
0.012377236959673013752171233821074556048272403828754151614438698469662995791235517832099577082651439577422633503638343355650231772
0.012327263548245670898480452471598536220250698996961069456552681310119287300194120330490255399405441201474559167415938538681363869
0.012273443271837149574511875944071223346853871327134822642004554912257720400035861832479414327549240714550055819104054266648126881
0.012215810674959954644502656765367611605159110627652197912213252305753167757975214320787499207307391661856540528859602288904681767
0.01215440274906222361455690554660777649746358932483521365525850467804227623475783878411953435607869402050770261055153209540131666
0.012089258908784787576375901313944177013429762516503080048740913570171208548548165927128506295826510669276726616631029920686301631
0.012020420966662907357226932589150377901388889702796050322285837446528647747133789350840419559580367154519172019090073198507557778
0.011947933106288922551804556641936291047791024892210090818275946278218261909375378342780073095902986415492489018748790187782319898
0.011871841853953038973792356894102257831938640229169867776551719751107717055908074545396839309478221887350143258975014206114508775
0.011792196048780456870886341247997344931924695079955137196730404121084998846921549192473201004780178534475251459923903460097606028
0.011709046811384007369830635275108402900555213629230615467008650672610020698521031198526637175099416163693439717585948603232400693
0.011622447511052417438178593470938584907131369397718812181785422204232620429056117720406291801031290244893430970497119337748229505
0.011532453731495263555460822768690735530942010140769676797432966102797633905405606824151308323309862454341091128877111759280991097
0.011439123235166600674937796641366924144716951020879249322167559928461319931340124413539499297734501029106598377584688537211460426
0.011342515926190165333536828353591548550268840716758191203533647636789786853880325685813178586288321464011323024229479410014523036
0.01124269381190994934637708758529722928437664385509675771922812910796756960786414803071416477359680030834473005145699805487930264
0.011139720963090822827361662585618587849579556936932559758331231176800167485171787864427478345946812601255874830189202832853516237
0.011033663472794751742355400718408280623150069606669924384746280771381964807285844186961849420347692276756293271898899924297021826
0.010924589413959005270331331672937250519536963849260051200615235730518894491555723095024350788519162674010194615570294575723801968
0.010812568795703581374940693303044051882065484363030143009108149991504100408943439423217133654686491303757768533983662706309019443
0.010697673518395894639499822652200362975406226950322522376370116979430605190491826543167187401122529748516625234580814128307394509
0.010579977327501568068866629817080685244102831733995301201242659132770417831287364394393461608148798431258455362012435358201409511
0.010459555766250949700128552555905668683296219196401671461656185461745516567168848700196984937744640607025649728976272177911636595
0.010336486127151734990353243274557839665747624585087797326207788274405584345897310138884355897182088358689701557690914655499613525
0.010210847402378816575976133376844228142043834761716103824333567074540772617702341245410957366164760515648379691963982066583544553
0.010082720233073203649344886684697461852412130759202906509134808622758518463699468704772040778694357728782690210295483645034035243
0.009952186857582553410960211360882442342952772742529222422559264361167857234930546540015091245779228584074743311994202639810601689
0.009819331058676536381614237090988438769276257723296786550078677298889131880217819978042799840061726017705297301125067941821607625
0.009684238109770915360906907962754741829735886506756401973608945045668400149198495254182389131295461440624141453205580044268819756
0.009546994720194854075179218690462273702777473470241395827114879283373065144196875440896820080050263921919277110628437656523718111
0.009407688979536585660358737787538157827840174342495668353521845012074362035488240288481494095603480578256278687071200683950546676
0.009266410301103162679406418290136811045872708719267110700293978429333277457418659260041616492553732640070023794594264752128962049
0.00912324936453057900029548625315526347352361424191651725085551653511858001421787250610263547308636517766308238591162251928989022
0.00897829805758109919377080330159183178898816831725044753225227167096815056236577339866218539044210020496764960603308694163395907
0.008831649417165152800508655425794566498579736982813029772675802706613345459019631685815187689947375483018593297687992429580154096
0.00868339756962564852987577026570852860437610163327584124753690957934879659684372048673166205351005963264515096210502166142091364
0.008533637670323036867815985676208441440172899275385087975897482062274394932770419776128665432700039956905176952055655994531567621
0.008382465842559898385612034755553346013930844838104746583939472063813211159586298162194244662890138474127620607191488438258882827
0.008229979115884258966307236344030325819310741771589235841063374605060625767333011774149801972681800894050995480542497478044511967
0.008076275363811231929331451382307597727470430293018493122860553602157615825647249395861953935596161509995670122289274126669113834
0.007921453241002960380411201789499638579516630996408313731762595437682643894005994671134919589250724306639637185091278118426577842
0.007765612119947180803523097188119563541048891111940918896012245113320041493887107872917147277054243482379882192343796944890165488
0.007608852027175050721308261372865343867870366451431228475323385252791714692260069266527387348658978831851561674397180579996511118
0.007451273579059178973449956342850465949444797973323613232242753491337232037227414896327308512729238632699376564547615513973395527
0.007292977917233066609217380525015974902135260733111886122359786333950739224481875337379503949815190366989903422996808022062630143
0.007134066643673409387751464359623417778923493013637283283916919442018815386313785074599510261341242298862625312924148422490228179
0.006974641755486929271745680999049044735664591238954219022207844907739385525841755775383741969484671817901955578817132784626004989
0.006814805579443591948065306031669818308398704105343547808120244965706568755578551435410981436548111025464421663154608349779873062
0.006654660706298230190826811854684663325875767015442103929911973145128032673526576084412085906692509065963912313529251884159830413
0.006494309924942728694043653349481894501952770996271990432688885581983707278764493349726307305366230580858738524108195762853229474
0.006333856156431034754965006821128030008462035079385293993901097968362533077189937497233941180125236024157556626034843360175592429
0.006173402387919340815886360292774165514971299162498597555113310354741358875615381644741575054884241467456374727961490957497955383
0.006013051606563839319103201787571396691048303143328484057890222791597033480853298910055796453557962982351200938540434836191354444
0.005852906733418477561864707610586241708525366053427040179681950971018497398801323559056900923702361022850691588915078370571311796
0.005693070557375140238184332643207015281259478919816368965594351028985680628538119219084140390765800230413157673252553935725179868
0.005533645669188660122178549282632642238000577145133304703885276494706250768066089919868372098909229749452487939145538297860956679
0.005374734395629002900712633117240085114788809425658701865442409602774326929897999657088378410435281681325209829072878698288554714
0.00521643873380289053648005729940559406747927218544697475555944244538783411715246009814057384752123341561573668752207120637778933
0.005058860285687018788621752269390716149053703707339359512478810683933351462119805727940495011591493216463551577672506140354673739
0.004902100192914888706406916454136496475875179046829669091789950823405024660492767121550735083196228565935231059725889775461019369
0.004746259071859109129518811852756421437407439162362274256039600499042422260373880323332962770999747741675476066978408601924607016
0.004591436949050837580598562259948462289453639865752094864941642334567450328732625598605928424654310538319443129780412593682071023
0.00443773319697781054362277729822573419761332838718135214673882133166444038704686322031808038756867115426411777152718924230667289
0.00428524647030217112431797888670271400299322532066584140386272387291185499479357683227363769736033357418749264487819828209230203
0.004134074642539032642114027966047618576751170883385500011904713874450671221609455218339216927550432091409936300014030725819617237
0.003984314743236420980054243376547531412547968525494746740265286357376269557536154507736220306740412415669962289964665058930271218
0.003836062895696916709421358216461493518344333175957558215126393230111720695360243308652694670303096565296519954381694290771030761
0.003689414255280970316159210340664228227935901841520140455549924265756915592014101595805696969808371843347463646036599778717225787
0.003544462948331490509634527389100796543400455916854070736946679401606486140162002488365246887164106870652030866158064201061294637
0.003401302011758906830523595352119248971051361439503477287508217507391788696961215734426265867696739408245089457475421968222222808
0.003260023333325483849571275854717902189083895816274919634280350924650704118891634705986388264646991470058834564998486036400638181
0.003120717592667215434750794951793786314146596688529192160687316653352001010182999553571062280200208126395836141441249063827466747
0.002983474203091154149023105679501318187188183652014186014193250891056666005181379740285493228955010607690971798864106676082365102
0.002848381254185533128315776551267621247647812435473801437723518637835934274162055016425082520188746030609815950944618778529577232
0.002715525455279516098969802281373617673971297416241365565242931575557208919449328454452791114471243464240369940075484080540583168
0.002584992079788865860585126957558598164511939399567681478667387313966547690680406289695841581556114319532423041774203075317149615
0.002456864910483252933953880265411831874880235397054484163468628862184293536677533749056924994085711532666733560105704653767640304
0.002331226185710334519576770367698220351176445573682790661594407662319481808482564855583526463068383689625411694378772064851571333
0.002208156546611119809801461086350391333627850962368916526146010474979549587211026294270897422505831441289463523093414542439548262
0.002087734985360501441063383825175374772821238424775286786559536803954648323092510600074420752101673617056657890057251362149775346
0.001970038794466174870430190990055697041517843208448065611432078957294460963888048451300694959127942299798488017488872592043790348
0.001855143517158488134989320339212008134858585795740444978694045945220965745436435571250748705563980744557344718086024014042165414
0.001743122898903064239598681969318809497387106309510536787186960206206171662824151899443531571731309374304918636499392144627382889
0.001634048840067317767574612923847779393774000552100663603055915165343101347094030807506032939902779771558819980170786796054163031
0.00152799134977124668256835105663747216734451322183802822947096475992489866920808713004040401430365944705923842188048388749766862
0.001425018500952120163552926056958830732547426303673830268574066828757496546515726963753717586653671739970383200612688665471882217
0.001325196386671904176393185288664511466655229442012396784268548299935279300499549308654703773962150584303790227840207310336661821
0.001228589077695468834992217000889135872207119137891338665634636008263746223039750580928383062515971019208514874484998183139724432
0.001135258581366805954469190873565324485982060018000911190369229833927432248974268170316574036940609593974022123192574961070193761
0.001045264801809652071751420171317475109792700761051775806016773732492445725323757274061590559219181803421682281572567382602955352
0.000958665501478062140099378367147657116368856529539972520793545264115045455858843795941245185151055884621673534483738117118784165
0.000875516264081612639043672394258715084999375078815450791071791815640067307458325801994681355470293513839861792145783260253578829
0.000795870458909030536137656748153802184985429929600720211250476185617349098471800449071043050772250160964969993094672514236676083
0.000719779206573146958125457000319768969133045266560497169526249658506804245004496651687809264347485632822624233320896532568864959
0.000647291346199162152703081053105682115535180455974537665516358490196418407246085643627462800670104893795941232979613521843627079
0.000578453404077281933554112328311883003494307642267507939061282366553857605831709067339376064423961379038386635438656799664883226
0.000513309563799845895373108095648283519460480833935374332543691258682789919622036210348348004171778027807410641518154624949868197
0.00045190163790211486542735687688844841176495953111839007558894363097189839640466067368038315294308038645857272321008443144650309
0.000394269041024919935418137698184836670070198831635765345797641024467345754344013161988468032701231333765057432965632453703057976
0.000340448764616398611449561170657523796673371161809518531249514626605778854185754663977626960845030846840554084653748181669820988
0.000290475353189055757758779821181503968651666330016436373363497467062070363144357162368305277599032470892479748431343364700953085
0.000244380882147388725564570838968191899811946866093089627928152034897325869453909306122137052919386521479363410157602263191875221
0.000202194937200307992700202496171115415033667555818062705625029667449420622880520873860168984555428888662789182043836501107815465
0.00016394459537156743963746212680831010573771883845948890832247589703902435501068218256895745302184224527372541537616338180452961
0.0001296544076203927059710035400683152622379513118943634996369265147626861669631280577812154133264395343912450052624502516291644951
0.0000993463830834625667488520005145663515247826778989970450231490172697196751190434177418963427664086975325814622944869787493169039
0.00007303997494835760356035369293788848528861923983660224460948689841249583087479542548434093123238848506929611603798061761633004
0.0000507520679675432889769499249007275499476043326044792616991448405700783913401113118943653750134173842723974753435088771323879751
0.0000324969676209016269005547518774323244394737719752514940427799500957464458403240417862081220876406422139324332413781505911558792
0.0000182863909337673714610656299657628133605223277017154867043533893445931931617417060024918450154496605083084197185222642262406452
8.129458956362262472279110273030430573143592909931678045372198660536489073068410214704131124589672667487967327898877692536734e-6
2.0326909094543481235337367678408902695240828083509138704737611333269576526608195106867251327666979680866617199888434955319415e-6