2.6158786426147289170584650967415647959152860276673660898227266554167715458646733940102571844098688644310479890602644584590587782e-6
0.000010461528108970554738471385402760585074512934955809243962035070786754128760771183761544611477410777618870700149232175521643925083
0.000023530990523093339345391168005475938813872285515372360145298023858465231391708656295651784487940518350631607493944371386204776944
0.00004181434111885047461197303080097919245979800464234979862051457083262941368431715911554731407968371840603500780340203529964027772
0.00006529769577667884150839590361253448771154833399017846156251546927054317290231634308986686252745730188820524743122212639939784155
0.00009396322156699013580296880961993561926914272341888291397028803809310544104308594947931959152604739814687743216515256386470837324
0.00012778915029224704649280467572521221219478420257923460297361978680952525267062178013060845944395615838780351296258054630237968373
0.00016674979501742662457801549084488922191921707512317944335019777297553474639744319852916992393356531389321011167110217554634177003
0.00021081556957631784054858544842161014498860466213389059548721749669559460278242438747385045444034992918343022653442640576779949582
0.00025995301103884052228035143629517347818160430880346070431058559076898753198072589173777814881929491916423130968551845985140004432
0.00031412480512232430700230017843157205368042722501722751772167433673711066975617943795777130523641930021303016434839821251160792192
0.0003732898145274506391250576537442218781098079591947850265589541525716549458957623993769459288901038584522297574941559071435707611
0.0004374031101773398976946509785187915468405532446680452274788042650910133997596981224415373914499959322934924219238245249818565466
0.0005064160053360611296130924259162751140134516062889246253316159723150402840665604481916883412687198330129576629119177890955218375
0.0005802760925806552716961236955157771249580161898357418560754783658069811112285861288893325520450027751101080534448622960065711654
0.0006589272835985958265866227957891623934773387196743142433111293887930011292312335848296437144784042711496239993943356682032401405
0.0007423098517804653600368395388141222261890414575358725538500764598356321477314826688882843087140171506955931962886008998677415765
0.0008303604775755035394503887854422887548582943504910706169161789194872768131302271526863905623626822636202117947988469235721506781
0.0009230122965755843477445745544216431705505921649912170123248183974246307776242942392584371557544447690741545280519353471291661532
0.0010201949502911081758120445909861256739256511908305659451981705195820095196123220744563126969090909863823933066409775479955557894
0.0011218346395802502945231090799863908973639978811107868308758982142790230109054594331669115715338367789175338480486930538983026338
0.0012278541806909922856548332650652325832581829399632573355337500517038432196829178901474867086653529484733164674423050115478438966
0.0013381730638733789004633513837032217746585815810706299439617321436239026841482280469755850985448396401616704529594797635146037846
0.0014527075145174910215375145276884408082674212229949668711075053506297752870398203385578018566417045736562939029360850185241125778
0.0015713705567707074102492189740874435554958493655611282488083089141065225722691600738460069488179411773787876184305474385391107507
0.0016940720795859451850457458918841532385425447213600508580312349137830802643952497393113929635436274247027527700033177861932472329
0.0018207189051507229247362568111329703136777941324991336789625299256864914839893787400800182085165789724320584586320993623891210653
0.0019512148596450823276734951721396100520840968116581222575372559064504893927524840769723730349279461211777557116576869209685099321
0.0020854608462746358552646338247097651087177123194214680272487070317722361984499291968048941585795847883340797011644181420586988863
0.0022233549205232800895380077577806300311437697866087192974944630104850780249549954131129541933666075780542873855159246519325347952
0.0023647923675684289515353048569777723766997582201262562799916210603616245706907484810418181283848336728955200583557747573468702283
0.0025096657817999787400996705073179212112474849969482379879180062632829001393147272272383323864664205649611596364214653808242344664
0.0026578651483826194062430008192959658171085313759705372460278508277258772059298397982622894339587740386057058227967183476288569932
0.002809277926799554789853216440855891076527809421653671393910627160207240624587133311211913230575166249336151576420142223115153729
0.0029637891363141898913749112871712025199126180943451370187006894591968753336020175210390548524819259732445391339006127140014506438
0.0031212814432848867738776621762564344691638090607419864597781274759660176475904758282213582666915438321547482367796008132278850352
0.0032816352502664834966438031286983350594671048348212867269593090534471946115184825888466398374467878569685318594143449410206431962
0.0034447287868309136386651791483327882502161945168586686633497199477059390419804923230570557295417950306821799194224586695691818472
0.003610438202037958509603613633063983005761199484923717965829953568620100243988366730661481878821212073260259027419632662576179557
0.003778637658485911058191167505811902616343092907931160110883347490232614565131280001654297803869457006828482302214548701432122584
0.003949199427870730725300838177499849919333643224887572668144048460073467981750675781370708391089604606470452312438248996523117827
0.004121993987981122962089114886610664616364377616706015731409327306037266873058168494017745542588107530434243270228177151322850243
0.004296890121055886712595753380982145171035405991736978542234104536956544050933461190941688887652273324646859263479421117908904543
0.004473755013428838673033656598967590908454046760187982252751721670222083385689343368355098664143216894550077634588604522178837601
0.00465245435638564537228785811541301633592741501617031564968143862185977876594085794520290179014271254685664329345172312809387315
0.004832852448155973812370366029729835691207836322231797472555174657902334805403432431530327189650547797203282565000094862752170669
0.005014812296963509262614309920377421536703281376429759894937950360335236488293479836783067754944355202213710364214925602847464304
0.005198195725055585471937214560821139926529896530862675773472769579730376223189226460879516572974938859350835436872748878021253807
0.005382863473633428659596401663964178240435022126235431165458584306462497269727785343991864555803430389145331544561216189260850551
0.005568675308603332731409670058525645139999652271552071495227159134200452765461497306179664424430066495113836826335755460088687223
0.00575549012706845976477579030109692449177709291282425430536993524639636891145152269470964190171564481627906464233819442558110949
0.005943166064480397385405936194893410806178419417011295080923550517097143080987724755747997943710605320721023598820750109709772954
0.006131560602369103648563130608478131850731823642482449238813186117594956511041342728027858912583753196312797439330299871630331075
0.006320530676569430818262147827389506310651544813428394234476819232501035993509300340796268464896641384040667370796947995793759938
0.006509932785862042342844088755493307829257432610142423049673618140968487220787007881835484196263770433142419187084825185107802637
0.006699623100946222640968702491121739581365032193377841998417448295317145377478889724344189324537181338602178327002786714714958583
0.006889457573661827277330358296665576500432389033717337326699439895411878083960984646114111459083590061364359838844917339138363694
0.007079292046377431913692014102209413419499745874056832654981431495506610790443079567884033593629998784126541350687047963561768806
0.007268982361461612211816627837837845171607345457292251603725261649855268947134961410392738721903409689586300490605009493168924752
0.00745838447075422373639856876594164669021323325400628041892206055832272017441266895143195445327053873868805230689288668248296745
0.007647354544954550906097585984853021150132954424952225414585693673228799656880626564200364005583426926415922238359534806646396314
0.007835749082843257169254780398437742194686358650423379572475329273726613086934244536480224974456574802007696078869084568566954435
0.008023425020255194789884926292234228509087685154610420348028944544427387256470446597518581016451535306449655035351640252695617898
0.008210239838720321823251046534805507860865125795882603158171720656623303402460471986048558493737113627614882851354079218188040166
0.008396051673690225895064314929366974760429755941199243487940295484361258898194183948236358362363749733583388133128618489015876838
0.008580719422268069082723502032510013074334881536571998879926110211093379944732742831348706345192241263377884240817085800255473582
0.008764102850360145292046406672953731464161496691004914758460929430488519679628489455445155163222824920515009313474909075429263085
0.00894606269916768074229035056360131730965694174520287718084370513292142136251853686069789572851663232552543711268973981552455672
0.009126460790938009182372858477918136664937363051264359003717441168963977401981111347025321128024467575872076384238111550182854239
0.009305160133894815881627059994363562092410731307246692400647158120601672782232625923873124254023963228178642043101230156097889788
0.009482025026267767842064963212349007829829372075697696111164775253867212116988508101286534030514906798081860414210413560367822846
0.009656921159342531592571601706720488384500400450728658921989552484786489294863800798210477375579072592294476407461657526953877146
0.009829715719452923829359878415831303081531134842547101985254831330750288186171293510857514527077575516258267365251585681753609561
0.010000277488837743496469549087519250384521685159503514542515532300591141602790689290573925114297723115900237375475285976844604804
0.010168476945285696045057102960267169995103578582510956687568926222203655923933602561566741039345968049468460650270202015700547832
0.010334186360492740915995537444998364750648583550576005990049159843117817125941476969171167188625385092046539758267376008707545541
0.010497279897057171058016913464632817941397673232613387926439570737376561556403486703381583080720392265760187818275489737256084192
0.010657633704038767780783054417074718531700969006692688193620752314857738520331493464006864651475636290573971440910233865048842353
0.010815126011009464663285805306159950480952159973089537634698190331626880834319951771189168065685254149484180543789221964275276745
0.01096963722052409976480750015247526192433696864578100325948825263061651554333483598101630968759201387339256810126969245516157366
0.011121049998941035148417715774035187183756246691464137407371028963097878961992129493965933484208406084123013854893116330647870395
0.011269249365523675814561046086013231789617293070486436665480873527540856028607242064989890531700759557767560041268369297452492922
0.01141412277975522560312541173635338062416501984730841837340725873046213159723122081118640478978234644983319961933405992092985716
0.011555560226800374465122708835550522969721008280825955355904416780338678142966973879115268724800572544674432292173910026344192593
0.011693454301049018699396082768621387892147065748013206626150172759051519969472040095423328759587595334394639976525416536218028502
0.011827700287678572226987221421191542948780681255776552395861623884373266775169485215255849883239234001550963966032147757308217457
0.011958196242172931629924459782198182687186983934935540974436349865137264683932590552148204709650601150296661219057735315887606323
0.012084843067737709369614970701446999762322233346074623795367644877040675903526719552916829954623552698025966907686516892083480156
0.012207544590552947144411497619243709445368928701873546404590570876717233595652809218382215969349238945349932059259287239737616638
0.012326207632806163533123202065642712192597356844439707782291374440193980880882148953670421061525475549072425774753749659752614811
0.012440742083450275654197365209627931226206196486364044709437147647199853483773741245252637819622340482567049224730354914762123604
0.012551060966632662269005883328265920417606595127471417317865129739119912948239051402080736209501827174255403210247529666728883492
0.012657080507743404260137607513344762103500780186323887822522981576544733157016509859061311346633343343811185829641141624378424755
0.012758720197032546378848672002345027326939126876604108708200709271241746648309647217771910221258089136346326371048857130281171599
0.012855902850748070206916142038909509830314185902443457641074061393399125390297675052969785762412735353654565149637899331147561235
0.012948554669748151015210327807888864246006483716943604036482700871336479354791742139541832355804497859108507882890987754704576711
0.013036605295543189194623877054517030774675736609898802099548803330988124020190486623339938609453162972033126481401233778408985812
0.013119987863725058728074093797541990607387439347760360410087750402030755038690735707398579203688775851579095678295499010073487248
0.013198639054742999282964592897815375875906761877598932797323401425016775056693383163338890366122177347618611624244972382270156223
0.013272499141987593425047624167414877886851326461145750028067263818508715883855408844036534576898460289715762014777916889181205551
0.013341512037146314656966065614812361454024224822766629425920075525732742768162271169786685526717184190435227255766010153294870842
0.013405625332796203915535658939586931122754970108239889626839925638252101222026206892851276989277076264276489920195678771133156628
0.013464790342201330247658416414899580947184350842417447135677205454086645498165789854270451612930760822515689513341436465765119467
0.013518962136284814032380365157035979522683173758631213949088294200054768635941243400490444769347885203564488368004316218425327344
0.013568099577747336714112131144909542855876173405300784057911662294128161565139544904754372463726830193545289451155408272508927893
0.013612165352306227930082701102486263778945560992311495210048682017848221421524526093699052994233614808835509566018732502730385619
0.013651125997031407508167911917605940788669993864855440050425260004014230915251347512097614458723223964340916164727254131974347705
0.013684951925756664418857747783711217381595635344015791739428591752730650726878883342748903326641132724581842245524682114412019015
0.013713617451546975713152320689718618513153229733444496191836364321553212995019652949138356055639722820840514430258612551877329547
0.013737100806204804080048743562530173808404980062792324854778365219991126754237652133112675604087496404322684669886432642977087111
0.013755384156800561215315325425325677062050905781919302293253581766965290936530260635932571133679239604378088070195890306890522612
0.013768453619214683999922245207928392415790265132478865409436844720037002039161198108466678306689769345109848977540602502755083464
0.01377629926868103982574365812823441143606886278140700728730905706416833939637610461883421266098277025386428862970077441381826833
0.013778915147323654554660716593331153000864778067434674653398879790823756167921969292228222918167180122728719677689834678276727389
0.01377629926868103982574365812823441143606886278140700728730905706416833939637610461883421266098277025386428862970077441381826833
0.013768453619214683999922245207928392415790265132478865409436844720037002039161198108466678306689769345109848977540602502755083464
0.013755384156800561215315325425325677062050905781919302293253581766965290936530260635932571133679239604378088070195890306890522612
0.013737100806204804080048743562530173808404980062792324854778365219991126754237652133112675604087496404322684669886432642977087111
0.013713617451546975713152320689718618513153229733444496191836364321553212995019652949138356055639722820840514430258612551877329547
0.013684951925756664418857747783711217381595635344015791739428591752730650726878883342748903326641132724581842245524682114412019015
0.013651125997031407508167911917605940788669993864855440050425260004014230915251347512097614458723223964340916164727254131974347705
0.013612165352306227930082701102486263778945560992311495210048682017848221421524526093699052994233614808835509566018732502730385619
0.013568099577747336714112131144909542855876173405300784057911662294128161565139544904754372463726830193545289451155408272508927893
0.013518962136284814032380365157035979522683173758631213949088294200054768635941243400490444769347885203564488368004316218425327344
0.013464790342201330247658416414899580947184350842417447135677205454086645498165789854270451612930760822515689513341436465765119467
0.013405625332796203915535658939586931122754970108239889626839925638252101222026206892851276989277076264276489920195678771133156628
0.013341512037146314656966065614812361454024224822766629425920075525732742768162271169786685526717184190435227255766010153294870842
0.013272499141987593425047624167414877886851326461145750028067263818508715883855408844036534576898460289715762014777916889181205551
0.013198639054742999282964592897815375875906761877598932797323401425016775056693383163338890366122177347618611624244972382270156223
0.013119987863725058728074093797541990607387439347760360410087750402030755038690735707398579203688775851579095678295499010073487248
0.013036605295543189194623877054517030774675736609898802099548803330988124020190486623339938609453162972033126481401233778408985812
0.012948554669748151015210327807888864246006483716943604036482700871336479354791742139541832355804497859108507882890987754704576711
0.012855902850748070206916142038909509830314185902443457641074061393399125390297675052969785762412735353654565149637899331147561235
0.012758720197032546378848672002345027326939126876604108708200709271241746648309647217771910221258089136346326371048857130281171599
0.012657080507743404260137607513344762103500780186323887822522981576544733157016509859061311346633343343811185829641141624378424755
0.012551060966632662269005883328265920417606595127471417317865129739119912948239051402080736209501827174255403210247529666728883492
0.012440742083450275654197365209627931226206196486364044709437147647199853483773741245252637819622340482567049224730354914762123604
0.012326207632806163533123202065642712192597356844439707782291374440193980880882148953670421061525475549072425774753749659752614811
0.012207544590552947144411497619243709445368928701873546404590570876717233595652809218382215969349238945349932059259287239737616638
0.012084843067737709369614970701446999762322233346074623795367644877040675903526719552916829954623552698025966907686516892083480156
0.011958196242172931629924459782198182687186983934935540974436349865137264683932590552148204709650601150296661219057735315887606323
0.011827700287678572226987221421191542948780681255776552395861623884373266775169485215255849883239234001550963966032147757308217457
0.011693454301049018699396082768621387892147065748013206626150172759051519969472040095423328759587595334394639976525416536218028502
0.011555560226800374465122708835550522969721008280825955355904416780338678142966973879115268724800572544674432292173910026344192593
0.01141412277975522560312541173635338062416501984730841837340725873046213159723122081118640478978234644983319961933405992092985716
0.011269249365523675814561046086013231789617293070486436665480873527540856028607242064989890531700759557767560041268369297452492922
0.011121049998941035148417715774035187183756246691464137407371028963097878961992129493965933484208406084123013854893116330647870395
0.01096963722052409976480750015247526192433696864578100325948825263061651554333483598101630968759201387339256810126969245516157366
0.010815126011009464663285805306159950480952159973089537634698190331626880834319951771189168065685254149484180543789221964275276745
0.010657633704038767780783054417074718531700969006692688193620752314857738520331493464006864651475636290573971440910233865048842353
0.010497279897057171058016913464632817941397673232613387926439570737376561556403486703381583080720392265760187818275489737256084192
0.010334186360492740915995537444998364750648583550576005990049159843117817125941476969171167188625385092046539758267376008707545541
0.010168476945285696045057102960267169995103578582510956687568926222203655923933602561566741039345968049468460650270202015700547832
0.010000277488837743496469549087519250384521685159503514542515532300591141602790689290573925114297723115900237375475285976844604804
0.009829715719452923829359878415831303081531134842547101985254831330750288186171293510857514527077575516258267365251585681753609561
0.009656921159342531592571601706720488384500400450728658921989552484786489294863800798210477375579072592294476407461657526953877146
0.009482025026267767842064963212349007829829372075697696111164775253867212116988508101286534030514906798081860414210413560367822846
0.009305160133894815881627059994363562092410731307246692400647158120601672782232625923873124254023963228178642043101230156097889788
0.009126460790938009182372858477918136664937363051264359003717441168963977401981111347025321128024467575872076384238111550182854239
0.00894606269916768074229035056360131730965694174520287718084370513292142136251853686069789572851663232552543711268973981552455672
0.008764102850360145292046406672953731464161496691004914758460929430488519679628489455445155163222824920515009313474909075429263085
0.008580719422268069082723502032510013074334881536571998879926110211093379944732742831348706345192241263377884240817085800255473582
0.008396051673690225895064314929366974760429755941199243487940295484361258898194183948236358362363749733583388133128618489015876838
0.008210239838720321823251046534805507860865125795882603158171720656623303402460471986048558493737113627614882851354079218188040166
0.008023425020255194789884926292234228509087685154610420348028944544427387256470446597518581016451535306449655035351640252695617898
0.007835749082843257169254780398437742194686358650423379572475329273726613086934244536480224974456574802007696078869084568566954435
0.007647354544954550906097585984853021150132954424952225414585693673228799656880626564200364005583426926415922238359534806646396314
0.00745838447075422373639856876594164669021323325400628041892206055832272017441266895143195445327053873868805230689288668248296745
0.007268982361461612211816627837837845171607345457292251603725261649855268947134961410392738721903409689586300490605009493168924752
0.007079292046377431913692014102209413419499745874056832654981431495506610790443079567884033593629998784126541350687047963561768806
0.006889457573661827277330358296665576500432389033717337326699439895411878083960984646114111459083590061364359838844917339138363694
0.006699623100946222640968702491121739581365032193377841998417448295317145377478889724344189324537181338602178327002786714714958583
0.006509932785862042342844088755493307829257432610142423049673618140968487220787007881835484196263770433142419187084825185107802637
0.006320530676569430818262147827389506310651544813428394234476819232501035993509300340796268464896641384040667370796947995793759938
0.006131560602369103648563130608478131850731823642482449238813186117594956511041342728027858912583753196312797439330299871630331075
0.005943166064480397385405936194893410806178419417011295080923550517097143080987724755747997943710605320721023598820750109709772954
0.00575549012706845976477579030109692449177709291282425430536993524639636891145152269470964190171564481627906464233819442558110949
0.005568675308603332731409670058525645139999652271552071495227159134200452765461497306179664424430066495113836826335755460088687223
0.005382863473633428659596401663964178240435022126235431165458584306462497269727785343991864555803430389145331544561216189260850551
0.005198195725055585471937214560821139926529896530862675773472769579730376223189226460879516572974938859350835436872748878021253807
0.005014812296963509262614309920377421536703281376429759894937950360335236488293479836783067754944355202213710364214925602847464304
0.004832852448155973812370366029729835691207836322231797472555174657902334805403432431530327189650547797203282565000094862752170669
0.00465245435638564537228785811541301633592741501617031564968143862185977876594085794520290179014271254685664329345172312809387315
0.004473755013428838673033656598967590908454046760187982252751721670222083385689343368355098664143216894550077634588604522178837601
0.004296890121055886712595753380982145171035405991736978542234104536956544050933461190941688887652273324646859263479421117908904543
0.004121993987981122962089114886610664616364377616706015731409327306037266873058168494017745542588107530434243270228177151322850243
0.003949199427870730725300838177499849919333643224887572668144048460073467981750675781370708391089604606470452312438248996523117827
0.003778637658485911058191167505811902616343092907931160110883347490232614565131280001654297803869457006828482302214548701432122584
0.003610438202037958509603613633063983005761199484923717965829953568620100243988366730661481878821212073260259027419632662576179557
0.003444728786830913638665179148332788250216194516858668663349719947705939041980492323057055729541795030682179919422458669569181847
0.003281635250266483496643803128698335059467104834821286726959309053447194611518482588846639837446787856968531859414344941020643196
0.003121281443284886773877662176256434469163809060741986459778127475966017647590475828221358266691543832154748236779600813227885035
0.002963789136314189891374911287171202519912618094345137018700689459196875333602017521039054852481925973244539133900612714001450644
0.002809277926799554789853216440855891076527809421653671393910627160207240624587133311211913230575166249336151576420142223115153729
0.002657865148382619406243000819295965817108531375970537246027850827725877205929839798262289433958774038605705822796718347628856993
0.002509665781799978740099670507317921211247484996948237987918006263282900139314727227238332386466420564961159636421465380824234466
0.002364792367568428951535304856977772376699758220126256279991621060361624570690748481041818128384833672895520058355774757346870228
0.002223354920523280089538007757780630031143769786608719297494463010485078024954995413112954193366607578054287385515924651932534795
0.002085460846274635855264633824709765108717712319421468027248707031772236198449929196804894158579584788334079701164418142058698886
0.001951214859645082327673495172139610052084096811658122257537255906450489392752484076972373034927946121177755711657686920968509932
0.001820718905150722924736256811132970313677794132499133678962529925686491483989378740080018208516578972432058458632099362389121065
0.001694072079585945185045745891884153238542544721360050858031234913783080264395249739311392963543627424702752770003317786193247233
0.001571370556770707410249218974087443555495849365561128248808308914106522572269160073846006948817941177378787618430547438539110751
0.001452707514517491021537514527688440808267421222994966871107505350629775287039820338557801856641704573656293902936085018524112578
0.001338173063873378900463351383703221774658581581070629943961732143623902684148228046975585098544839640161670452959479763514603785
0.001227854180690992285654833265065232583258182939963257335533750051703843219682917890147486708665352948473316467442305011547843897
0.001121834639580250294523109079986390897363997881110786830875898214279023010905459433166911571533836778917533848048693053898302634
0.001020194950291108175812044590986125673925651190830565945198170519582009519612322074456312696909090986382393306640977547995555789
0.000923012296575584347744574554421643170550592164991217012324818397424630777624294239258437155754444769074154528051935347129166153
0.000830360477575503539450388785442288754858294350491070616916178919487276813130227152686390562362682263620211794798846923572150678
0.000742309851780465360036839538814122226189041457535872553850076459835632147731482668888284308714017150695593196288600899867741576
0.00065892728359859582658662279578916239347733871967431424331112938879300112923123358482964371447840427114962399939433566820324014
0.000580276092580655271696123695515777124958016189835741856075478365806981111228586128889332552045002775110108053444862296006571165
0.000506416005336061129613092425916275114013451606288924625331615972315040284066560448191688341268719833012957662911917789095521838
0.000437403110177339897694650978518791546840553244668045227478804265091013399759698122441537391449995932293492421923824524981856547
0.000373289814527450639125057653744221878109807959194785026558954152571654945895762399376945928890103858452229757494155907143570761
0.000314124805122324307002300178431572053680427225017227517721674336737110669756179437957771305236419300213030164348398212511607922
0.000259953011038840522280351436295173478181604308803460704310585590768987531980725891737778148819294919164231309685518459851400044
0.000210815569576317840548585448421610144988604662133890595487217496695594602782424387473850454440349929183430226534426405767799496
0.00016674979501742662457801549084488922191921707512317944335019777297553474639744319852916992393356531389321011167110217554634177
0.0001277891502922470464928046757252122121947842025792346029736197868095252526706217801306084594439561583878035129625805463023796837
0.0000939632215669901358029688096199356192691427234188829139702880380931054410430859494793195915260473981468774321651525638647083732
0.0000652976957766788415083959036125344877115483339901784615625154692705431729023163430898668625274573018882052474312221263993978415
0.0000418143411188504746119730308009791924597980046423497986205145708326294136843171591155473140796837184060350078034020352996402777
0.0000235309905230933393453911680054759388138722855153723601452980238584652313917086562956517844879405183506316074939443713862047769
0.0000104615281089705547384713854027605850745129349558092439620350707867541287607711837615446114774107776188707001492321755216439251
2.6158786426147289170584650967415647959152860276673660898227266554167715458646733940102571844098688644310479890602644584590588e-6