0.00006530267271423903245532711211855151358147141403118440642085507591389654037717219116869802752704083368491662349297985716410481367
0.000260787177965706508955358681187333564557173115019299987666169435290124070588820636814405017852659108580496601057398188852206807
0.0005851857237242685916153559512102561971691284272120364495111308295064383864383789676334624486837150262467321471843533831971101409
0.0010363944609387144823416887638743980132770865869732532130947433152108946506699170874426322996895771007972233626651162550894633545
0.0016114871278051668454207461688050962975631519370466786857200168403155600064059756391943436560327762559262992395433314699503781419
0.0023067340276977790176209020661902548942827480236127339668639958015652281106007191650288608252425512159339816397267560047586485232
0.0031176262176825560030679065759760772707600689758546557860944443310760191225487062723916430772230093002296801666371900278213350525
0.004038904750742505227114856676715396879866500432236218487130821255928064119302962050411556755848518390770011017949380817582401606
0.005064594782067065781307241794517480988001834994462673599508953392872521699307563462696652124545379826177874878740253812051914112
0.006188044318213441550457861284941244207763891043633153571487683082853363004486342691142411384819730925332748364020986537324910701
0.007401967357836657699599380089536150003762356824856333694633554230300564976936329249795439957974400448678616514076467265062638824
0.00869849114420415164398846228961019362692602569423212903869868942701777084286844785401190250172579144399951240066586449603726796
0.010069207223044209097636677510511227192939645510817646862099181385601975661173746790474470594045247012763295149081033034125300784
0.011505225974598505583740219843530812272534736741434349091920528420100077019856217918105736713891743415211994520989181429377438422
0.012997234266217467004629333612673637946674107311798260017230977976193510415999984967967906247968752685428470385142996992040169551
0.014535555851599245236430849687291466375284528405214176602221810517857026704299529857439992251954478126440574081325432914122801007
0.016110214124960066896307801990379371411154542614145873337784152693542324273709847205694921363234691300145938782086928511288150811
0.017710996823151079813579244513112153803575942526445753922787558355591447209450507169731728088274751890682878519756016720618578104
0.019327522256103641209826350511236632009401970069393371904967914241693160310399506473586158936110035941230891771251632045187915039
0.020949306636073195180720359530808276762356611973877215543428811300714742334295480688311723440070952109822288825072500091313288097
0.022565832069025756576967465528932754968182639516824833525609167186816455435244479992166154287906236160370302076568115415882625032
0.024166614767216769494238908051665537360604039429124714110612572848865578370985139956202961012946296750907241814237203625213052325
0.025741273040577591154115860354753442396474053638056410846174915024550875940395457304457890124226509924612606514998699222378402129
0.027279594625959369385917376429371270825084474731472327431165747566214392228695002193929976128212235365624710211181135144461033585
0.028771602917578330806806490198514096499223845301836238356476197122307825624838769243792145662289244635841186075334950707123764714
0.030207621669132627292910032531533681578818936532452940586297544156805926983521240371423411782135741038289885447243099102375902352
0.031578337747972684746558247752434715144832556349038458409698036115390131801826539307885979874455196607053668195658267640463935176
0.032874861534340178690947329952508758767996225218414253753763171312107337667758657912102442418206587602374564082247664871438564312
0.034088784573963394840088848757103664563994690999637433876909042459554539640208644470755470991361257125720432232303145599176292435
0.035212234110109770609239468247527427783756747048807913848887772149535380945387423699201230251635608224875305717583878324449289024
0.03623792414143433116343185336532951189189208161103436896126590428647983852539202511148632562033246966028316957837475131891880153
0.037159202674494280387478803466068831500998513067415931662302281211331883522146280889506239298957978750823500429686942108679868084
0.037970094864479057372925807975854653877475834019657853481532729740842674534094267996869021550938436835119198956597376131742554613
0.038665341764371669545125963873239812474195430106223908762676708702092342638289011522703538720148211795126881356780800666550824994
0.039240434431238121908205021278170510758481495456297334235301982227197007994025070074455250076491410950255957233659015881411739781
0.039691643168452567798931354090834652574589453616058550998885594712901464258256608194264419927497273024806448449139778753304092995
0.040016041714211129881591351360857575207201408928251287460730556107117778574106166525083477358328328942472683995266733947648996329
0.040211526219462597358091382929926357258177110629239403041975870466494006104317814970729184348653947217368263972831152279337098322
0.040276828892176836390546710042044908771758582043270587448396725542407902644694987161897882376180988051053180596324132136501203136
0.040211526219462597358091382929926357258177110629239403041975870466494006104317814970729184348653947217368263972831152279337098322
0.040016041714211129881591351360857575207201408928251287460730556107117778574106166525083477358328328942472683995266733947648996329
0.039691643168452567798931354090834652574589453616058550998885594712901464258256608194264419927497273024806448449139778753304092995
0.039240434431238121908205021278170510758481495456297334235301982227197007994025070074455250076491410950255957233659015881411739781
0.038665341764371669545125963873239812474195430106223908762676708702092342638289011522703538720148211795126881356780800666550824994
0.037970094864479057372925807975854653877475834019657853481532729740842674534094267996869021550938436835119198956597376131742554613
0.037159202674494280387478803466068831500998513067415931662302281211331883522146280889506239298957978750823500429686942108679868084
0.03623792414143433116343185336532951189189208161103436896126590428647983852539202511148632562033246966028316957837475131891880153
0.035212234110109770609239468247527427783756747048807913848887772149535380945387423699201230251635608224875305717583878324449289024
0.034088784573963394840088848757103664563994690999637433876909042459554539640208644470755470991361257125720432232303145599176292435
0.032874861534340178690947329952508758767996225218414253753763171312107337667758657912102442418206587602374564082247664871438564312
0.031578337747972684746558247752434715144832556349038458409698036115390131801826539307885979874455196607053668195658267640463935176
0.03020762166913262729291003253153368157881893653245294058629754415680592698352124037142341178213574103828988544724309910237590235
0.02877160291757833080680649019851409649922384530183623835647619712230782562483876924379214566228924463584118607533495070712376471
0.02727959462595936938591737642937127082508447473147232743116574756621439222869500219392997612821223536562471021118113514446103359
0.02574127304057759115411586035475344239647405363805641084617491502455087594039545730445789012422650992461260651499869922237840213
0.02416661476721676949423890805166553736060403942912471411061257284886557837098513995620296101294629675090724181423720362521305233
0.02256583206902575657696746552893275496818263951682483352560916718681645543524447999216615428790623616037030207656811541588262503
0.0209493066360731951807203595308082767623566119738772155434288113007147423342954806883117234400709521098222888250725000913132881
0.01932752225610364120982635051123663200940197006939337190496791424169316031039950647358615893611003594123089177125163204518791504
0.0177109968231510798135792445131121538035759425264457539227875583555914472094505071697317280882747518906828785197560167206185781
0.01611021412496006689630780199037937141115454261414587333778415269354232427370984720569492136323469130014593878208692851128815081
0.01453555585159924523643084968729146637528452840521417660222181051785702670429952985743999225195447812644057408132543291412280101
0.01299723426621746700462933361267363794667410731179826001723097797619351041599998496796790624796875268542847038514299699204016955
0.01150522597459850558374021984353081227253473674143434909192052842010007701985621791810573671389174341521199452098918142937743842
0.01006920722304420909763667751051122719293964551081764686209918138560197566117374679047447059404524701276329514908103303412530078
0.00869849114420415164398846228961019362692602569423212903869868942701777084286844785401190250172579144399951240066586449603726796
0.007401967357836657699599380089536150003762356824856333694633554230300564976936329249795439957974400448678616514076467265062638824
0.006188044318213441550457861284941244207763891043633153571487683082853363004486342691142411384819730925332748364020986537324910701
0.005064594782067065781307241794517480988001834994462673599508953392872521699307563462696652124545379826177874878740253812051914112
0.004038904750742505227114856676715396879866500432236218487130821255928064119302962050411556755848518390770011017949380817582401606
0.003117626217682556003067906575976077270760068975854655786094444331076019122548706272391643077223009300229680166637190027821335053
0.002306734027697779017620902066190254894282748023612733966863995801565228110600719165028860825242551215933981639726756004758648523
0.001611487127805166845420746168805096297563151937046678685720016840315560006405975639194343656032776255926299239543331469950378142
0.001036394460938714482341688763874398013277086586973253213094743315210894650669917087442632299689577100797223362665116255089463355
0.000585185723724268591615355951210256197169128427212036449511130829506438386438378967633462448683715026246732147184353383197110141
0.000260787177965706508955358681187333564557173115019299987666169435290124070588820636814405017852659108580496601057398188852206807
0.000065302672714239032455327112118551513581471414031184406420855075913896540377172191168698027527040833684916623492979857164104814