3.546616970735645960614301314745849788437672366727845167535427535505400264237731972295305317780058692884490120260532557964588483e-6
0.000014183168703673006883599200313838533468881449518953163318363462791964808832105775961070033497444245650310687577167084982437059295
0.000031899760730007967451036546705955491717023601464811896520302940032721248862587760320372423203840715649137950177590090013741693135
0.00005667991249556083204850359179300946975860268637731088554462752963415194776217640866000496293113806039671968742543991226850198713
0.00008850057269152761520218728800590117486171421316751988759146061372652435192470957082967306004633709493119954682215272240180193037
0.00012733214069756249740754390095898167962630828914019682796987895066781930138183240178269001950286266273983543466469297304033505577
0.00017313849411724438871744581921619926646609300679308911176254091154556872980692300265743232721710808633261759602678331726581418404
0.00022587702238031320721505401375204293166746027869780841085155031288132322098444819121457289541317722177349075582273507124659872185
0.00028549866638041797160115908401432262108514560867003861325417650642617321202127594683208224617233754325064536121112944418094176111
0.0003519479641115043763533341101847260337201700815112928765352601161676616250665717851562213915051755420270688560229671381991724075
0.0004251631022603893869923342159610808379571597824292789129470324424054017888908925381126726353306109500581455912689029712520525382
0.0005050759737075297527403120769372296228283988987241455342122322731378804269207783232220680802161922077267979607658578510251245204
0.0005916122408824953383606311768742108611982851001681262620487699203769044197399569916481886123099494903613410758049609181646156096
0.0006846914049152119387853706413550803157328722400758644522982396417253198055568648880273416522994833432172669057403134623296940652
0.0007842268805186468255331676883087994702074793927263281657369420373997970873090393588559263921143981061378747957223569380041394032
0.0008901260765332786981672868580705621253990943398851728913074392690820011001156361313810458757462328704735884359328173708812987694
0.0010022904820584269367481311200803753786729044714760038716461460305381145986932183389157862222654275890962848622061810370051119505
0.0011206157580903179717245634555372728393325838084680307388334403459554273041118193126401057831488280784095158043142018620980512666
0.0012449918345816440404779701327752508816490803621257768322566994677399540955363159519990041734546321075260481295610044194103125846
0.0013753030128323263499431826880252210167628565818549183176264900165092915377707776882462560469333078312213474796584178291933576052
0.0015114280731162354037773221414939424312408882528451403766571103438110657212070281063419939073758984473258921399692008064918634716
0.0016532403874437505936983068941146304975808195464738646511374202173980357590071794920944375028311902677515287532946855681812118287
0.0018006080373552636287155668387365798770822385941122233651089305568005830889085208721481549937243604272661201679516012480205651337
0.0019533939366360504272375016400117408106869334715281564342117499750877193677961800463562648785548409450493858435237923074411332288
0.0021114559588383580789050107321940667316156974249671221605434298980023043630519176534649111942870353954091334431079544077696155221
0.0022746470694920816540904209134435278922391745245515936721125880864718824327408413126454888578857050011048846941157772486180621565
0.0024428154628810441591580637025854428641696405887886328761636524640127101582040074067536935709530976200567119924974001887314518612
0.0026158047032576458619980117410425881177145912745299921547436653903687148017961873106054966298942258800512127008124966543465686183
0.0027934538703645204957850256587730327983036699845288336141620593429957783330381102946389409494560731690139559670684354292222562641
0.0029755977091278293300479626655361483428524383537041029514018081482428294042924879229013762695179450790618823426541568327336716143
0.0031620667833829435039558322771905544884678537382411420822832570629912063791826399017634730205446628716732751431317618549706286825
0.0033526876334895139570911606613819455349663902048922995015224729326306321792506427891349026960309448151719184418069586783992671061
0.003547282937689310257247875622222581649913639141308798570394171154595669977427684682724871236754347939419158561291859328463352329
0.003745671677056727978574891092690789398924803044514476285720026723968151718699403286055362935520928603237801540303756678917410643
0.003947669303888522265429298712766922425080298513656769074256843235777761855533234441190107585685308436216022305227368616132183432
0.004153087913376125936459130600952438172009186623834231613504206794779904381482279748756395028125544338638553237082122481429106384
0.004361736418400856915780869808380520409104809014991473592707255708922304857955899367116191433031664612441790384669731859707827864
0.00457342072728941476417990006968821014800467140181244184513865365378841786818318515971158263988686318398291646637853634305702451
0.00478794392436431232538201730051161817119483628798800411314012139790383421247246718504413945367058541296835230907929693995279115
0.005005106453121288562256746527682404997214294928110946339962595298607716900515437686549969453453562572098981059584049388570141581
0.005224706301863304953868038487571312721864943880836460357520913123897584080883303572472993717151917486465847730329840167663663278
0.005446539191618442629798409148037157693950996513618487184111494271424434641421688804982320700266343731060313812010241451310507106
0.005670398766166892858901494696818102985330880377245432789804149010292914431938770633660412442942519128858597830798372098858213199
0.005896076784000271561919944383131501895001452844041327356313216269441020766144212352763720734697705345733429799450644258761437235
0.006123363312034691006308591586111324527371653561977483628015845294613691378459872368045250561346098949574510229059701286039035066
0.006352046920897390439230626440831407190805924653399804197105389268374680213810034625682193450226947947926611084975842375122055613
0.006581914881605263638630961722605210479315460084457658208115778671040327237871734712142066802543816273576081723637550800939151349
0.006812753363452326574188575262156196638077140040955359204374176848037580263224056591742295568252831371546279738397212219515282939
0.007044347632922043774262628377588112913683402443966230819906641861858989055032772869573660806486536596271584515423501301982762118
0.007276482253439478637811342912606837607713598396016748708449534115428848245440013732370184583429330096270626457922030579245114105
0.007508941285777451698522002790360757737770644082917916526146871711034554431738032400957950811603422592950690165393959442612522082
0.007741508488930282468772382565364984418526294749000072896061597183663583462855215165197558049280640843855853943893818744994729591
0.007973967521268255529483042443118904548583340435901240713758934779269289649153233833785324277454733340535917651365747608362137568
0.008206102141785690393031756978137629242613536387951758602301827032839148839560474696581848054397526840534959593864276885624489554
0.008437696411255407593105810093569545518219798790962630217834292046660557631369190974413213292631232065260264370890565968091968733
0.008668534893102470528663423633120531676981478747460331214092690223657810656721512854013442058340247163230462385650227386668100323
0.008898402853810343728063758914894334965491014178518185225103079626323457680783212940473315410657115488879933024311935812485196059
0.009127086462673043160985793769614417628925285269940505794192623600084446516133375198110258299537964487232033880228076901568216607
0.009354372990707462605374440972594240261295485987876662065895252625257117128449035213391788126186358091073114309837133928845814438
0.009580051008540841308392890658907639170966058454672556632404319884405223462654476932495096417941544307947946278489406088749038474
0.009803910583089291537495976207688584462345942318299502238096974623273703253171558761173188160617719705746230297277536736296744567
0.010025743472844429213426346868154429434431994951081529064687555770800553813709943993682515143732145950340696378957938019943588394
0.010245343321586445605037638828043337159082643903807043082245873596090420994077809879605539407430500864707563049703728799037110092
0.010462505850343421841912368055214123985102102543929985309068347496794303682120780381111369407213478023838191800208481247654460523
0.010677029047418319403114485286037532008292267430105547577069815240909720026410062406443926220997200252823627642909241844550227163
0.010888713356306877251513515547345221747192129816926515829501213185775833036637348199039317427852398824364753724618046327899423809
0.011097361861331608230835254754773303984287752208083757808704262099918233513110967817399113832758519098167990872205655706178145289
0.01130278047081921190186508664295881973121664031826122034795162565892037603906001312496540127519875500059052180406040957147506824
0.011504778097651006188719494263034952757372135787403513136488442170729986175893844280100145925363134833568742568984021508689841029
0.011703166837018423910046509733503160506383299690609190851814297740102467917165562883430637624129715497387385547995918859143899343
0.011897762141218220210203224694343796621330548627025689920685995962067505715342604777020606164853118621634625667480819509207984567
0.01208838299132479066333855307853518766782908509367684733992521183170693151541060766439203584033940056513326896615601633263662299
0.012274852065579904837246422690189593813444500478213886470806660746455308490300759643254132591366118357744661766633621354873580059
0.012456995904343213671509359696952709357993268847389155808046409551702359561555137271516567911427990267792588142219342758384995409
0.012634645071450088305296373614683154038582347557387997267464803504329423092797060255550012230989837556755331408475281533260683055
0.012807634311826690008136321653140299292127298243129356546044816430685427736389240159401815289930965816749832116790377998875799812
0.012975802705215652513203964442282214264057764307366395750095880808226255461852406253510020002998358435701659415172000938989189516
0.013138993815869376088389374623531675424681241406950867261665038996695833531541329912690597666597028041397410666179823779837636151
0.013297055838071683740056883715714001345610005360389832987996718919610418526797067519799243982329222491757158265763985880166118444
0.013449841737352470538578818516989162279214700237805766057099538337897554805684726694007353867159703009540423941336176939586686539
0.013597209387263983573596078461611111658716119285444124771071048677300102135586068074061071358052873169055015355993092619426039844
0.013739021701591498763517063214231799725056050579072849045551358550887072173386219459813514953508164989480651969318577381115388201
0.013875146761875407817351202667700521139534082250063071104581978878188846356822469877909252813950755605585196629629360358413894068
0.014005457940126090126816415222950491274647858469792212589951769426958183799056931614156504687429431329280495979726773768196939088
0.014129834016617416195569821900188469316964355023449958683375028548742710590481428253515403077735235358397028304973576325509200406
0.014248159292649307230546254235645366777624034360441985550562322864160023295900029227239722638618635847710259247081597150602139722
0.014360323698174455469127098497655180030897844492032816530901029625616136794477611434774462985137830566332955673354960816725952903
0.01446622289418908734176121766741694268608945943919166125647152685729834080728420820729958246876966533066866931356542124960311227
0.014565758369792522228509014714370661840564066591842124969910229252972818089036382678128167208584580093589277203547464725277557608
0.014658837533825238828933754178851531295098653731749863160159698974321233474853290574507320248574113946445203033482817269442636063
0.014745373801000204414554073278788512533468539933193843887996236621560257467672469242933440780667871229079746148521920336582127152
0.014825286672447344780302051139764661318339779049488710509261436452292736105702355028042836225553452486748398518018875216355199135
0.014898501810596229790941051245541016122576768750406696545673208778530476269526675780999287469378887894779475253264811049408079265
0.014964951108327316195693226271711419535211793223247950808954292388271964682571971619323426614711725893555898748076648743426309912
0.015024572752327420960079331341973699224629478553220181011356918581816814673608799374940935965470886215033053353465043116360652951
0.015077311280590489778576939536509542889830845825124900310445927983152569164786324563498076533666955350473926513260994870341437489
0.015123117634010171669886841454766760476670630542777792594238589944030318593211415164372818841381200774066708674623085214566916617
0.015161949202016206552092198067719840981435224618750469534617008280971613542668537995325835800837726341875344562465625465205449742
0.015193769862212173335245881763932732686538336145540678536663841365063985946831071157495503897952925376409824421862338275338749686
0.01521855001397772619984334880901978666457991523045317752568816595466541664573065980583513643768022272115740615911018809759350998
0.015236266606004061160410786155411903622828057382399036258890105431906173085761141790194438827386619191156233421710611102624814614
0.015246903157736998521333771054410996306508501159551261577040933467162632494329009834183213555566283378113659619167517655049287084
0.015250449774707734167294385355725742156296938831917989422208468894698137894593247566155508860884063436806544109287778187607251673
0.015246903157736998521333771054410996306508501159551261577040933467162632494329009834183213555566283378113659619167517655049287084
0.015236266606004061160410786155411903622828057382399036258890105431906173085761141790194438827386619191156233421710611102624814614
0.01521855001397772619984334880901978666457991523045317752568816595466541664573065980583513643768022272115740615911018809759350998
0.015193769862212173335245881763932732686538336145540678536663841365063985946831071157495503897952925376409824421862338275338749686
0.015161949202016206552092198067719840981435224618750469534617008280971613542668537995325835800837726341875344562465625465205449742
0.015123117634010171669886841454766760476670630542777792594238589944030318593211415164372818841381200774066708674623085214566916617
0.015077311280590489778576939536509542889830845825124900310445927983152569164786324563498076533666955350473926513260994870341437489
0.015024572752327420960079331341973699224629478553220181011356918581816814673608799374940935965470886215033053353465043116360652951
0.014964951108327316195693226271711419535211793223247950808954292388271964682571971619323426614711725893555898748076648743426309912
0.014898501810596229790941051245541016122576768750406696545673208778530476269526675780999287469378887894779475253264811049408079265
0.014825286672447344780302051139764661318339779049488710509261436452292736105702355028042836225553452486748398518018875216355199135
0.014745373801000204414554073278788512533468539933193843887996236621560257467672469242933440780667871229079746148521920336582127152
0.014658837533825238828933754178851531295098653731749863160159698974321233474853290574507320248574113946445203033482817269442636063
0.014565758369792522228509014714370661840564066591842124969910229252972818089036382678128167208584580093589277203547464725277557608
0.01446622289418908734176121766741694268608945943919166125647152685729834080728420820729958246876966533066866931356542124960311227
0.014360323698174455469127098497655180030897844492032816530901029625616136794477611434774462985137830566332955673354960816725952903
0.014248159292649307230546254235645366777624034360441985550562322864160023295900029227239722638618635847710259247081597150602139722
0.014129834016617416195569821900188469316964355023449958683375028548742710590481428253515403077735235358397028304973576325509200406
0.014005457940126090126816415222950491274647858469792212589951769426958183799056931614156504687429431329280495979726773768196939088
0.013875146761875407817351202667700521139534082250063071104581978878188846356822469877909252813950755605585196629629360358413894068
0.013739021701591498763517063214231799725056050579072849045551358550887072173386219459813514953508164989480651969318577381115388201
0.013597209387263983573596078461611111658716119285444124771071048677300102135586068074061071358052873169055015355993092619426039844
0.013449841737352470538578818516989162279214700237805766057099538337897554805684726694007353867159703009540423941336176939586686539
0.013297055838071683740056883715714001345610005360389832987996718919610418526797067519799243982329222491757158265763985880166118444
0.013138993815869376088389374623531675424681241406950867261665038996695833531541329912690597666597028041397410666179823779837636151
0.012975802705215652513203964442282214264057764307366395750095880808226255461852406253510020002998358435701659415172000938989189516
0.012807634311826690008136321653140299292127298243129356546044816430685427736389240159401815289930965816749832116790377998875799812
0.012634645071450088305296373614683154038582347557387997267464803504329423092797060255550012230989837556755331408475281533260683055
0.012456995904343213671509359696952709357993268847389155808046409551702359561555137271516567911427990267792588142219342758384995409
0.012274852065579904837246422690189593813444500478213886470806660746455308490300759643254132591366118357744661766633621354873580059
0.01208838299132479066333855307853518766782908509367684733992521183170693151541060766439203584033940056513326896615601633263662299
0.011897762141218220210203224694343796621330548627025689920685995962067505715342604777020606164853118621634625667480819509207984567
0.011703166837018423910046509733503160506383299690609190851814297740102467917165562883430637624129715497387385547995918859143899343
0.011504778097651006188719494263034952757372135787403513136488442170729986175893844280100145925363134833568742568984021508689841029
0.01130278047081921190186508664295881973121664031826122034795162565892037603906001312496540127519875500059052180406040957147506824
0.011097361861331608230835254754773303984287752208083757808704262099918233513110967817399113832758519098167990872205655706178145289
0.010888713356306877251513515547345221747192129816926515829501213185775833036637348199039317427852398824364753724618046327899423809
0.010677029047418319403114485286037532008292267430105547577069815240909720026410062406443926220997200252823627642909241844550227163
0.010462505850343421841912368055214123985102102543929985309068347496794303682120780381111369407213478023838191800208481247654460523
0.010245343321586445605037638828043337159082643903807043082245873596090420994077809879605539407430500864707563049703728799037110092
0.010025743472844429213426346868154429434431994951081529064687555770800553813709943993682515143732145950340696378957938019943588394
0.009803910583089291537495976207688584462345942318299502238096974623273703253171558761173188160617719705746230297277536736296744567
0.009580051008540841308392890658907639170966058454672556632404319884405223462654476932495096417941544307947946278489406088749038474
0.009354372990707462605374440972594240261295485987876662065895252625257117128449035213391788126186358091073114309837133928845814438
0.009127086462673043160985793769614417628925285269940505794192623600084446516133375198110258299537964487232033880228076901568216607
0.008898402853810343728063758914894334965491014178518185225103079626323457680783212940473315410657115488879933024311935812485196059
0.008668534893102470528663423633120531676981478747460331214092690223657810656721512854013442058340247163230462385650227386668100323
0.008437696411255407593105810093569545518219798790962630217834292046660557631369190974413213292631232065260264370890565968091968733
0.008206102141785690393031756978137629242613536387951758602301827032839148839560474696581848054397526840534959593864276885624489554
0.007973967521268255529483042443118904548583340435901240713758934779269289649153233833785324277454733340535917651365747608362137568
0.007741508488930282468772382565364984418526294749000072896061597183663583462855215165197558049280640843855853943893818744994729591
0.007508941285777451698522002790360757737770644082917916526146871711034554431738032400957950811603422592950690165393959442612522082
0.007276482253439478637811342912606837607713598396016748708449534115428848245440013732370184583429330096270626457922030579245114105
0.007044347632922043774262628377588112913683402443966230819906641861858989055032772869573660806486536596271584515423501301982762118
0.006812753363452326574188575262156196638077140040955359204374176848037580263224056591742295568252831371546279738397212219515282939
0.006581914881605263638630961722605210479315460084457658208115778671040327237871734712142066802543816273576081723637550800939151349
0.006352046920897390439230626440831407190805924653399804197105389268374680213810034625682193450226947947926611084975842375122055613
0.006123363312034691006308591586111324527371653561977483628015845294613691378459872368045250561346098949574510229059701286039035066
0.005896076784000271561919944383131501895001452844041327356313216269441020766144212352763720734697705345733429799450644258761437235
0.005670398766166892858901494696818102985330880377245432789804149010292914431938770633660412442942519128858597830798372098858213199
0.005446539191618442629798409148037157693950996513618487184111494271424434641421688804982320700266343731060313812010241451310507106
0.005224706301863304953868038487571312721864943880836460357520913123897584080883303572472993717151917486465847730329840167663663278
0.005005106453121288562256746527682404997214294928110946339962595298607716900515437686549969453453562572098981059584049388570141581
0.00478794392436431232538201730051161817119483628798800411314012139790383421247246718504413945367058541296835230907929693995279115
0.00457342072728941476417990006968821014800467140181244184513865365378841786818318515971158263988686318398291646637853634305702451
0.004361736418400856915780869808380520409104809014991473592707255708922304857955899367116191433031664612441790384669731859707827864
0.004153087913376125936459130600952438172009186623834231613504206794779904381482279748756395028125544338638553237082122481429106384
0.003947669303888522265429298712766922425080298513656769074256843235777761855533234441190107585685308436216022305227368616132183432
0.003745671677056727978574891092690789398924803044514476285720026723968151718699403286055362935520928603237801540303756678917410643
0.003547282937689310257247875622222581649913639141308798570394171154595669977427684682724871236754347939419158561291859328463352329
0.003352687633489513957091160661381945534966390204892299501522472932630632179250642789134902696030944815171918441806958678399267106
0.003162066783382943503955832277190554488467853738241142082283257062991206379182639901763473020544662871673275143131761854970628683
0.002975597709127829330047962665536148342852438353704102951401808148242829404292487922901376269517945079061882342654156832733671614
0.002793453870364520495785025658773032798303669984528833614162059342995778333038110294638940949456073169013955967068435429222256264
0.002615804703257645861998011741042588117714591274529992154743665390368714801796187310605496629894225880051212700812496654346568618
0.002442815462881044159158063702585442864169640588788632876163652464012710158204007406753693570953097620056711992497400188731451861
0.002274647069492081654090420913443527892239174524551593672112588086471882432740841312645488857885705001104884694115777248618062156
0.002111455958838358078905010732194066731615697424967122160543429898002304363051917653464911194287035395409133443107954407769615522
0.001953393936636050427237501640011740810686933471528156434211749975087719367796180046356264878554840945049385843523792307441133229
0.001800608037355263628715566838736579877082238594112223365108930556800583088908520872148154993724360427266120167951601248020565134
0.001653240387443750593698306894114630497580819546473864651137420217398035759007179492094437502831190267751528753294685568181211829
0.001511428073116235403777322141493942431240888252845140376657110343811065721207028106341993907375898447325892139969200806491863472
0.001375303012832326349943182688025221016762856581854918317626490016509291537770777688246256046933307831221347479658417829193357605
0.001244991834581644040477970132775250881649080362125776832256699467739954095536315951999004173454632107526048129561004419410312585
0.001120615758090317971724563455537272839332583808468030738833440345955427304111819312640105783148828078409515804314201862098051267
0.001002290482058426936748131120080375378672904471476003871646146030538114598693218338915786222265427589096284862206181037005111951
0.000890126076533278698167286858070562125399094339885172891307439269082001100115636131381045875746232870473588435932817370881298769
0.000784226880518646825533167688308799470207479392726328165736942037399797087309039358855926392114398106137874795722356938004139403
0.000684691404915211938785370641355080315732872240075864452298239641725319805556864888027341652299483343217266905740313462329694065
0.00059161224088249533836063117687421086119828510016812626204876992037690441973995699164818861230994949036134107580496091816461561
0.00050507597370752975274031207693722962282839889872414553421223227313788042692077832322206808021619220772679796076585785102512452
0.000425163102260389386992334215961080837957159782429278912947032442405401788890892538112672635330610950058145591268902971252052538
0.000351947964111504376353334110184726033720170081511292876535260116167661625066571785156221391505175542027068856022967138199172407
0.000285498666380417971601159084014322621085145608670038613254176506426173212021275946832082246172337543250645361211129444180941761
0.000225877022380313207215054013752042931667460278697808410851550312881323220984448191214572895413177221773490755822735071246598722
0.000173138494117244388717445819216199266466093006793089111762540911545568729806923002657432327217108086332617596026783317265814184
0.0001273321406975624974075439009589816796263082891401968279698789506678193013818324017826900195028626627398354346646929730403350558
0.0000885005726915276152021872880059011748617142131675198875914606137265243519247095708296730600463370949311995468221527224018019304
0.0000566799124955608320485035917930094697586026863773108855446275296341519477621764086600049629311380603967196874254399122685019871
0.0000318997607300079674510365467059554917170236014648118965203029400327212488625877603203724232038407156491379501775900900137416931
0.0000141831687036730068835992003138385334688814495189531633183634627919648088321057759610700334974442456503106875771670849824370593
3.5466169707356459606143013147458497884376723667278451675354275355054002642377319722953053177800586928844901202605325579645885e-6