9.004427644399183291928617355039000635248916007284585658667596457088774856347798520688730689914751225735592119984410958651735936e-6
0.0000360021222583616515052861034110895457526684578403992173315317510065073088348168057213560577543898520246219231901169801855741789
0.00008094634587042783468599848218279610777130043512380828311408122547596217548345145002692637137827648667591332802877335086075257917
0.00014375929176893254844597146143887340858575200813321533469701212616697464687464109674019070984251992795860811744286774054465163542
0.00022433221919972349062554005157557187892706130146457692485585560585613471797994323116521703329221372346064990087334919548951405886
0.0003225256416163928530686991205276335529201223912559930365032343511108769751155528417434865456753762919260834863629964200722820992
0.0004381695681571262978503056754384468510647792395939856641672489657263868857553395241548597585832880833354105938402872075168248663
0.0005710637979301284897685823852549415113392249782604870304290130583949732876919269643216454462045371133214484954633865250581973855
0.0007209782665981630248638149478061393025730051681420599362099925634511252773786336270456840114970392400642111780368165277208388517
0.0008876534446622052153084541245589756339191888537990078961262655860254164983253798239504473072186605969223730964722772500165769607
0.0010708007867547055245414996401375096677322696853998468474447620808527231128078759321079092236068905434320099512685006657883181678
0.0012701032311646544350946339173597216162316332280275148935443191060116857890876491676600052666581122774869479279831663424059812183
0.0014852157487296790508463891463179114873287940389695977791579882994919116908337057855411598760256588821157477915602597382232031896
0.0017157659401449383300188178157528005618747566656015984062828433184337818334476228771358784187168206395055031071756896158968833338
0.0019613546806547654679613577579793272556722554577760705593512426076749747707388391901465821540955405776095330542785630104859995846
0.0022215568110109777046654195158164920074162565695596162977748772048953505875991578918585914079814785423503836892201259668674879389
0.0024959218735016777269877228195035193235829113133527692861230005062994064246368199630234006704675217915110800332315724383316898011
0.002783974891776345530809652236445538415614137689650225677498744090686225664353037954538789705374623750262095396297227412148356237
0.0030852171931172001799671940673227656038031080706246627482450904254361989130188386961537695297729703447604132338251071924336572855
0.003399127271733328604117253529143278091466120941229015879181334385856184804007521241907909203239891643622228612153253819263575339
0.003725161691583060628119196173991670035413240139615587204575597438504379786892430176741559313628234016317240932773471689785483953
0.004062756027161638766128898622558743361447523182063892354402930839936560183598641201509023520468262597170616402136647966651915024
0.004411325840625506410475138801949433112955562441929824790923635003215696766786773161847637943963201029713552118859679284769589413
0.004770267693561632680402128239821532889180287774961721640893177620484452168271063945262993532045271268618241004100774077804923834
0.005138960191650315269665967694268233274896585552371900353884454578009494454036948278852428972795905445554354013208203757730007281
0.005516765060412957975849416073276470422252580268209199999189806758977858326968248252723802660849820456098564325765689407714179174
0.005903028250182505789774581455983808792573043823511986852742992938900734769733544166135280845415403961761116479130271125323336651
0.006297081068383630632133326181195812165631751296363494651481754160851529663209595928151527983204188254725739821158869055081798531
0.006698241337162482626647224645552222518180226144053670598821379423181562481077966073102767090822454966731711526318608548128088953
0.007105814574361937041962797296087894146506039894678493138321329244496970607619289452861139819763772701293710647764235305781235757
0.007519095195797851690663884417087339383855814466321189842230154530712245368738645807369182380114994526284069899852557004500095797
0.007937367736754973609629778072796145631330366807688907458968195941110064095609779155848564230994518443899583211545918648160192443
0.008359908090587861100556723785772158766845957441735644550028562981958308468233903210775826436135201547015912588950816489563925031
0.008785984762282575284029357070644025641146949460915018429296057264995511796215132793693130429571004790095838627557954048182843366
0.009214860134808995478763044320550526055771161200894548176939804513405874851476191520325301391436196492091295026238757008583915951
0.009645791746071469796924350252868273746887374528102578546027200468200627308125077092610084544291890056169787236841664427909121036
0.010078033574247164680240502824405776391773583283838231584600071281301381435693952300335646537251112552116290986751175962662304157
0.010510837329286956453112194633300824241319236656332619526538005116149105781880882329810999347839557343129313408389534064679641242
0.010943453748343039476058739753619344583352027245179504285610967821970390100555226898165467717117173134748920819342812727279892764
0.011375133892880627614672513244932631961073961243149413891769805920194654443440523136252874237356841600893038272393694992300735465
0.011805130445228210264199933145038234788633689143251153972700704601363397122036235809110875391423382885647197339229093237384128461
0.012232699002321796135122184096073001762629281299480075168403123044645778163359595820397764357625169823131672210049435117866696702
0.012657099364403435728029925992557604996300702683781134744910533301396587315135310798027526670831381831274860171528611131002283733
0.013077596816443048497061171191941458398685549465921619998337970058417304532935427912077799603491844768359370536115790500070203743
0.013493463400065177998187016469208818330106153969911998006747885537744134250133277360575095850909695068309855544965160869550312817
0.013903979173778736033449507613831571142497380795367152517468335962314987944079850100441778109495165838284403923874998599784684331
0.014308433459328046478174047571968954194146189024321769882470948718790999336720342094309772941713962613989476428440808904004243592
0.014706126072007526059284598714043042755771372083805593288313573789231266331226008090552802013706542306294429125681876445812188001
0.015096368532810101244715579524714577484815729699715272753861224702279166020467476544342390196568794195554484751264983242970301965
0.015478485260310909545602456719143748807372288149331785054073584848243039751151124581472591401522599897623520260948683678324382282
0.015851814740222915480199080022195003636397782616570639078753358564697613323322024300448030679501356370311684732325837264828790016
0.01621571067059972546801514063014300608486457422828750873758574089390006551970184620345149665189710145065054572126078064887477911
0.016569543080703045097279447766910641395635481454202274229492326298050131991473675796528112932487743037546117865636517823554129151
0.016912699421597813553234046500606540304084952786754308799049276768713887506769363243835280491990462615169037473926376013984776907
0.017244585626586994581953857604939046048205593044673473933072242891781220794353623809587065523661647953064655235110096757908312907
0.017564627139650216462290235762960302446701675784586752107185815045980909965194330624925594776671898080331553229379049336007423365
0.017872269910105844676685557859034309723629800906925526431648368037811636806393151935022980839861994075270997495785356214242114723
0.018166981351774544417620338937520942723063794316230613645693025240598060292879986647967525933411763628793305986672457057065123569
0.018448251264983844512052161785900893460936544329467373803878998830859988908644831206566755046570832962508886528690100225737762179
0.018715592719817543402446452915737020314919673928415584726574106125852698645839948226738342320249139442887831597793134044826845975
0.018968542899080890124463032411781914929976980082033483394638716426671526485302140783559552110919079718289233858679142848755711319
0.019206663899522212618944240968181737142594182453021007510561527035146565680936436705903371842278975189072504201407159643690341727
0.01942954348992393147783523037426734247715867864889122697817578803103184612394647109417408835663914738820509924812238327694118906
0.019636795824750564244738501231168872020068862921961774245026396714405591817679074176346384066646420101037793983315999160817966465
0.019828062112118264408625969045110120572564593714482524733987602213592810437697968830899473338103210455121360608097123518285858117
0.02000301123492951704822176345729106393440768293413940099544005670064380753843184945933292239842176683781813030517197758313740975
0.020161340324097692806488714322133881337195104654775527625074625630494668177750581533354487091490406161565088921317905796707209014
0.020302775282869103135600237368389223225795150077333391099707284808086133297611284417621496531940137271501537062151212294114556609
0.020427071261334858966190082359112495791977510306287854733703411120282935506520607226556786744528888374732376036922171050612088468
0.020534013080311065559886663673300932012749579002932534272681837652185348267979806903344181472510993981352805429266710679867492656
0.020623415603853539020129944487047675810454645463983808104292262036801909048355490225206544118943955442853731394822493460631085072
0.020695124059762153020075444644091296250569330792270456095346876846070989779529552461085170276284187655916598719196337325574000479
0.020749014307519963815810064710194782168728738213521994850753978390074689633257027704042189976344452739690839959529494416437264808
0.020784993053203261673198308266716573968257015970337291380364506505344969826698953168574382903765140454602050459266581608607674291
0.020802998010990499909615622700627852660792216635073404182817146001580142431046657114788357009979296134774089424469079480931887515
0.020802998010990499909615622700627852660792216635073404182817146001580142431046657114788357009979296134774089424469079480931887515
0.020784993053203261673198308266716573968257015970337291380364506505344969826698953168574382903765140454602050459266581608607674291
0.020749014307519963815810064710194782168728738213521994850753978390074689633257027704042189976344452739690839959529494416437264808
0.020695124059762153020075444644091296250569330792270456095346876846070989779529552461085170276284187655916598719196337325574000479
0.020623415603853539020129944487047675810454645463983808104292262036801909048355490225206544118943955442853731394822493460631085072
0.020534013080311065559886663673300932012749579002932534272681837652185348267979806903344181472510993981352805429266710679867492656
0.020427071261334858966190082359112495791977510306287854733703411120282935506520607226556786744528888374732376036922171050612088468
0.020302775282869103135600237368389223225795150077333391099707284808086133297611284417621496531940137271501537062151212294114556609
0.020161340324097692806488714322133881337195104654775527625074625630494668177750581533354487091490406161565088921317905796707209014
0.02000301123492951704822176345729106393440768293413940099544005670064380753843184945933292239842176683781813030517197758313740975
0.019828062112118264408625969045110120572564593714482524733987602213592810437697968830899473338103210455121360608097123518285858117
0.019636795824750564244738501231168872020068862921961774245026396714405591817679074176346384066646420101037793983315999160817966465
0.01942954348992393147783523037426734247715867864889122697817578803103184612394647109417408835663914738820509924812238327694118906
0.019206663899522212618944240968181737142594182453021007510561527035146565680936436705903371842278975189072504201407159643690341727
0.018968542899080890124463032411781914929976980082033483394638716426671526485302140783559552110919079718289233858679142848755711319
0.018715592719817543402446452915737020314919673928415584726574106125852698645839948226738342320249139442887831597793134044826845975
0.018448251264983844512052161785900893460936544329467373803878998830859988908644831206566755046570832962508886528690100225737762179
0.018166981351774544417620338937520942723063794316230613645693025240598060292879986647967525933411763628793305986672457057065123569
0.017872269910105844676685557859034309723629800906925526431648368037811636806393151935022980839861994075270997495785356214242114723
0.017564627139650216462290235762960302446701675784586752107185815045980909965194330624925594776671898080331553229379049336007423365
0.017244585626586994581953857604939046048205593044673473933072242891781220794353623809587065523661647953064655235110096757908312907
0.016912699421597813553234046500606540304084952786754308799049276768713887506769363243835280491990462615169037473926376013984776907
0.016569543080703045097279447766910641395635481454202274229492326298050131991473675796528112932487743037546117865636517823554129151
0.01621571067059972546801514063014300608486457422828750873758574089390006551970184620345149665189710145065054572126078064887477911
0.015851814740222915480199080022195003636397782616570639078753358564697613323322024300448030679501356370311684732325837264828790016
0.015478485260310909545602456719143748807372288149331785054073584848243039751151124581472591401522599897623520260948683678324382282
0.015096368532810101244715579524714577484815729699715272753861224702279166020467476544342390196568794195554484751264983242970301965
0.014706126072007526059284598714043042755771372083805593288313573789231266331226008090552802013706542306294429125681876445812188001
0.014308433459328046478174047571968954194146189024321769882470948718790999336720342094309772941713962613989476428440808904004243592
0.013903979173778736033449507613831571142497380795367152517468335962314987944079850100441778109495165838284403923874998599784684331
0.013493463400065177998187016469208818330106153969911998006747885537744134250133277360575095850909695068309855544965160869550312817
0.013077596816443048497061171191941458398685549465921619998337970058417304532935427912077799603491844768359370536115790500070203743
0.012657099364403435728029925992557604996300702683781134744910533301396587315135310798027526670831381831274860171528611131002283733
0.012232699002321796135122184096073001762629281299480075168403123044645778163359595820397764357625169823131672210049435117866696702
0.011805130445228210264199933145038234788633689143251153972700704601363397122036235809110875391423382885647197339229093237384128461
0.011375133892880627614672513244932631961073961243149413891769805920194654443440523136252874237356841600893038272393694992300735465
0.010943453748343039476058739753619344583352027245179504285610967821970390100555226898165467717117173134748920819342812727279892764
0.010510837329286956453112194633300824241319236656332619526538005116149105781880882329810999347839557343129313408389534064679641242
0.010078033574247164680240502824405776391773583283838231584600071281301381435693952300335646537251112552116290986751175962662304157
0.009645791746071469796924350252868273746887374528102578546027200468200627308125077092610084544291890056169787236841664427909121036
0.009214860134808995478763044320550526055771161200894548176939804513405874851476191520325301391436196492091295026238757008583915951
0.008785984762282575284029357070644025641146949460915018429296057264995511796215132793693130429571004790095838627557954048182843366
0.008359908090587861100556723785772158766845957441735644550028562981958308468233903210775826436135201547015912588950816489563925031
0.007937367736754973609629778072796145631330366807688907458968195941110064095609779155848564230994518443899583211545918648160192443
0.007519095195797851690663884417087339383855814466321189842230154530712245368738645807369182380114994526284069899852557004500095797
0.007105814574361937041962797296087894146506039894678493138321329244496970607619289452861139819763772701293710647764235305781235757
0.006698241337162482626647224645552222518180226144053670598821379423181562481077966073102767090822454966731711526318608548128088953
0.006297081068383630632133326181195812165631751296363494651481754160851529663209595928151527983204188254725739821158869055081798531
0.005903028250182505789774581455983808792573043823511986852742992938900734769733544166135280845415403961761116479130271125323336651
0.005516765060412957975849416073276470422252580268209199999189806758977858326968248252723802660849820456098564325765689407714179174
0.005138960191650315269665967694268233274896585552371900353884454578009494454036948278852428972795905445554354013208203757730007281
0.004770267693561632680402128239821532889180287774961721640893177620484452168271063945262993532045271268618241004100774077804923834
0.004411325840625506410475138801949433112955562441929824790923635003215696766786773161847637943963201029713552118859679284769589413
0.004062756027161638766128898622558743361447523182063892354402930839936560183598641201509023520468262597170616402136647966651915024
0.003725161691583060628119196173991670035413240139615587204575597438504379786892430176741559313628234016317240932773471689785483953
0.003399127271733328604117253529143278091466120941229015879181334385856184804007521241907909203239891643622228612153253819263575339
0.003085217193117200179967194067322765603803108070624662748245090425436198913018838696153769529772970344760413233825107192433657285
0.002783974891776345530809652236445538415614137689650225677498744090686225664353037954538789705374623750262095396297227412148356237
0.002495921873501677726987722819503519323582911313352769286123000506299406424636819963023400670467521791511080033231572438331689801
0.002221556811010977704665419515816492007416256569559616297774877204895350587599157891858591407981478542350383689220125966867487939
0.001961354680654765467961357757979327255672255457776070559351242607674974770738839190146582154095540577609533054278563010485999585
0.001715765940144938330018817815752800561874756665601598406282843318433781833447622877135878418716820639505503107175689615896883334
0.00148521574872967905084638914631791148732879403896959777915798829949191169083370578554115987602565888211574779156025973822320319
0.001270103231164654435094633917359721616231633228027514893544319106011685789087649167660005266658112277486947927983166342405981218
0.001070800786754705524541499640137509667732269685399846847444762080852723112807875932107909223606890543432009951268500665788318168
0.000887653444662205215308454124558975633919188853799007896126265586025416498325379823950447307218660596922373096472277250016576961
0.000720978266598163024863814947806139302573005168142059936209992563451125277378633627045684011497039240064211178036816527720838852
0.000571063797930128489768582385254941511339224978260487030429013058394973287691926964321645446204537113321448495463386525058197385
0.000438169568157126297850305675438446851064779239593985664167248965726386885755339524154859758583288083335410593840287207516824866
0.000322525641616392853068699120527633552920122391255993036503234351110876975115552841743486545675376291926083486362996420072282099
0.000224332219199723490625540051575571878927061301464576924855855605856134717979943231165217033292213723460649900873349195489514059
0.000143759291768932548445971461438873408585752008133215334697012126166974646874641096740190709842519927958608117442867740544651635
0.0000809463458704278346859984821827961077713004351238082831140812254759621754834514500269263713782764866759133280287733508607525792
0.0000360021222583616515052861034110895457526684578403992173315317510065073088348168057213560577543898520246219231901169801855741789
9.0044276443991832919286173550390006352489160072845856586675964570887748563477985206887306899147512257355921199844109586517359e-6