2.4197803866853626230526334222333647275270549490442772006740602964889472719944120446042725874220024770981799727156041763530025236e-6
9.677377018997582014950632109258477417384349571210261602735677624185274234010636317710834757663564226079701936864097601716751091e-6
0.000021767557571413010818442370706183837860490471343728135473618358637965513459057397056232675842346944561638874497659952388034937889
0.00003868160569284535918588261647285297857570353966064291649485831419050355069978370104420275285462500591053767159483829276119707167
0.00006040732729065244968974014395585165696465389622943549188103131796517682799387667110790281439775397546162707768462983132423892711
0.00008692905932190216965178622706244452151905770500643332922205647843004135686294021227146833928421970286016553368579939628406893567
0.00011822768108555960466356048583846001932051345733996893772715844728622869229884851425974993248031468598633074274075656423258397321
0.00015428062800745431130447857966856163997394239919720860097871548008465106330274624158117763889615195229261989894150148091623887718
0.00019506190790808953053845198373675206572304280907067881650371027650214612881279298921115414956123834208224404906145112773237004696
0.00024054211974156515163553061814820796442048342990398621333206320550589493336165170871576788333269309888460103650770880233758431703
0.00029068847479210470020676148544309586108715217390931659276101973523477292556917117785889579725671518374553567308434914740598947189
0.0003454648203129048274472295879581326710923621956577510710315811050702982168899723624808774332298590335990744542217054183631544515
0.0004048316655902649983213285026734845168230330220153238763079236093631592729953134966549328409340719914597899522561668380235770241
0.0004687462104142065836201716624328032370975931347404924366537854340233066762029946902958469676253105668349586279670719816894027328
0.0005371623759350556151402487229350320991877173123488928952400056134385200021353252130647812186775920853087664131811104899834593806
0.0006100308378837433154747752799709917624465235004009996631379765194385692043393512420132407158159236727333543402821766324901807649
0.0006872990621318744042060158880408310042689477928550336601940724994000939220601395985125497182353484707998667456519926909968566089
0.0007689113425659263392069673553967516314275826745375779889546652671884093702002397216762869417475170719779938799089186682528828411
0.0008548088412482742914246793713560677949922629429241183796787181593356503788232787522106638683876878039183927950869662103521230507
0.0009449296308360879767206349792568275750208423335788506254388542035457020316795700454179452199129024274544489558902769561553942832
0.0010392087392275186676893021919920257569200229919515519286981481103586730408495687574638810257410031000765600555457300092737783508
0.0011375781964029889554183865442442549237945697476740586620467943989473193633390358243268646381549114968692435335415168565607479453
0.0012399670834278152835524797903925432534079232130292019380682772482668437842235220502875337343225286664237996328585799715998791449
0.0013463015835808350757049522255717989599555001440787394957102737519760213731009873501371855852828394635900036726497936058608005352
0.0014565050355721775456079910565307330362184968863477887072790934507961762330063043416324342657614578557670324971386318154225371851
0.0015704979888118111224123440101142855647531687947631839192465494857011186283348790500756546423081339311214192427287971729537407408
0.0016881982606890219271024139315058269960006116648208911998363177976241738997691878208988840415151266087259582929134179373506380372
0.0018095209958215279659929813838764201492118547412431195538242319770130521152938402615565967658994130756069535111689776516245376962
0.0019343787272315137089249449215736799514721128399943799552832611691553170554743694408495934956119681234023531648858655523907911515
0.0020626814394044805168192870949804147359212970145443845238292276942844543348287808970474704616065769751109161213403288457749702338
0.0021943366331854509772194502538500364675171652619721336028279737337351870970986916561087913073045152556383139840570653092890381522
0.0023292493924657405759670655201696972172753706779243450395726402545150075580119859147774919181335261200489026683726226256806160093
0.0024673224526122192331997933631787166679207856082854445648778514101001883256454430832651466526581334828928721713588224216875462747
0.0026084562705897289931003327478532245086648184019633997174497492079682868764315726520167493336758965845767580498939643144226658172
0.0027525490967261034849410611111383753980525506052434866726977810302619369710673973659389609918348327607927206788324926500668093018
0.0028994970480680505479961540965367312089753418980773763462328964756725902809561492846706341672419304813331708002219548320124226534
0.0030491941832750124885930701944816571253718730475980714238178443711144521843894520717230236204659972678711949864302692699532007627
0.0032015325789970096408169186453337123936108249118312081202265049237936173029015894589640059302166215159226034485759460830144549026
0.0033564024076814030325455591701704090643132151702725489540330604618673252203912489301581568646817490042544317163603443447084335947
0.0035136920167524817868972523284293390997431324836629340650402900602375220851529028133969120717342984950633581641174582105787652893
0.003673288009106791158512998777968419480671941642518236745851012230244383530627056424911000943655164304863748148227283517065383178
0.003835075324866168527913406614510270757511578913811449697306842806700025673285405972701912237963914471737331506996393809792479474
0.003998937324329547939335939845675295709149583274962254151863198207663217020414884195421555490383290253626680425483034332111254959
0.004164755872063729521680525736443445276926265834811133682497403033731540392344801879407467210085355399393732460511354206318440299
0.00433241142207248900154311120422454598222470243726608667241032599206450347199999498932263541598958422847615679504766566401338985
0.004501783103982625093787613306009580930671573119960721806220639116505871575069360459798571743710286574446291507088822627968835153
0.004672748810184809399176146666159343301083207477770172906216862670084114406986552445788700060955134705163169347605124861044067914
0.004845185283866415078810283229097155458428176135071392200740603505952342234766509952479997417318159375480191360441810971374267002
0.005018968207872857507801704036915346141574800930454704166114922960085228318669780128182488117084222983991111304342531939363660355
0.005193972294333382799304898441907493840501727773211294947002908681956371251057828776618612760720800116647445594636060185198318965
0.005370071374986688965435933996793123803718180871381957779261384231180774757903282401898307121078230433381979594028976170429383604
0.005547138492141259941000102832900017080696294567797237865127495047396691085442932306895591927989436068847234142248058354486703473
0.005725045990204835103103298946242888329505526588937801637440812906961780883979188208979726431227350719576789563549128855683732737
0.005903665607717026604526414837704051267858647508815251307595852785197149069816835723243909362758250630227626173252005573539526035
0.006082868569818734097013413829919266637665030627916895633135820194906375860898327052042020710856893014818418140144285350307168809
0.006262525681091691513878747684137394209100808385726072906213399024187424999503601634501998809443934982439486644831164523852975853
0.00644250741870121373660878350374554400313399002313112396832263808056438677013316882452871964537001198041029725708387734839597168
0.006622684025774992379795162732440058348597850949890365662305984879524598787926206567109032377838283384972807271917377943613595957
0.006802925604950619750387073948241577908655009731199830153826256967944702093638789153523595080888712632044919593523999435220138422
0.006983102212024398393573453176936092254118870657959071847809603766904914111431826896103907813356984036607429608357500030437762699
0.007163083949633920616303488996544242048152052295364122909918842823281875882061394086130628649283061034578240220610212854980758526
0.007342741060906878033168822850762369619587830053173300182996421652562925020666668668590606747870103002199308725297092028526565569
0.007521944023008585525655821842977584989394213172274944508536389062272151811748159997388718095968745386790100692189371805294208344
0.007700563640520777027078937734438747927747334092152394178691428940507519997585807511652901027499645297440937301892248523150001642
0.007878471138584352189182133847781619176556566113292957951004746800072609796122063413737035530737559948170492723193319024347030906
0.008055538255738923164746302683888512453534679809708238036870857616288526123661713318734320337648765583635747271412401208404350775
0.008231637336392229330877338238774142416751132907878900869129333165512929630507166944014014698006195900370281270805317193635415414
0.008406641422852754622380532643766290115678059750635491650017318887384072562895215592450139341642773033026615561098845439470074024
0.008580424346859197051371953451584480798824684546018803615391638341516958646798485768152630041408836641537535504999566407459467376
0.008752860820540802731006090014522292956169653203320022909915379177385186474578443274843927397771861311854557517836252517789666464
0.008923826526742987036394623374672055326581287561129474009911602730963429306495635260834055715016709442571435358352554750864899225
0.009093198208653123128639125476457090275028158243824109143721915855404797409565000731309992042737411788541570070393711714820344528
0.009260853758661882608501710944238190980326594846279062133634838813737760489220193841225160248641640617623994404930023172515294079
0.00942667230639606419084629683500634054810327740612794166426904363980608386115011152521107196834370576339104643995834304672247942
0.009590534305859443602268830066171365499741281767278746118825399040769275208279589747930715220763081545280395358444983569041254905
0.009752321621618820971669237902713216776580919038571959070281229617224917350937939295721626515071831712153978717214093861768351201
0.009911917613973130343284984352252297157509728197427261751091951787231778796412092907235715386992697521954368701323919168254969089
0.010069207223044209097636677510511227192939645510817646862099181385601975661173746790474470594045247012763295149081033034125300784
0.010224077051728602489365318035347923863642035769258987695905736923675683578663406261668621528510374501095123416865431295819279476
0.010376415447450599641589166486199979131880987633492124392314397476354848697175543648909603838260998749146531879011108108880533616
0.010526112582657561582186082584144905048277518783012819469899345371796710600608846435961993291485065535684556065219422546821311725
0.010673060533999508645241175569543260859200310075846709143434460817207363910497598354693666466892163256225006186608884728766925077
0.010817153360135883137081903932828411748588042279126796098682492639501014005133423068615878125051099432440968815547413064411068561
0.010958287178113392896982443317502919589332075072804751251254390437369112555919552637367480806068862534124854694082554957146188104
0.011096360238259871554215171160511939039977490003165850776559601592954293323553009805855135540593469896968824197068754753153118369
0.011231272997540161152962786426831599789735695419118062213304268113734113784466304064523836151422480761379412881384312069544696227
0.011362928191321131613362949585701221521331563666545811292303014153184846546736214823585156997120419041906810744101048533058764145
0.011491230903494098421257291759107956305780747841095815860848980678313983826090626279783033963115027893615373700555511826442943227
0.011616088634904084164189255296805216108041005939847076262308009870456248766271155459076030692827582941410773354272399727209196682
0.011737411370036590203079822749175809261252249016269304616295924049845126981795807899733743417211869408291768572527959441483096341
0.011855111641913801007769892670567350692499691886327011896885692361768182253230116670556972816418862085896307622712580205879993638
0.011969104595153434584574245624150903221034363794742407108853148396673124648558691379000193192965538161250694368302745563411197194
0.012079308047144777054477284455109837297297360537011456320421968095493279508464008370495441873444156553427723192791583772972933843
0.012185642547297796846629756890289093003844937468060993878063964599202457097341473670345093724404467350593927232582797407233855234
0.012288031434322623174763850136437381333458290933416137154085447448521981518225959896305762820572084520148483331899860522272986433
0.012386400891498093462492934488689610500332837689138643887434093737110627840715426963168746432985992916941166809895647369559956028
0.012480679999889524153461601701424808682232018347511345190693387643923598849885425675214682238814093589563277909551100422678340095
0.012570800789477337838757557309325568462260597738166077436453523688133650502741716968421963590339308213099334070354411168481611328
0.012656698288159685790975269325284884625825278006552617827177576580280891511364755998956340516979478945039732985532458710580851538
0.01273831056859373772597622079264080525298391288823516215593816934806920695950485612212007774049164754621786011978938468783687777
0.012815578792841868814707461400710644494806337180689196152994265328030731677225644478619386742911072344284372525159200746343553614
0.012888447254790556515041987957746604158065143368741302920892236234030780879429670507567846240049403931708960452260266888850274998
0.012956863420311405546562065018248833020155267546349703379478456413445994205362001030336780491101685450182768237474305397144331646
0.013020777965135347131860908178008151740429827659074871939824318238106141608569682223977694617792924025557936913185210540810157355
0.013080144810412707302735007092723503586160498485432444745100660742399002664675023358151750025497136983418652411219671960470579927
0.013134921155933507429975475195238540396165708507180879223371222112234527955995824542773731661470280833272191192357028231427744907
0.013185067510984046978546706062533428292832377251186209602800178641963405948203344011916859575394302918133125828933668576496150062
0.013230547722817522599643784696944884191529817872019516999628531570967154752752202731421473309165757674935482816379926251101364332
0.013271329002718157818877758101013074617278918281892987215153526367384649818262249479051449819830844064725106966499875897917495501
0.013307381949640052525518676194843176237932347223750226878405083400183072189266147206372877526246681331031396122700620814601150405
0.013338680571403709960530450453619191735733802976083762486910185369039259524702055508361159119442776314157561331755577982549665443
0.013365202303434959680492496536725784600288206784860760324251210529504124053571119049524724644329242041556099787756747547509495452
0.013386928025032766770996354064208783278677157141429552899637383533278797330865212019588424705872371011107189193846539086072537307
0.013403842073154199119363794309975452419392370209746467680658623488831335368105938323576394782884649072456087990943717426445699441
0.013415932253706614548167286048572377779835476331518985554529506169845115607330985084314916623969332452791647163504513281232017628
0.013423189850338926767559184047259402892525333626141151538931567787172811934293001308588023186139574014540628685468661774657381376
0.013425609630725612130182236680681636257252860681090195816132241847469300881564995720632627458726996017017726865441377378833734379
0.013423189850338926767559184047259402892525333626141151538931567787172811934293001308588023186139574014540628685468661774657381376
0.013415932253706614548167286048572377779835476331518985554529506169845115607330985084314916623969332452791647163504513281232017628
0.013403842073154199119363794309975452419392370209746467680658623488831335368105938323576394782884649072456087990943717426445699441
0.013386928025032766770996354064208783278677157141429552899637383533278797330865212019588424705872371011107189193846539086072537307
0.013365202303434959680492496536725784600288206784860760324251210529504124053571119049524724644329242041556099787756747547509495452
0.013338680571403709960530450453619191735733802976083762486910185369039259524702055508361159119442776314157561331755577982549665443
0.013307381949640052525518676194843176237932347223750226878405083400183072189266147206372877526246681331031396122700620814601150405
0.013271329002718157818877758101013074617278918281892987215153526367384649818262249479051449819830844064725106966499875897917495501
0.013230547722817522599643784696944884191529817872019516999628531570967154752752202731421473309165757674935482816379926251101364332
0.013185067510984046978546706062533428292832377251186209602800178641963405948203344011916859575394302918133125828933668576496150062
0.013134921155933507429975475195238540396165708507180879223371222112234527955995824542773731661470280833272191192357028231427744907
0.013080144810412707302735007092723503586160498485432444745100660742399002664675023358151750025497136983418652411219671960470579927
0.013020777965135347131860908178008151740429827659074871939824318238106141608569682223977694617792924025557936913185210540810157355
0.012956863420311405546562065018248833020155267546349703379478456413445994205362001030336780491101685450182768237474305397144331646
0.012888447254790556515041987957746604158065143368741302920892236234030780879429670507567846240049403931708960452260266888850274998
0.012815578792841868814707461400710644494806337180689196152994265328030731677225644478619386742911072344284372525159200746343553614
0.01273831056859373772597622079264080525298391288823516215593816934806920695950485612212007774049164754621786011978938468783687777
0.012656698288159685790975269325284884625825278006552617827177576580280891511364755998956340516979478945039732985532458710580851538
0.012570800789477337838757557309325568462260597738166077436453523688133650502741716968421963590339308213099334070354411168481611328
0.012480679999889524153461601701424808682232018347511345190693387643923598849885425675214682238814093589563277909551100422678340095
0.012386400891498093462492934488689610500332837689138643887434093737110627840715426963168746432985992916941166809895647369559956028
0.012288031434322623174763850136437381333458290933416137154085447448521981518225959896305762820572084520148483331899860522272986433
0.012185642547297796846629756890289093003844937468060993878063964599202457097341473670345093724404467350593927232582797407233855234
0.012079308047144777054477284455109837297297360537011456320421968095493279508464008370495441873444156553427723192791583772972933843
0.011969104595153434584574245624150903221034363794742407108853148396673124648558691379000193192965538161250694368302745563411197194
0.011855111641913801007769892670567350692499691886327011896885692361768182253230116670556972816418862085896307622712580205879993638
0.011737411370036590203079822749175809261252249016269304616295924049845126981795807899733743417211869408291768572527959441483096341
0.011616088634904084164189255296805216108041005939847076262308009870456248766271155459076030692827582941410773354272399727209196682
0.011491230903494098421257291759107956305780747841095815860848980678313983826090626279783033963115027893615373700555511826442943227
0.011362928191321131613362949585701221521331563666545811292303014153184846546736214823585156997120419041906810744101048533058764145
0.011231272997540161152962786426831599789735695419118062213304268113734113784466304064523836151422480761379412881384312069544696227
0.011096360238259871554215171160511939039977490003165850776559601592954293323553009805855135540593469896968824197068754753153118369
0.010958287178113392896982443317502919589332075072804751251254390437369112555919552637367480806068862534124854694082554957146188104
0.010817153360135883137081903932828411748588042279126796098682492639501014005133423068615878125051099432440968815547413064411068561
0.010673060533999508645241175569543260859200310075846709143434460817207363910497598354693666466892163256225006186608884728766925077
0.010526112582657561582186082584144905048277518783012819469899345371796710600608846435961993291485065535684556065219422546821311725
0.010376415447450599641589166486199979131880987633492124392314397476354848697175543648909603838260998749146531879011108108880533616
0.010224077051728602489365318035347923863642035769258987695905736923675683578663406261668621528510374501095123416865431295819279476
0.010069207223044209097636677510511227192939645510817646862099181385601975661173746790474470594045247012763295149081033034125300784
0.009911917613973130343284984352252297157509728197427261751091951787231778796412092907235715386992697521954368701323919168254969089
0.009752321621618820971669237902713216776580919038571959070281229617224917350937939295721626515071831712153978717214093861768351201
0.009590534305859443602268830066171365499741281767278746118825399040769275208279589747930715220763081545280395358444983569041254905
0.00942667230639606419084629683500634054810327740612794166426904363980608386115011152521107196834370576339104643995834304672247942
0.009260853758661882608501710944238190980326594846279062133634838813737760489220193841225160248641640617623994404930023172515294079
0.009093198208653123128639125476457090275028158243824109143721915855404797409565000731309992042737411788541570070393711714820344528
0.008923826526742987036394623374672055326581287561129474009911602730963429306495635260834055715016709442571435358352554750864899225
0.008752860820540802731006090014522292956169653203320022909915379177385186474578443274843927397771861311854557517836252517789666464
0.008580424346859197051371953451584480798824684546018803615391638341516958646798485768152630041408836641537535504999566407459467376
0.008406641422852754622380532643766290115678059750635491650017318887384072562895215592450139341642773033026615561098845439470074024
0.008231637336392229330877338238774142416751132907878900869129333165512929630507166944014014698006195900370281270805317193635415414
0.008055538255738923164746302683888512453534679809708238036870857616288526123661713318734320337648765583635747271412401208404350775
0.007878471138584352189182133847781619176556566113292957951004746800072609796122063413737035530737559948170492723193319024347030906
0.007700563640520777027078937734438747927747334092152394178691428940507519997585807511652901027499645297440937301892248523150001642
0.007521944023008585525655821842977584989394213172274944508536389062272151811748159997388718095968745386790100692189371805294208344
0.007342741060906878033168822850762369619587830053173300182996421652562925020666668668590606747870103002199308725297092028526565569
0.007163083949633920616303488996544242048152052295364122909918842823281875882061394086130628649283061034578240220610212854980758526
0.006983102212024398393573453176936092254118870657959071847809603766904914111431826896103907813356984036607429608357500030437762699
0.006802925604950619750387073948241577908655009731199830153826256967944702093638789153523595080888712632044919593523999435220138422
0.006622684025774992379795162732440058348597850949890365662305984879524598787926206567109032377838283384972807271917377943613595957
0.00644250741870121373660878350374554400313399002313112396832263808056438677013316882452871964537001198041029725708387734839597168
0.006262525681091691513878747684137394209100808385726072906213399024187424999503601634501998809443934982439486644831164523852975853
0.006082868569818734097013413829919266637665030627916895633135820194906375860898327052042020710856893014818418140144285350307168809
0.005903665607717026604526414837704051267858647508815251307595852785197149069816835723243909362758250630227626173252005573539526035
0.005725045990204835103103298946242888329505526588937801637440812906961780883979188208979726431227350719576789563549128855683732737
0.005547138492141259941000102832900017080696294567797237865127495047396691085442932306895591927989436068847234142248058354486703473
0.005370071374986688965435933996793123803718180871381957779261384231180774757903282401898307121078230433381979594028976170429383604
0.005193972294333382799304898441907493840501727773211294947002908681956371251057828776618612760720800116647445594636060185198318965
0.005018968207872857507801704036915346141574800930454704166114922960085228318669780128182488117084222983991111304342531939363660355
0.004845185283866415078810283229097155458428176135071392200740603505952342234766509952479997417318159375480191360441810971374267002
0.004672748810184809399176146666159343301083207477770172906216862670084114406986552445788700060955134705163169347605124861044067914
0.004501783103982625093787613306009580930671573119960721806220639116505871575069360459798571743710286574446291507088822627968835153
0.00433241142207248900154311120422454598222470243726608667241032599206450347199999498932263541598958422847615679504766566401338985
0.004164755872063729521680525736443445276926265834811133682497403033731540392344801879407467210085355399393732460511354206318440299
0.003998937324329547939335939845675295709149583274962254151863198207663217020414884195421555490383290253626680425483034332111254959
0.003835075324866168527913406614510270757511578913811449697306842806700025673285405972701912237963914471737331506996393809792479474
0.003673288009106791158512998777968419480671941642518236745851012230244383530627056424911000943655164304863748148227283517065383178
0.003513692016752481786897252328429339099743132483662934065040290060237522085152902813396912071734298495063358164117458210578765289
0.003356402407681403032545559170170409064313215170272548954033060461867325220391248930158156864681749004254431716360344344708433595
0.003201532578997009640816918645333712393610824911831208120226504923793617302901589458964005930216621515922603448575946083014454903
0.003049194183275012488593070194481657125371873047598071423817844371114452184389452071723023620465997267871194986430269269953200763
0.002899497048068050547996154096536731208975341898077376346232896475672590280956149284670634167241930481333170800221954832012422653
0.002752549096726103484941061111138375398052550605243486672697781030261936971067397365938960991834832760792720678832492650066809302
0.002608456270589728993100332747853224508664818401963399717449749207968286876431572652016749333675896584576758049893964314422665817
0.002467322452612219233199793363178716667920785608285444564877851410100188325645443083265146652658133482892872171358822421687546275
0.002329249392465740575967065520169697217275370677924345039572640254515007558011985914777491918133526120048902668372622625680616009
0.002194336633185450977219450253850036467517165261972133602827973733735187097098691656108791307304515255638313984057065309289038152
0.002062681439404480516819287094980414735921297014544384523829227694284454334828780897047470461606576975110916121340328845774970234
0.001934378727231513708924944921573679951472112839994379955283261169155317055474369440849593495611968123402353164885865552390791152
0.001809520995821527965992981383876420149211854741243119553824231977013052115293840261556596765899413075606953511168977651624537696
0.001688198260689021927102413931505826996000611664820891199836317797624173899769187820898884041515126608725958292913417937350638037
0.001570497988811811122412344010114285564753168794763183919246549485701118628334879050075654642308133931121419242728797172953740741
0.001456505035572177545607991056530733036218496886347788707279093450796176233006304341632434265761457855767032497138631815422537185
0.001346301583580835075704952225571798959955500144078739495710273751976021373100987350137185585282839463590003672649793605860800535
0.001239967083427815283552479790392543253407923213029201938068277248266843784223522050287533734322528666423799632858579971599879145
0.001137578196402988955418386544244254923794569747674058662046794398947319363339035824326864638154911496869243533541516856560747945
0.001039208739227518667689302191992025756920022991951551928698148110358673040849568757463881025741003100076560055545730009273778351
0.000944929630836087976720634979256827575020842333578850625438854203545702031679570045417945219912902427454448955890276956155394283
0.000854808841248274291424679371356067794992262942924118379678718159335650378823278752210663868387687803918392795086966210352123051
0.000768911342565926339206967355396751631427582674537577988954665267188409370200239721676286941747517071977993879908918668252882841
0.000687299062131874404206015888040831004268947792855033660194072499400093922060139598512549718235348470799866745651992690996856609
0.000610030837883743315474775279970991762446523500400999663137976519438569204339351242013240715815923672733354340282176632490180765
0.000537162375935055615140248722935032099187717312348892895240005613438520002135325213064781218677592085308766413181110489983459381
0.000468746210414206583620171662432803237097593134740492436653785434023306676202994690295846967625310566834958627967071981689402733
0.000404831665590264998321328502673484516823033022015323876307923609363159272995313496654932840934071991459789952256166838023577024
0.000345464820312904827447229587958132671092362195657751071031581105070298216889972362480877433229859033599074454221705418363154452
0.000290688474792104700206761485443095861087152173909316592761019735234772925569171177858895797256715183745535673084349147405989472
0.000240542119741565151635530618148207964420483429903986213332063205505894933361651708715767883332693098884601036507708802337584317
0.000195061907908089530538451983736752065723042809070678816503710276502146128812792989211154149561238342082244049061451127732370047
0.0001542806280074543113044785796685616399739423991972086009787154800846510633027462415811776388961519522926198989415014809162388772
0.0001182276810855596046635604858384600193205134573399689377271584472862286922988485142597499324803146859863307427407565642325839732
0.0000869290593219021696517862270624445215190577050064333292220564784300413568629402122714683392842197028601655336857993962840689357
0.0000604073272906524496897401439558516569646538962294354918810313179651768279938766711079028143977539754616270776846298313242389271
0.0000386816056928453591858826164728529785757035396606429164948583141905035506997837010442027528546250059105376715948382927611970717
0.0000217675575714130108184423707061838378604904713437281354736183586379655134590573970562326758423469445616388744976599523880349379
9.6773770189975820149506321092584774173843495712102616027356776241852742340106363177108347576635642260797019368640976017167511e-6
2.4197803866853626230526334222333647275270549490442772006740602964889472719944120446042725874220024770981799727156041763530025e-6