2.1876564596904446316847867437223728430942707584850531824001942193766734310957898421847586213564723630814567214296144500713275212e-6
8.749151206499956901164927497962895878098406784117131882771538751702483060145702671665319836624857331985690575740271916966308495e-6
0.000019680061337647545519340703046463614484685042739603167117960010678421843406651512767506423213827320600003340308526582398071148723
0.000034973018661176442304329955067463666601238409781415978806778770144547189568802711037766285082946110523592247699362381519051964
0.0000546177146626267818043159257013012999454997800105750755096378760136767959322423261440134678604783420490009797378743981972316036
0.00007860090745368968573424041876629539602010222084282746529116592329180985514460901466613268730603636503597785414883797936506275594
0.00010690643069815887718565199237814469681112037368972470051494015596599565697135709938984486222009902691144488534367795288468000837
0.00013951520450916311382339350916145772761601971902484562631978984169408191750657402641599050870561380608674581856936402623408942133
0.00017640524831033394921777542530417245227820464390253684030874469525295028342112650132029480290682030421685003265384778209125084083
0.00021755169565223950276640253095695929945611346587288314054586742119289612031970732909943273062083282572803575876259175931417660111
0.00026292681097409693368830695219448873129654464875070340053688406385485122603528477963597979183020428731011308053908076418653522057
0.00031250000829946506173781878830715360105370351568663457121641577422833236885346562251336293077894278617382088885762492090526162345
0.0003662378718533149404620804621916832760760630309548925900138947121860465816679419589423587718697391698878732490919710091501639245
0.0004241041785865810467559639997595246167021118347140941591375533218250334074637452597304526601594854652783439004733653059006815351
0.0004860599225930099761670110670109390056737484891566965269099471297413615864077407277871525332144834836262358705618430499566899446
0.0005520633414018479935719863527590413167748539294907927364270831176450406091011066679451588056401593857559195755271266857908727962
0.0006220699441286443432880754083915780971625011642926787797080172803292532323637312229644141261200205437960955418526902156510818596
0.0006960325414651947237197184517948136829254160540874274183155454413710685178586478901226587055054945703497306623832239428932120112
0.0007739012774884096235477669546302135549758195553457584563784014981592999344311687439837208853620819464385744734601667206606677504
0.0008556236632666661348903626548474077114910439441549967747052482733814575938310248953469253349507399799543629796626145834799574707
0.0009411446122409902302687335095744542550454014432431862961037607456273179196125443589817854859291483950255866058310745021474026984
0.0010304064773572201313177303826283413096575642419288305343226590793211237189938319215651144554366337728758500273853635787437176294
0.001123349089924121114419304980616270852707898738513990100123300793169282414157146929145303011384602512074408835928416278990277534
0.001219909800171258687399738378347602382433306734648298810779393118965237031974596382969748489173727998917662457602819212768438321
0.0013200235194792913163380421628635326176643510936377749401712617466995191645759077387613353986626174364248350193853908175101332519
0.0014236227642542165547020110735470268944346550368497010243016646322078273788036751983910729081552344140258828584624546629756853
0.0015306377014159962883564196419088398594359019701984082340429530341613645369912450760369903335450732717578826573027452862269912365
0.0016409961954708986064371876968609751064275311817113420134799734672755475284729518403202647871238723082780492757398448094269627213
0.0017546238571358262731806975314852526043563264256004491847893592561079727699643837237247148072960761688971497344708712739433184212
0.0018714440934818556291314341773082790099071156682302312055331937179927685720392503747081949123778134074873846578331222724702493271
0.0019913781595631856968991877231153591850076986302523091844886792253614667379342261309534742579524999567680879669877645955635856025
0.0021143452114966959970821568517128490265202700794442901715075373811290907662007512125298966954993412998215809196848059418138335245
0.0022402623609563337690395868255276572928524305722431100239885837056480924533764339299761881394891838279529990104092982491149532062
0.0023690447310455975979994848840390506792955893922955919173420835400246436852511452862739496441723412819591114423352367328438205358
0.0025006055135104555173788765439738980764651990066047965623129733704142241321090383597480594278977769557454952699272314195908285328
0.0026348560272541321093410368598814797236450854618681556652179885545832177239648681644725905771066339060676285730315386664003596351
0.0027717057781143215765687559848699213332172946153421044706038562699595122250263415802737798969119349272656799581949943781236930939
0.0029110625198625327955246047599532352735555106784868753663370817937765365494356464849912218272266865337617685857773950295396435819
0.0030528323163844485597062696447458191631154873299273477829649038299868913904417631624084731018579639929879453921381915401268313678
0.003196919604999385135886881329566037524490943515519219102213335843369688837893721339991159481277820106329239052320561078447882342
0.0033432272608761704236737498116332502004563020450143378436447765176207429312904027968655854842668111345466963647574487045513594588
0.0034916566625020199464965332571782621659550649993733063062776868837821270944730059319592937915467120048778690284396069667031199124
0.003642107758160280108526832221142174384279905163359765866291134910618310247171437668889234819567099121770135924293684363470455392
0.003794479133372228105485661937056704831038273448104403907898096422108945216619655396073057689758786312078921156567471622087296004
0.003948668079257468036211775567882373943251018866602424220226252235609952306401532487402052162565498293690226908370355857968914631
0.004104570661766843564280375195563565876118734731941704126515154925018028756725229736705111422231333245801586373933746212808406909
0.004262081791741199342260494121279764160315273264728311411403959416283292410151639654317625315527665014150013033597399551138634875
0.004421095295748766731825212949964771493575653852466676390973679490388001722070932053996305816278629477935037623980959291637857302
0.004581503987653424506122410737205803352877055847331659746014991947344877209428928417904960375193591973880927295288131314297898153
0.004743199740865592560358119420347304824276995658138303627591951726888683468553894591820501101683233678561356001039372109115240927
0.004906073561227056514527079109927651401628960892256674887328934238824450412476311711860744180826197788048721288137118135217588765
0.00507001566048059377881343398125313208660715475159501542955344999264113828165528697677509428197050174597460912053610250907475536
0.005234915530274877455417555485285629380286518739500124109167569635608887489500452899611344811613696418006424490344212018535735637
0.005400662016654773636158706805863409464335177826343685352447870463488263723661941611817707904298646302153782151367390847079920988
0.005567143394986820466371617739565692352287739947732712155066098261170737246166860548757445149146814064714539347666937909272390749
0.005734247445269384002905999600285158208948219160221348657608695357668236876416930053489092203239164489132869079462273858555839394
0.005901861527776726595184937168769643133244319723074346138610014159562201715361400680540094156040169472304496030534463866231055468
0.00606987265898599843806636962129493545490069852342002600769600481919226036115622952605633243725451871131117067039040303966446229
0.006238167587735972235401196469473788691822211030045372419205588185369064975279828231965608786372897474460011217463020010833449769
0.006406632871566184702243591104472074326963207380477110683854868997445669134379885487178454066138704043124541083412019584747982522
0.006575154953185027026940885685939094616000302534296053865628373119528778825480482275747309674944424336966979935237907302223479646
0.006743620237015239493783280320937380251141298884727792130277653931605382984580539530960154954710230905631509801186906876138012398
0.006911915165765213291118107169116233488062811391353138541787237297782187598704138236869431303828609668780350348259523847306999878
0.0070799262969744851339995396216415258097191901916988184108732279574122462444989670823856695850429589077870249881154630207404067
0.007247540379481827726278477190126010734015290754551815891874546759306211083443437709436671537843963890958651939187653028415622773
0.007414644429764391262812859050845476590675769967040452394417143855803710713693507214168318591936314315376981670982988977699071419
0.00758112580809643809302576998454775947862833208842947919703537165348618423619842615110805583678448207793773886728253603989154118
0.007746872294476334273766921305125539562676991175273040440315672481365560470359914863314418929469431962085096528305714868435726531
0.007911772164270617950371042809158036856356355163178149119929792124333309678205080786150669459112626634116911898113824377896706807
0.008075714263524155214657397680483517541334549022516489662154307878149997547384056051065019560256930592042799730512808751753873403
0.00823858808388561916882635737006386411868651425663486092189129039008576449130647317110526263939989470153016501761055477785622124
0.008400283837097787223062066053205365590086454067441504803468250169629570750431439345020803365889536406210593723361795572673564014
0.008560692529002444997359263840446397449387856062306488158509562626586446237789435708929457924804498902156483394668967595333604866
0.008719706033010012386923982669131404782648236650044853138079282700691155549708728108608138425555463365941507985052527335832827293
0.008877217162984368164904101594847603066844775182831460422968087191956419203135138026220652318851795134289934644716180674163055259
0.009033119745493743692972701222528794999712491048170740329256989881364495653458835275523711578517630086401294110279571029002547537
0.009187308691378983623698814853354464111925236466668760641585145694865502743240712366852706051324342068012599862082455264884166164
0.009339680066590931620657644569268994558683604751413398683192107206356137712688930094036528921516029258321385094356242523501006776
0.009490131162249191782687943533232906777008444915399858243205555233192320865387361830966469949536416375213651990210319920268342255
0.009638560563875041305510726978777918742507207869758826705838465599353705028569964966060178256816317245544824653892478182420102709
0.009784868219751826593297595460845131418472566399253945447269906273604759121966646422934604259805308273762281966329365808523579826
0.0099289555083667631694782071456653497798480225848458167665183382869875565694186046005172906392251643871035756265117353468446308
0.010070725304888678933659872030457933669407999236286289183146160323197911410424721277934541913856441846329752432872531857431818586
0.010210082046636890152615720805541247609746215299431060078879385847014935734834026182651983844171193452825841060454932508847769074
0.010346931797497079619843439930529689219318424452905008884265253562391230235895499598453173163976494474023892445618388220571102533
0.010481182311240756211805600246437270866498310908168367987170268746560223827751329403177704313185351424346025748722695467380633635
0.010612743093705614131184991906372118263667920522477572632141158576949804274609222476651814096910787098132409576314690154127641632
0.010741525463794877960144889964883511650111079342530054525494658411326355506483933832949575601593944552138522008240628637856508962
0.010867442613254515732102319938698319916443239835328874377975704735845357193659616550395867045583787080269940098965120945157628643
0.010990409665188026032285289067295809757955811284520855364994562891612981221926141631972289483130628423323433051662162291407876565
0.011110343731269356100053042613102889933056394246542933343950048398981679387821117388217568828705314972604136360816804614501212841
0.011227163967615385456003779258925916338607183489172715364693882860866475189895984039201048933787052211194371284179055613028143747
0.011340791629280313122747289093550193836535978733061822536003268649698900431387415922605498953959256071813471742910082077544499447
0.011451150123335215440828057148502329083527607944574756315440289082813083422869122686888773407538055108333638361347181600744470931
0.011558165060496995174482465716864142048528854877923463525181577484766620581056692564534690832927893966065638160187472223995776868
0.011661764305271920412846434627547636325299158821135389609311980370274928795284460024164428342420510943666685999264536069461328916
0.011761878024579953041784738412063566560530203180124865738703848998009210927885771379956015251909400381173858561047107674203023847
0.011858438734827090614765171809794898090255611176259174449359941323805165545703220833780460729698525868017112182721510607981184634
0.011951381347393991597866746407782827633305945672844334015160583037653324240866535841360649285646494607215670991264563308227744538
0.012040643212510221498915743280836714687918108471529978253379481371347130040247823403943978255153979985065934412818852384824059469
0.012126164161484545594294114135563761231472465970618167774777993843592990366029342867578838406132388400137158038987312303491504697
0.012207886547262802105636709835780955387987690359427406093104840618815148025429199018942042855721046433652946545189760166310794417
0.012285755283286017005464758338616355260038093860685737131167696675603379442001719872803105035577633809741790356266702944078250157
0.012359717880622567385896401382019590845801008750480485769775224836645194727496636539961349614963107836295425476797236671320380308
0.012429724483349363735612490437652127626188655985282371813056158999329407350759261094980604935442968994335601443122800201180589372
0.012495727902158201753017465723400229937289761425616468022573294987233086373452627035138611207868644896465285148088083837014772223
0.012557683646164630682428512790651644326261398080059070390345688795149414552396622503195311080923642914813177118176561581070780633
0.012615549952897896788722396328219485666887446883818271959469347404788401378192425803983404969213389210203647769557955877821298243
0.012669287816451746667446658002104015341909806399086529978266826342746115591006902140412400810304185593917700129792301966066200544
0.012718861013777114795496169838216680211666965266022461148946358053119596733825082983289783949252924092781407938110846122784926947
0.012764236129098972226418074259454209643507396448900281408937374695781551839540660433826331010462295554363485259887335127657285567
0.012805382576440877779966701365106996490685305270870627709174497421721497676439241261605468938176308075874670985996079104880211327
0.012842272620242048615361083281249711215347490195748318923163452275280366042353793736509773232377514574004775200080562860737372746
0.012874881394053052851998824798033024246152389541083439848968301961008452302889010663535918878863029353180076133306248934086782159
0.012903186917297522043450236371644873546943407693930337084192076193682638104715758748259631053777092015055543164501088907606399412
0.012927170110088584947380160864709867643018010134762589473973604240960771163928125436781750273222650038042520038912052488774230564
0.012946814806090035286880146835343705276362271504991748570676463346829900770291565051887997456000182269567928770950564505452410204
0.012962107763413564183665136087364705328478824872033561382365282106296026116453716250158257317869301059491517678341400304573391019
0.012973038673544711772283311862913206047085411507989047417600470578222745476800222060254098421246503522759535328074186615054495859
0.01297960016829152128455279200366744657012041564401467949630084192275507128642927197308357898246177190772843956192849727252139084
0.012981787824751211729184476790411168942963509914773164549483242116974447959860367762925763741083128380091521018649926886971462168
0.01297960016829152128455279200366744657012041564401467949630084192275507128642927197308357898246177190772843956192849727252139084
0.012973038673544711772283311862913206047085411507989047417600470578222745476800222060254098421246503522759535328074186615054495859
0.012962107763413564183665136087364705328478824872033561382365282106296026116453716250158257317869301059491517678341400304573391019
0.012946814806090035286880146835343705276362271504991748570676463346829900770291565051887997456000182269567928770950564505452410204
0.012927170110088584947380160864709867643018010134762589473973604240960771163928125436781750273222650038042520038912052488774230564
0.012903186917297522043450236371644873546943407693930337084192076193682638104715758748259631053777092015055543164501088907606399412
0.012874881394053052851998824798033024246152389541083439848968301961008452302889010663535918878863029353180076133306248934086782159
0.012842272620242048615361083281249711215347490195748318923163452275280366042353793736509773232377514574004775200080562860737372746
0.012805382576440877779966701365106996490685305270870627709174497421721497676439241261605468938176308075874670985996079104880211327
0.012764236129098972226418074259454209643507396448900281408937374695781551839540660433826331010462295554363485259887335127657285567
0.012718861013777114795496169838216680211666965266022461148946358053119596733825082983289783949252924092781407938110846122784926947
0.012669287816451746667446658002104015341909806399086529978266826342746115591006902140412400810304185593917700129792301966066200544
0.012615549952897896788722396328219485666887446883818271959469347404788401378192425803983404969213389210203647769557955877821298243
0.012557683646164630682428512790651644326261398080059070390345688795149414552396622503195311080923642914813177118176561581070780633
0.012495727902158201753017465723400229937289761425616468022573294987233086373452627035138611207868644896465285148088083837014772223
0.012429724483349363735612490437652127626188655985282371813056158999329407350759261094980604935442968994335601443122800201180589372
0.012359717880622567385896401382019590845801008750480485769775224836645194727496636539961349614963107836295425476797236671320380308
0.012285755283286017005464758338616355260038093860685737131167696675603379442001719872803105035577633809741790356266702944078250157
0.012207886547262802105636709835780955387987690359427406093104840618815148025429199018942042855721046433652946545189760166310794417
0.012126164161484545594294114135563761231472465970618167774777993843592990366029342867578838406132388400137158038987312303491504697
0.012040643212510221498915743280836714687918108471529978253379481371347130040247823403943978255153979985065934412818852384824059469
0.011951381347393991597866746407782827633305945672844334015160583037653324240866535841360649285646494607215670991264563308227744538
0.011858438734827090614765171809794898090255611176259174449359941323805165545703220833780460729698525868017112182721510607981184634
0.011761878024579953041784738412063566560530203180124865738703848998009210927885771379956015251909400381173858561047107674203023847
0.011661764305271920412846434627547636325299158821135389609311980370274928795284460024164428342420510943666685999264536069461328916
0.011558165060496995174482465716864142048528854877923463525181577484766620581056692564534690832927893966065638160187472223995776868
0.011451150123335215440828057148502329083527607944574756315440289082813083422869122686888773407538055108333638361347181600744470931
0.011340791629280313122747289093550193836535978733061822536003268649698900431387415922605498953959256071813471742910082077544499447
0.011227163967615385456003779258925916338607183489172715364693882860866475189895984039201048933787052211194371284179055613028143747
0.011110343731269356100053042613102889933056394246542933343950048398981679387821117388217568828705314972604136360816804614501212841
0.010990409665188026032285289067295809757955811284520855364994562891612981221926141631972289483130628423323433051662162291407876565
0.010867442613254515732102319938698319916443239835328874377975704735845357193659616550395867045583787080269940098965120945157628643
0.010741525463794877960144889964883511650111079342530054525494658411326355506483933832949575601593944552138522008240628637856508962
0.010612743093705614131184991906372118263667920522477572632141158576949804274609222476651814096910787098132409576314690154127641632
0.010481182311240756211805600246437270866498310908168367987170268746560223827751329403177704313185351424346025748722695467380633635
0.010346931797497079619843439930529689219318424452905008884265253562391230235895499598453173163976494474023892445618388220571102533
0.010210082046636890152615720805541247609746215299431060078879385847014935734834026182651983844171193452825841060454932508847769074
0.010070725304888678933659872030457933669407999236286289183146160323197911410424721277934541913856441846329752432872531857431818586
0.0099289555083667631694782071456653497798480225848458167665183382869875565694186046005172906392251643871035756265117353468446308
0.009784868219751826593297595460845131418472566399253945447269906273604759121966646422934604259805308273762281966329365808523579826
0.009638560563875041305510726978777918742507207869758826705838465599353705028569964966060178256816317245544824653892478182420102709
0.009490131162249191782687943533232906777008444915399858243205555233192320865387361830966469949536416375213651990210319920268342255
0.009339680066590931620657644569268994558683604751413398683192107206356137712688930094036528921516029258321385094356242523501006776
0.009187308691378983623698814853354464111925236466668760641585145694865502743240712366852706051324342068012599862082455264884166164
0.009033119745493743692972701222528794999712491048170740329256989881364495653458835275523711578517630086401294110279571029002547537
0.008877217162984368164904101594847603066844775182831460422968087191956419203135138026220652318851795134289934644716180674163055259
0.008719706033010012386923982669131404782648236650044853138079282700691155549708728108608138425555463365941507985052527335832827293
0.008560692529002444997359263840446397449387856062306488158509562626586446237789435708929457924804498902156483394668967595333604866
0.008400283837097787223062066053205365590086454067441504803468250169629570750431439345020803365889536406210593723361795572673564014
0.00823858808388561916882635737006386411868651425663486092189129039008576449130647317110526263939989470153016501761055477785622124
0.008075714263524155214657397680483517541334549022516489662154307878149997547384056051065019560256930592042799730512808751753873403
0.007911772164270617950371042809158036856356355163178149119929792124333309678205080786150669459112626634116911898113824377896706807
0.007746872294476334273766921305125539562676991175273040440315672481365560470359914863314418929469431962085096528305714868435726531
0.00758112580809643809302576998454775947862833208842947919703537165348618423619842615110805583678448207793773886728253603989154118
0.007414644429764391262812859050845476590675769967040452394417143855803710713693507214168318591936314315376981670982988977699071419
0.007247540379481827726278477190126010734015290754551815891874546759306211083443437709436671537843963890958651939187653028415622773
0.0070799262969744851339995396216415258097191901916988184108732279574122462444989670823856695850429589077870249881154630207404067
0.006911915165765213291118107169116233488062811391353138541787237297782187598704138236869431303828609668780350348259523847306999878
0.006743620237015239493783280320937380251141298884727792130277653931605382984580539530960154954710230905631509801186906876138012398
0.006575154953185027026940885685939094616000302534296053865628373119528778825480482275747309674944424336966979935237907302223479646
0.006406632871566184702243591104472074326963207380477110683854868997445669134379885487178454066138704043124541083412019584747982522
0.006238167587735972235401196469473788691822211030045372419205588185369064975279828231965608786372897474460011217463020010833449769
0.00606987265898599843806636962129493545490069852342002600769600481919226036115622952605633243725451871131117067039040303966446229
0.005901861527776726595184937168769643133244319723074346138610014159562201715361400680540094156040169472304496030534463866231055468
0.005734247445269384002905999600285158208948219160221348657608695357668236876416930053489092203239164489132869079462273858555839394
0.005567143394986820466371617739565692352287739947732712155066098261170737246166860548757445149146814064714539347666937909272390749
0.005400662016654773636158706805863409464335177826343685352447870463488263723661941611817707904298646302153782151367390847079920988
0.005234915530274877455417555485285629380286518739500124109167569635608887489500452899611344811613696418006424490344212018535735637
0.00507001566048059377881343398125313208660715475159501542955344999264113828165528697677509428197050174597460912053610250907475536
0.004906073561227056514527079109927651401628960892256674887328934238824450412476311711860744180826197788048721288137118135217588765
0.004743199740865592560358119420347304824276995658138303627591951726888683468553894591820501101683233678561356001039372109115240927
0.004581503987653424506122410737205803352877055847331659746014991947344877209428928417904960375193591973880927295288131314297898153
0.004421095295748766731825212949964771493575653852466676390973679490388001722070932053996305816278629477935037623980959291637857302
0.004262081791741199342260494121279764160315273264728311411403959416283292410151639654317625315527665014150013033597399551138634875
0.004104570661766843564280375195563565876118734731941704126515154925018028756725229736705111422231333245801586373933746212808406909
0.003948668079257468036211775567882373943251018866602424220226252235609952306401532487402052162565498293690226908370355857968914631
0.003794479133372228105485661937056704831038273448104403907898096422108945216619655396073057689758786312078921156567471622087296004
0.003642107758160280108526832221142174384279905163359765866291134910618310247171437668889234819567099121770135924293684363470455392
0.003491656662502019946496533257178262165955064999373306306277686883782127094473005931959293791546712004877869028439606966703119912
0.003343227260876170423673749811633250200456302045014337843644776517620742931290402796865585484266811134546696364757448704551359459
0.003196919604999385135886881329566037524490943515519219102213335843369688837893721339991159481277820106329239052320561078447882342
0.003052832316384448559706269644745819163115487329927347782964903829986891390441763162408473101857963992987945392138191540126831368
0.002911062519862532795524604759953235273555510678486875366337081793776536549435646484991221827226686533761768585777395029539643582
0.002771705778114321576568755984869921333217294615342104470603856269959512225026341580273779896911934927265679958194994378123693094
0.002634856027254132109341036859881479723645085461868155665217988554583217723964868164472590577106633906067628573031538666400359635
0.002500605513510455517378876543973898076465199006604796562312973370414224132109038359748059427897776955745495269927231419590828533
0.002369044731045597597999484884039050679295589392295591917342083540024643685251145286273949644172341281959111442335236732843820536
0.002240262360956333769039586825527657292852430572243110023988583705648092453376433929976188139489183827952999010409298249114953206
0.002114345211496695997082156851712849026520270079444290171507537381129090766200751212529896695499341299821580919684805941813833524
0.001991378159563185696899187723115359185007698630252309184488679225361466737934226130953474257952499956768087966987764595563585603
0.001871444093481855629131434177308279009907115668230231205533193717992768572039250374708194912377813407487384657833122272470249327
0.001754623857135826273180697531485252604356326425600449184789359256107972769964383723724714807296076168897149734470871273943318421
0.001640996195470898606437187696860975106427531181711342013479973467275547528472951840320264787123872308278049275739844809426962721
0.001530637701415996288356419641908839859435901970198408234042953034161364536991245076036990333545073271757882657302745286226991237
0.0014236227642542165547020110735470268944346550368497010243016646322078273788036751983910729081552344140258828584624546629756853
0.001320023519479291316338042162863532617664351093637774940171261746699519164575907738761335398662617436424835019385390817510133252
0.001219909800171258687399738378347602382433306734648298810779393118965237031974596382969748489173727998917662457602819212768438321
0.001123349089924121114419304980616270852707898738513990100123300793169282414157146929145303011384602512074408835928416278990277534
0.001030406477357220131317730382628341309657564241928830534322659079321123718993831921565114455436633772875850027385363578743717629
0.000941144612240990230268733509574454255045401443243186296103760745627317919612544358981785485929148395025586605831074502147402698
0.000855623663266666134890362654847407711491043944154996774705248273381457593831024895346925334950739979954362979662614583479957471
0.00077390127748840962354776695463021355497581955534575845637840149815929993443116874398372088536208194643857447346016672066066775
0.000696032541465194723719718451794813682925416054087427418315545441371068517858647890122658705505494570349730662383223942893212011
0.00062206994412864434328807540839157809716250116429267877970801728032925323236373122296441412612002054379609554185269021565108186
0.000552063341401847993571986352759041316774853929490792736427083117645040609101106667945158805640159385755919575527126685790872796
0.000486059922593009976167011067010939005673748489156696526909947129741361586407740727787152533214483483626235870561843049956689945
0.000424104178586581046755963999759524616702111834714094159137553321825033407463745259730452660159485465278343900473365305900681535
0.000366237871853314940462080462191683276076063030954892590013894712186046581667941958942358771869739169887873249091971009150163924
0.000312500008299465061737818788307153601053703515686634571216415774228332368853465622513362930778942786173820888857624920905261623
0.000262926810974096933688306952194488731296544648750703400536884063854851226035284779635979791830204287310113080539080764186535221
0.000217551695652239502766402530956959299456113465872883140545867421192896120319707329099432730620832825728035758762591759314176601
0.0001764052483103339492177754253041724522782046439025368403087446952529502834211265013202948029068203042168500326538477820912508408
0.0001395152045091631138233935091614577276160197190248456263197898416940819175065740264159905087056138060867458185693640262340894213
0.0001069064306981588771856519923781446968111203736897247005149401559659956569713570993898448622200990269114448853436779528846800084
0.0000786009074536896857342404187662953960201022208428274652911659232918098551446090146661326873060363650359778541488379793650627559
0.0000546177146626267818043159257013012999454997800105750755096378760136767959322423261440134678604783420490009797378743981972316036
0.000034973018661176442304329955067463666601238409781415978806778770144547189568802711037766285082946110523592247699362381519051964
0.0000196800613376475455193407030464636144846850427396031671179600106784218434066515127675064232138273206000033403085265823980711487
8.7491512064999569011649274979628958780984067841171318827715387517024830601457026716653198366248573319856905757402719169663085e-6
2.1876564596904446316847867437223728430942707584850531824001942193766734310957898421847586213564723630814567214296144500713275e-6