5.987748759764340600416732932501802177068470311474937759375976029835773186262318350899960556959458435196416192940434476974749196e-6
0.000023943097653144834524576098185871759048029622851580474597958045903414725525843302656804654828029022317022271096924869080007607308
0.0000538423649384561998828054842599486380427575726035416132881223878090390172807747361884442387563601192398529340769042961547280214
0.00009564611575265932399267954571084801390128656368679407414382244191577492153219953504783629875691812183067872490905136510253587662
0.00014929921412295098141718718016408253278608473937793434200716596479718921799380074024691806065727658483197401960985925861725914584
0.00021473089568692500967343325003363653754713613510246508888128890013227332032542076763562018700804751734405304489134872425967729613
0.00029185486102539257229251628942526756490830214041544336315641333760813401992286425619532594982551547676954639243261498042765316989
0.0003805693894847626068726624756120894521713166562781089890279504705904808285928629875572628305379614520084928532577071335059496372
0.0004807574733388593818333799147652650348503782290117050766386928790343693318312118160253342363439110997764074593633588154485010811
0.0005922869721132279125815656721941841056926156844983008154090124928139619086249658005320836329800250687345367466622241007923392829
0.0007150107868683851974261902302337136201581012673576034102285002149501786497114985182365216161766980099386528365248129259849744755
0.0008487670542121508996974830981585573533793278819180352892993179520766970754264835706464994554144495791839533123082196193936915975
0.0009933793597851699449368032024780958091359288980321639324163281105174178382852730649863010176496372967987584209834240989338707223
0.0011486569709380558406554475501349948932551700971902390328929956108053434894872286853325161645813391624363995940011696200948162484
0.0013143950882932712358134930215661547134731596496044163766551920013990528961761825490567082110678797531124785748563871128717522953
0.0014903751158599547028321655744364306836283133087640259085092767412833669604944205378567814971938165552200719314769578795397702336
0.0016763649493454327977715352021097862443718230180455118048461073240876316963719595775132394090227241881373141381993956414804093805
0.001872119282283156408255282935206035194219252340723146308235300127459387520660379776993978552888014526705220185064049523328434408
0.0020773799295733018880440867454969849873008641962347895607607697008542190338488861990289590478552413784981817984135679843335628829
0.0022918761680093114945999682414956240839359390924398848065025652117177245822456752641640184289172767652668283342964554748832574591
0.002515325093341244481932721245768900731964851468453229242980796814104834513219907954615470018330059900293135443302364564335790862
0.0027474319934049994035484240773412867644507454862638688808190634723243086580899854474717880948903068236799858702936822937480080438
0.0029878907368252785162146013594580567445908037385268091920572092087206803969651675968453033378209329151483525037087787401834343381
0.0032363841767796245920746888619419835997536844578382857980813626276099907153521876818389566160603882529861028502838670057120349209
0.0034925845692909960358554589029885584258479224364820644092884634241158433622720263596745320167731544334093753630356354609907841632
0.003756154005497184165164338179098093212329759235814515020899877518299126319624343495765583866826623574755188954129014354612255391
0.004026744857326942118443062000811517397547706905747645484495466114052153425996889753363640783952825072594094302940202529335086218
0.004304000235995012420594910513594199649273519963320441980119508395185801900015195222780623219777639304849049354942839989491571104
0.004587554462711333082423253632169502179120359502798062359264651735815567199665114430007179927967253152548914418449402090222639982
0.004877033550983592536061352633203774164848063174077030983262618970738926787977367124381347764245404075987083025614653281770508481
0.005172055699877012961842038529076600348379926326308171645467740874864929304389543125193310789588445520829741472231543464398295139
0.005472231797580789809884790329473678585428529306100753606728417605835015549580047064767195506260444172295688167390090757831722461
0.005777165934617021622830537108637729948970418070066861305315532886951114967582086217382344916542449488501122826068262792338019819
0.006086455926015246553685060803212151906858661497014408362272092497949906723602108545186644558597355910880254324024932786443126167
0.006399693841763877018337163059967731718481506989971010606812029266442210197533095334006618584493860037131946937613476786155778893
0.006716466544838907322214654701753948798910283141355014465744007231188371699967351696652859020559843320499413388491055836940810403
0.007036356236100275252896274524414307490333034828593271303890188922106974166469232517507077099884919150998759062371776806926247515
0.00735894100533720071643696949685849345995500118783416310574540942948475867428711719845642522234720685728279637154353142328096817
0.007683795387735714461388371208801693185056508017514893200441481559609884033999547284158395782755259083751945676307434532221826383
0.008010490925034438477524468532729394312734602392983245327975350032420801101383967869418074671336178599581669974728012792342498118
0.008338596730628496208343077748183503298636794871328740908400449230264060993782127570543642886290387898019086105134769062186405687
0.008667680057876223433005018150170767406320464160221038128807794080754190379103657207353802796247676170132743203708878830664073496
0.008997306870859126422506295385303031675163536065270933584522338363415649053954039489016078675316688655461547590640450634074205737
0.009327042416842298328020185543147269769946495386016071097518534756421302561801868892612186467098159889154694544495815417491868721
0.009656451799680261984068395939903200252078179975989070424592517698751801404724192387772827210351218570119922638336542346978573314
0.009985100553411960363533731532481229999167300597054695312803040179839362583778539495058392502449289399518143394550822832822022018
0.010312555215288366450137535674428933406312998449652319337275203394031404925393541128337251658830375530663496734499632062901686617
0.010638383897476932625907418250952358141776201025077541163212334703135566379507423636987148128099650541846363688174468533120159885
0.010962156856688844819361481368132341426141042323288063526934847300208208075600897405553807704235612066604946907652277543150829577
0.011283447060977786322916450213036025701896544045868044686628172515470792747980382047347608422086186625619705849616315045113693467
0.011601830752962646751981652360504863024853508062405319372879823008213169932642364291560869423655660704924376504536897359527815862
0.011916888008731328162998100664245743228754607990442265903940451688003140106696531230480830678658324718703361494178552618378424754
0.012228203291688496652557603359293665019342967641035951189403207995943333666169033812657471811398229895194741750249040350560972105
0.012535366000616796311697288857255841846616691689001125472259225111690225986371645932922194077747078686365395707424150562024917514
0.012837971011228674413196556965424475693023594820317428864385654301692621175203413518304868758291707457720565260897239850989717882
0.013135619210494552099172895009644308353664163334190379115174751446091609390323810262454184966089867797005704469959772191806075917
0.013427918023042602288003479363883822460105587411804460268749391863767501044547448389773979467740486411663277618875510519019510988
0.013714481928935853467605689573253664578454208483927616547686375969157361818963152854476241232621474001494572834255478160207640242
0.013994932972143710694471260006561376073639534144617331922197039267716368468693908211538259445976978760760144879052657455927015793
0.014268901259037258474900941792657355629648010180512094647243182729176526295352329066495284491932058274509273786072624479371438875
0.014536025446250868079003316154399443869168641833487985257913657931821181542169331590211483303999266719047272277163477972439425296
0.014795953217266656874966020431413806657145178744583333781895148121069675629377378186805194319231257060303429232477251647874452994
0.015048341747093220972921432598621118400627528362417362084147811766862558007838817962879317862351684532205820120647525226759015061
0.015292858154425765217128605505323698334913679429982074963836526400692597274083035000299533991595789362078908112534880505403111323
0.015529179940691265651444935821222138417553333064723498947533950329178010310698259295932397923591422955767464685586046676052502999
0.015756995415399597229295758518107611301564330291291375231999993927523923725632032988461617650861293448402688939998767660815976588
0.01597600410723962093128595209230740927262571512779208537180294406220335429760066223385552834682810550761431142734390846580542113
0.016185917160378025769630317051814213493790743859438669365858613430938626526231368122635492280850263857389433967547487305703253806
0.016386457715438237601200850047711849748499160021240917326518188439308993248024977487486705536313544549616609584126187408285970587
0.0165773612746569124994933132970340817045639284879492505837767574481360370439160441839118860168487065995955475748882757177196587
0.016758376050736401000249299968840209298874042781692537674731505424128851452740845298522870819941524010512157483093723731361379625
0.016929263298933073311781563567165179871699715489516182673289099506612936129186136348322622456874970346735178690457604366236735156
0.017089797631943506207391725987029212295528038203755776932361763942196913669826596971559957643990888330682339633709114516999915335
0.017239767317173220631403511883894421459721773982308841475772451239540221784892008860422770003222737807541243464907404443970170139
0.017378974555995895128097953605933774606058830445263179440706740190777502094827395333063905480784375851311740969290680852099267018
0.017507235744634733397607517951127973267841665476409368535925951094605527395414393245227263650613234339888293269325222628678763999
0.01762438171632190326594370684711686990116588527504567281361786049810557942597793287680842171127587749003985960533227490300473598
0.017730257964416657158419322428567546224756284892370812577115663012362268351298907408565348218485759491453617962873950422861299847
0.017824724846187858218851448864911271384243103796948635288204823150405754292380436113063647396181050232712617587364923605148300424
0.017907657766992138397565344452422674115474913273405849985889191114760848135229341944670527986809116881092041364341421374916589395
0.017978947344604771503923202853098984718500688133136044180044974380868617707217359529982360888164770269770893332337917658738271444
0.018038499553486521280887356680451896697945804858549706495061876755363064229626510223910492569698788956259472784379439751971167827
0.018086235848796187484438315598893338949721374912153229078310702150870824398892567377382805494154278784650164995663128038705363566
0.018122093269985286836915128765976874690288871494187238116285107327229875621138647780168463711589164380692143299511498729975138392
0.018146024523838235336941594537391206934500097407915952869851880315991511350945654131205272251886836242146226382270416729283674481
0.018157998046848508231431474404733462798157845848679471229751206032047958430298826406680462764238816147955239642748218316655279449
0.018157998046848508231431474404733462798157845848679471229751206032047958430298826406680462764238816147955239642748218316655279449
0.018146024523838235336941594537391206934500097407915952869851880315991511350945654131205272251886836242146226382270416729283674481
0.018122093269985286836915128765976874690288871494187238116285107327229875621138647780168463711589164380692143299511498729975138392
0.018086235848796187484438315598893338949721374912153229078310702150870824398892567377382805494154278784650164995663128038705363566
0.018038499553486521280887356680451896697945804858549706495061876755363064229626510223910492569698788956259472784379439751971167827
0.017978947344604771503923202853098984718500688133136044180044974380868617707217359529982360888164770269770893332337917658738271444
0.017907657766992138397565344452422674115474913273405849985889191114760848135229341944670527986809116881092041364341421374916589395
0.017824724846187858218851448864911271384243103796948635288204823150405754292380436113063647396181050232712617587364923605148300424
0.017730257964416657158419322428567546224756284892370812577115663012362268351298907408565348218485759491453617962873950422861299847
0.01762438171632190326594370684711686990116588527504567281361786049810557942597793287680842171127587749003985960533227490300473598
0.017507235744634733397607517951127973267841665476409368535925951094605527395414393245227263650613234339888293269325222628678763999
0.017378974555995895128097953605933774606058830445263179440706740190777502094827395333063905480784375851311740969290680852099267018
0.017239767317173220631403511883894421459721773982308841475772451239540221784892008860422770003222737807541243464907404443970170139
0.017089797631943506207391725987029212295528038203755776932361763942196913669826596971559957643990888330682339633709114516999915335
0.016929263298933073311781563567165179871699715489516182673289099506612936129186136348322622456874970346735178690457604366236735156
0.016758376050736401000249299968840209298874042781692537674731505424128851452740845298522870819941524010512157483093723731361379625
0.0165773612746569124994933132970340817045639284879492505837767574481360370439160441839118860168487065995955475748882757177196587
0.016386457715438237601200850047711849748499160021240917326518188439308993248024977487486705536313544549616609584126187408285970587
0.016185917160378025769630317051814213493790743859438669365858613430938626526231368122635492280850263857389433967547487305703253806
0.01597600410723962093128595209230740927262571512779208537180294406220335429760066223385552834682810550761431142734390846580542113
0.015756995415399597229295758518107611301564330291291375231999993927523923725632032988461617650861293448402688939998767660815976588
0.015529179940691265651444935821222138417553333064723498947533950329178010310698259295932397923591422955767464685586046676052502999
0.015292858154425765217128605505323698334913679429982074963836526400692597274083035000299533991595789362078908112534880505403111323
0.015048341747093220972921432598621118400627528362417362084147811766862558007838817962879317862351684532205820120647525226759015061
0.014795953217266656874966020431413806657145178744583333781895148121069675629377378186805194319231257060303429232477251647874452994
0.014536025446250868079003316154399443869168641833487985257913657931821181542169331590211483303999266719047272277163477972439425296
0.014268901259037258474900941792657355629648010180512094647243182729176526295352329066495284491932058274509273786072624479371438875
0.013994932972143710694471260006561376073639534144617331922197039267716368468693908211538259445976978760760144879052657455927015793
0.013714481928935853467605689573253664578454208483927616547686375969157361818963152854476241232621474001494572834255478160207640242
0.013427918023042602288003479363883822460105587411804460268749391863767501044547448389773979467740486411663277618875510519019510988
0.013135619210494552099172895009644308353664163334190379115174751446091609390323810262454184966089867797005704469959772191806075917
0.012837971011228674413196556965424475693023594820317428864385654301692621175203413518304868758291707457720565260897239850989717882
0.012535366000616796311697288857255841846616691689001125472259225111690225986371645932922194077747078686365395707424150562024917514
0.012228203291688496652557603359293665019342967641035951189403207995943333666169033812657471811398229895194741750249040350560972105
0.011916888008731328162998100664245743228754607990442265903940451688003140106696531230480830678658324718703361494178552618378424754
0.011601830752962646751981652360504863024853508062405319372879823008213169932642364291560869423655660704924376504536897359527815862
0.011283447060977786322916450213036025701896544045868044686628172515470792747980382047347608422086186625619705849616315045113693467
0.010962156856688844819361481368132341426141042323288063526934847300208208075600897405553807704235612066604946907652277543150829577
0.010638383897476932625907418250952358141776201025077541163212334703135566379507423636987148128099650541846363688174468533120159885
0.010312555215288366450137535674428933406312998449652319337275203394031404925393541128337251658830375530663496734499632062901686617
0.009985100553411960363533731532481229999167300597054695312803040179839362583778539495058392502449289399518143394550822832822022018
0.009656451799680261984068395939903200252078179975989070424592517698751801404724192387772827210351218570119922638336542346978573314
0.009327042416842298328020185543147269769946495386016071097518534756421302561801868892612186467098159889154694544495815417491868721
0.008997306870859126422506295385303031675163536065270933584522338363415649053954039489016078675316688655461547590640450634074205737
0.008667680057876223433005018150170767406320464160221038128807794080754190379103657207353802796247676170132743203708878830664073496
0.008338596730628496208343077748183503298636794871328740908400449230264060993782127570543642886290387898019086105134769062186405687
0.008010490925034438477524468532729394312734602392983245327975350032420801101383967869418074671336178599581669974728012792342498118
0.007683795387735714461388371208801693185056508017514893200441481559609884033999547284158395782755259083751945676307434532221826383
0.00735894100533720071643696949685849345995500118783416310574540942948475867428711719845642522234720685728279637154353142328096817
0.007036356236100275252896274524414307490333034828593271303890188922106974166469232517507077099884919150998759062371776806926247515
0.006716466544838907322214654701753948798910283141355014465744007231188371699967351696652859020559843320499413388491055836940810403
0.006399693841763877018337163059967731718481506989971010606812029266442210197533095334006618584493860037131946937613476786155778893
0.006086455926015246553685060803212151906858661497014408362272092497949906723602108545186644558597355910880254324024932786443126167
0.005777165934617021622830537108637729948970418070066861305315532886951114967582086217382344916542449488501122826068262792338019819
0.005472231797580789809884790329473678585428529306100753606728417605835015549580047064767195506260444172295688167390090757831722461
0.005172055699877012961842038529076600348379926326308171645467740874864929304389543125193310789588445520829741472231543464398295139
0.004877033550983592536061352633203774164848063174077030983262618970738926787977367124381347764245404075987083025614653281770508481
0.004587554462711333082423253632169502179120359502798062359264651735815567199665114430007179927967253152548914418449402090222639982
0.004304000235995012420594910513594199649273519963320441980119508395185801900015195222780623219777639304849049354942839989491571104
0.004026744857326942118443062000811517397547706905747645484495466114052153425996889753363640783952825072594094302940202529335086218
0.003756154005497184165164338179098093212329759235814515020899877518299126319624343495765583866826623574755188954129014354612255391
0.003492584569290996035855458902988558425847922436482064409288463424115843362272026359674532016773154433409375363035635460990784163
0.003236384176779624592074688861941983599753684457838285798081362627609990715352187681838956616060388252986102850283867005712034921
0.002987890736825278516214601359458056744590803738526809192057209208720680396965167596845303337820932915148352503708778740183434338
0.002747431993404999403548424077341286764450745486263868880819063472324308658089985447471788094890306823679985870293682293748008044
0.002515325093341244481932721245768900731964851468453229242980796814104834513219907954615470018330059900293135443302364564335790862
0.002291876168009311494599968241495624083935939092439884806502565211717724582245675264164018428917276765266828334296455474883257459
0.002077379929573301888044086745496984987300864196234789560760769700854219033848886199028959047855241378498181798413567984333562883
0.001872119282283156408255282935206035194219252340723146308235300127459387520660379776993978552888014526705220185064049523328434408
0.001676364949345432797771535202109786244371823018045511804846107324087631696371959577513239409022724188137314138199395641480409381
0.001490375115859954702832165574436430683628313308764025908509276741283366960494420537856781497193816555220071931476957879539770234
0.001314395088293271235813493021566154713473159649604416376655192001399052896176182549056708211067879753112478574856387112871752295
0.001148656970938055840655447550134994893255170097190239032892995610805343489487228685332516164581339162436399594001169620094816248
0.000993379359785169944936803202478095809135928898032163932416328110517417838285273064986301017649637296798758420983424098933870722
0.000848767054212150899697483098158557353379327881918035289299317952076697075426483570646499455414449579183953312308219619393691597
0.000715010786868385197426190230233713620158101267357603410228500214950178649711498518236521616176698009938652836524812925984974476
0.000592286972113227912581565672194184105692615684498300815409012492813961908624965800532083632980025068734536746662224100792339283
0.000480757473338859381833379914765265034850378229011705076638692879034369331831211816025334236343911099776407459363358815448501081
0.000380569389484762606872662475612089452171316656278108989027950470590480828592862987557262830537961452008492853257707133505949637
0.00029185486102539257229251628942526756490830214041544336315641333760813401992286425619532594982551547676954639243261498042765317
0.000214730895686925009673433250033636537547136135102465088881288900132273320325420767635620187008047517344053044891348724259677296
0.000149299214122950981417187180164082532786084739377934342007165964797189217993800740246918060657276584831974019609859258617259146
0.0000956461157526593239926795457108480139012865636867940741438224419157749215321995350478362987569181218306787249090513651025358766
0.0000538423649384561998828054842599486380427575726035416132881223878090390172807747361884442387563601192398529340769042961547280214
0.0000239430976531448345245760981858717590480296228515804745979580459034147255258433026568046548280290223170222710969248690800076073
5.9877487597643406004167329325018021770684703114749377593759760298357731862623183508999605569594584351964161929404344769747492e-6