0.00002328914147463903332376520241001761081898965995856171623516895837898894879701949294276388010169692971002064321285922040929454334
0.00009308060155976681425460113937089751821134983298915788254539088669653896097077323449486979791609192873318403629804316775315385808
0.00020914673501889915607025480457411089711695122944702938421350519393490268074649435751748739741054097256375079896734372005670751666
0.0003711089582493018363166544690356437914850297501662312034510879076542145063303243219393926513686025121895598711985721457102852349
0.0005784389841430132541142752948278752088523982272515474811811449404806726972776265151991555420264494320822487771859776812103774852
0.0008304605452495849255811336185296855401419138081625364931655110097572811564932998785875396542291263556213558061647035952596691033
0.0011263515996199411211658718957092490420209030641049739850115872500617832311705381731810866978543781245841382051170069195871556891
0.0014651470121363534644104409472215850255962028677645224037749080372985184080333540946775079688341241801387409836025195285972534376
0.0018457417025825894355266968222748841145027672485697599741057056472496975508605416262059400335282140569276258017385773887123415303
0.0022668942501858842888990068417823508812466413322434271755098499745064721817864302274432518019605943003268700602477998732361787848
0.0027272309428734696843540403484472884694602261489296761851535372167401219752720895349772296143870272315129238210309093342260315758
0.0032252502580358258829693301462219157938790807627054841793766379859960041955541747045317485344852834888503283403541800993486430124
0.00375932776018133911557726436721019027191486618619201934004636432324780607339049475907975151222508835557677399217109757513670645
0.004327721399507232620273310867498258740763364198247209361922529897734996112264368822518421207542112824430502005422389217218307154
0.004928577194103934291887091016160846044275347258934842052774884152425803397428154645947613906876204421496597822900456148052897054
0.005559935277258711355227865676480618569626798154555475182986367785894127676965394741334205897185152483915414978450544904656603537
0.00621973629013352455159636615226708937784962709577061717730400031089017381754415170518368777641807237113206050355928198651749013
0.006905828098965515410818622453745036987424073778510563070871144062632373368109308910542150843692745690689465479955204416850650075
0.007615972814880014804698862452553495531469448857803216644770082895194882653830539891630402566034146307734178745705221201028201812
0.008347854093418901832068456261524750628284201585829688597375812128639679476563241871360726917469329886573626544448437568592051209
0.009099084689974768752297114052989647300334763712426673323387674599511105020015682623918815371502465808772056660090443026720564299
0.009867214246486636135405502583173431388090156602054916687369320381076068353195291804586399671982747840563260381288369122060335768
0.01064973728399863528835038220205688760123182962881415731969521073128427516437430735433176120003315626879579421781359730112357134
0.011444101375011592806883828258041712077181942922193413838662433283833177942563425818648434945559321815298262333678113803172451298
0.012247715468971005026017559027044523175033027885011966741145416174575621941567093207266379328122990942371986564867263400399259647
0.013057958343735391068020610458541700144647007700613502767895805760872891510005464125865497224860675561302383797378606080747725818
0.01387218715545809137720128231736762536032654754594632802209829987295245507448332093875724234816119825442313462438490840785701341
0.01468774605899457442700456662153694631419317426655463398676483278439133043720948813967943788222168418177821161664493074348020336
0.015501974870717274736185238480362871529872714111887459240967326896470894001687344952571183005522206874898962443651233070589490951
0.016312217745481660778188289911860048499486693927488995267717716482768163570125715871170300902259891493829359676162575750937957122
0.017115831839441072997322020680862859597337778890307548170200699373510607569129383259788245284823560620903083907351725348164765471
0.017910195930454030515855466736847684073287892183686804689167921926059510347318501724104919030349726167405552023216241850213645429
0.018692718967966029668800346355731140286429565210446045321493812276267717158497517273850280558400134595638085859741470029276881001
0.019460848524477897051908734885914924374184958100074288685475458057832680491677126454517864858880416627429289580939396124616652471
0.02021207912103376397213739267737982104623552022667127341148732052870410603512956720707595331291355254962771969658140158274516556
0.020943960399572650999506986486351076143050272954697745364093049762148902857862269186806277664348736128467167495324617950309014957
0.021654105115487150393387226485159534687095648033990398937991988594711412143583500167894529386690136745511880761074634734486566695
0.022340196924319141252609482786637482296670094716730344831559132346453611694148657373252992453964810065069285737470557164819726639
0.022999997937193954448977983262423953104892923657945486825876764871449657834727414337102474333197729952285931262579294246680613232
0.023631356020348731512318757922743725630244374553566119956088248504917982114264654432489066323506678014704748418129383003284319715
0.024232211814945433183932538071406312933756357614253752646940602759608789399428440255918259022840769611770844235607449934118909616
0.024800605454271326688628584571694381402604855626308942668816768334095979438302314319356928718157794080624572248858741576200510319
0.025334682956416839921236518792682655880640641049795477829486494671347781316138634373904931695897598947351017900675659051988573757
0.025832702271579196119851808590457283205059495663571285823709595440603663536420719543459450615995855204688422419998929817111185193
0.026293038964266781515306842097122220793273080480257534833353282682837313329906378850993428428422288135874476180782039278101037984
0.026714191511870076368679152116629687560016954563931202034757427010094087960832267452230740196854668379273720439291261762624875239
0.027094786202316312339795407991682986648923518944736439605088224620045267103659454983759172261548758256062605257427319622739963332
0.02743358161483272468303997704319532263249881874839598802385154540728200228052227090525559353252850431161720803591283223175006108
0.027729472669203080878624715320374886134377808004338425515697621647586504355199509199849140576153756080579990434865135556077547666
0.027981494230309652550091573644076696465667323585249414527681987716863112814415182563237524688356433004119097463843861470126839284
0.028188824256203363967889194469868927883034692062334730805412044749689571005362484756497287579014279924011786369831267005626931534
0.028350786479433766648135594134330460777402770583053932624649627463408882830946314720919192832972341463637595442062495431280509253
0.028466852612892898989951247799533674156308371979511804126317741770647246550722035843941810432466790507468162204731795983584062911
0.028536644072978026770882083736494554063700732152542400292627963698964796562895789585493916350281185506491325597816979930927922226
0.028559933214452665804205848938904571674519721812500962008863132657343785511692809078436680230382882436201346241029839151337216769
0.028536644072978026770882083736494554063700732152542400292627963698964796562895789585493916350281185506491325597816979930927922226
0.028466852612892898989951247799533674156308371979511804126317741770647246550722035843941810432466790507468162204731795983584062911
0.028350786479433766648135594134330460777402770583053932624649627463408882830946314720919192832972341463637595442062495431280509253
0.028188824256203363967889194469868927883034692062334730805412044749689571005362484756497287579014279924011786369831267005626931534
0.027981494230309652550091573644076696465667323585249414527681987716863112814415182563237524688356433004119097463843861470126839284
0.027729472669203080878624715320374886134377808004338425515697621647586504355199509199849140576153756080579990434865135556077547666
0.02743358161483272468303997704319532263249881874839598802385154540728200228052227090525559353252850431161720803591283223175006108
0.027094786202316312339795407991682986648923518944736439605088224620045267103659454983759172261548758256062605257427319622739963332
0.026714191511870076368679152116629687560016954563931202034757427010094087960832267452230740196854668379273720439291261762624875239
0.026293038964266781515306842097122220793273080480257534833353282682837313329906378850993428428422288135874476180782039278101037984
0.025832702271579196119851808590457283205059495663571285823709595440603663536420719543459450615995855204688422419998929817111185193
0.025334682956416839921236518792682655880640641049795477829486494671347781316138634373904931695897598947351017900675659051988573757
0.024800605454271326688628584571694381402604855626308942668816768334095979438302314319356928718157794080624572248858741576200510319
0.024232211814945433183932538071406312933756357614253752646940602759608789399428440255918259022840769611770844235607449934118909616
0.023631356020348731512318757922743725630244374553566119956088248504917982114264654432489066323506678014704748418129383003284319715
0.022999997937193954448977983262423953104892923657945486825876764871449657834727414337102474333197729952285931262579294246680613232
0.022340196924319141252609482786637482296670094716730344831559132346453611694148657373252992453964810065069285737470557164819726639
0.021654105115487150393387226485159534687095648033990398937991988594711412143583500167894529386690136745511880761074634734486566695
0.020943960399572650999506986486351076143050272954697745364093049762148902857862269186806277664348736128467167495324617950309014957
0.02021207912103376397213739267737982104623552022667127341148732052870410603512956720707595331291355254962771969658140158274516556
0.019460848524477897051908734885914924374184958100074288685475458057832680491677126454517864858880416627429289580939396124616652471
0.018692718967966029668800346355731140286429565210446045321493812276267717158497517273850280558400134595638085859741470029276881001
0.017910195930454030515855466736847684073287892183686804689167921926059510347318501724104919030349726167405552023216241850213645429
0.017115831839441072997322020680862859597337778890307548170200699373510607569129383259788245284823560620903083907351725348164765471
0.016312217745481660778188289911860048499486693927488995267717716482768163570125715871170300902259891493829359676162575750937957122
0.015501974870717274736185238480362871529872714111887459240967326896470894001687344952571183005522206874898962443651233070589490951
0.01468774605899457442700456662153694631419317426655463398676483278439133043720948813967943788222168418177821161664493074348020336
0.01387218715545809137720128231736762536032654754594632802209829987295245507448332093875724234816119825442313462438490840785701341
0.013057958343735391068020610458541700144647007700613502767895805760872891510005464125865497224860675561302383797378606080747725818
0.012247715468971005026017559027044523175033027885011966741145416174575621941567093207266379328122990942371986564867263400399259647
0.011444101375011592806883828258041712077181942922193413838662433283833177942563425818648434945559321815298262333678113803172451298
0.01064973728399863528835038220205688760123182962881415731969521073128427516437430735433176120003315626879579421781359730112357134
0.009867214246486636135405502583173431388090156602054916687369320381076068353195291804586399671982747840563260381288369122060335768
0.009099084689974768752297114052989647300334763712426673323387674599511105020015682623918815371502465808772056660090443026720564299
0.008347854093418901832068456261524750628284201585829688597375812128639679476563241871360726917469329886573626544448437568592051209
0.007615972814880014804698862452553495531469448857803216644770082895194882653830539891630402566034146307734178745705221201028201812
0.006905828098965515410818622453745036987424073778510563070871144062632373368109308910542150843692745690689465479955204416850650075
0.00621973629013352455159636615226708937784962709577061717730400031089017381754415170518368777641807237113206050355928198651749013
0.005559935277258711355227865676480618569626798154555475182986367785894127676965394741334205897185152483915414978450544904656603537
0.004928577194103934291887091016160846044275347258934842052774884152425803397428154645947613906876204421496597822900456148052897054
0.004327721399507232620273310867498258740763364198247209361922529897734996112264368822518421207542112824430502005422389217218307154
0.00375932776018133911557726436721019027191486618619201934004636432324780607339049475907975151222508835557677399217109757513670645
0.003225250258035825882969330146221915793879080762705484179376637985996004195554174704531748534485283488850328340354180099348643012
0.002727230942873469684354040348447288469460226148929676185153537216740121975272089534977229614387027231512923821030909334226031576
0.002266894250185884288899006841782350881246641332243427175509849974506472181786430227443251801960594300326870060247799873236178785
0.00184574170258258943552669682227488411450276724856975997410570564724969755086054162620594003352821405692762580173857738871234153
0.001465147012136353464410440947221585025596202867764522403774908037298518408033354094677507968834124180138740983602519528597253438
0.001126351599619941121165871895709249042020903064104973985011587250061783231170538173181086697854378124584138205117006919587155689
0.000830460545249584925581133618529685540141913808162536493165511009757281156493299878587539654229126355621355806164703595259669103
0.000578438984143013254114275294827875208852398227251547481181144940480672697277626515199155542026449432082248777185977681210377485
0.000371108958249301836316654469035643791485029750166231203451087907654214506330324321939392651368602512189559871198572145710285235
0.000209146735018899156070254804574110897116951229447029384213505193934902680746494357517487397410540972563750798967343720056707517
0.000093080601559766814254601139370897518211349832989157882545390886696538960970773234494869797916091928733184036298043167753153858
0.0000232891414746390333237652024100176108189896599585617162351689583789889487970194929427638801016969297100206432128592204092945433