3.934180752969257612354845559623924113867914541462150973561503237115243510029731199190004345231965900640937917489804649503858017e-6
0.000015732801334943274935485335835424119125395471852085859452994746906647558505392530334427250614510385137545344558906469706217735147
0.00003538410062433364026212879639942441965309484189018008726261454909392378986619246271077625569292792034774729544197637397575119753
0.00006286848977863906180541066372328766360235512661555006618809131370347966856954309727020497968596298773348055495774276572453020096
0.00009815857176102958432544658559980166859693731392391699645842874300580809784070503303076339943604668314367177480163775985359286879
0.00014121916865030872246432907523390715349224956054271272524395138197657344454225111990380059990103274601921949292736183476000057044
0.00019200735670703034660742504153605468928947026350063954620416912558375013225422034957846928908723755257246588968852397215513796556
0.00025047250916081565335343425323645623809195192125707274303528532023640196952569264171638498952352474923877995116114934760590322716
0.00031655634667621889251334471327750302671648715708341295659324630920879859471248699643693964634059940056332479453071990830054949612
0.0003901929954468363781675031075759874971653338570324521435133118747981031688222747788865490709092109340818475016449621732379758369
0.0004713090528597493125080854876980968756909821336645711428502939150762570855751210746565415033524458234902663966053865976087120082
0.000559823660664844677812680040381316797936797086220216890195049678756302745792210491106358140770532832447480104414678613819290884
0.0006556485855760774262229006713638719308551931791935315108088900093412337804594168951224027572508619913548804596763848700739230901
0.0007586883072243288762890215764384902430163190332483621966228629470085648813010678550496642557343341736229981216779153036169826182
0.000868840113374187994262759220445144988417391703818487593644475439135220573531123549003436241259348463655055864837144787797318094
0.0009859942023097414018155407469714498842259243278199093321338050827256656410498041265655151647280689549249386571148906202643093815
0.0011100337922873117280519866014448026305072173005712737646862785623635635171160041664607913183697117459156724796137041341015606892
0.0012408352379460394358892050867806555018418468258722218264055846166238017243753969394675242332576728313477385447095464531468781458
0.0013782681535602675231804869291072763847108638305419922381666402646855458507465336036409054474458701686171535714953662231644544962
0.0015221955430108684410632915454767368130214846292074518585392404844517009224515386521764851163164530550815499899654509398935491204
0.0016724739363459549842880672454374870095919983883837941131983634354099565921691825567559442227885659411835903702789180720891043436
0.0018289535327948484670375445088021812020383173788724245111819160230435937870102661877702989606453233182177978634995984633814299489
0.0019914783500927447505407678533826283689210128199418295216972671820268084933514468144886235106918453415291434894679431773173044843
0.0021598863799672280479245991059453623985674050303359894485224935603138381402293523020223714056072729099361603930231410711142825742
0.0023340097496316401678753505642135671734331157663664753248384109567797613958054205968128455227825601658342315134678170246528780369
0.0025136748891243250945467960974985456034010868964325939450849677980609828046787486288194298972413480264850862990106947004058866721
0.002698702704326941505481572665906457140473029809617037723575465573446787523179998209605335326376978377071600184590228725579884863
0.0028889087554893748108859771380844913424472293027929359624697922334588979855488784793062796710515196492201811516073291481578408431
0.003084103441083291199439665557680516282405178461669327618221077999092328614068592352716279703701771673249384778394262498438463173
0.0032840921868010644695841935387368674473743365662004479747960135572582217259478628005366341952544361360447346031738891486529779561
0.0034886756395116774057419920096346238294597183209275392360671865191569448531030097394285083764803594552838315754259302797585320202
0.003697649865980258238888426176323773041132178742827955728156387189259722454925031546699127688437750000578497197038487720515571495
0.003910806556153164235849622128090178768740963831652635849099762684352634980419389278932374637989546323441228683254204340983740851
0.00412793323080597342503089938667457149127608161977215679031527918493307534454848199762643296452453344151965918876217506868381089
0.004348813453347396424567243775003634083908078275841247280666638062946661573148329709819883255463682547859135429120953305686275876
0.00457322704556797762734765462389825037746423841294170298004853144880224456235417334453450186767054825037750835900853475075647033
0.004800950307118522745544360468360146588806889418952761114465241634348118923101407581877716986255144465898021560727020966114355867
0.005031756238499471844929950268597036590548930244755814314899423659279157146894039990037966122767671917281591542037149202336448493
0.005265414767338937212446424254253483642485873238069709645446932097843490538707066828350514091784406441658644866187237980831152058
0.005501692977733847187863643102818451272903482412689421537259625051640407977219621874667680459593573620538628851686928298724013994
0.005740355342425583719724285874301804668318960058217837093666676862580465635027517537379921737165830619885497176289897148613541223
0.00598116395757867592078447389666087425363721899688027608277215958282350105080626475004171515885718283757612674520755818462911883
0.006223878779928517115328563287460627758216656667655034114566937337278646492949629950824746354403123022898744399105783589262840613
0.006468257866061711376599209038510004281726778213690387550621063997273455009152709199279187983453881690320014384142871391974358428
0.006714057613590529701128371695615090776189316682995176526433989845107467854420620266106138744134110983462353566354832909418858253
0.006961033003981067877076436688288811620582503856976704367956846276189270135843364013980537339867194890580412545176297124566415784
0.007208937846793049657873899352185403167337309218486429676807761161870062956768902986495509020170999009321561697037606577892039025
0.007457525025087811693719771583149445302083590789939773370422889905778823550432477032423138383581398139839346956006560684156554896
0.007706546741759842204509423593486653860332864458020284099099157766404840484782716722193994145637814785448619739812132096721507044
0.007955754766546324759309991576946400560258223619768118955147697869165786225418521075943323010145401977852247711053275122450686421
0.008204900683468462677266256047158585804593452079586422454292177288807431447219577955325342090174740322093937213376331175598777674
0.008453736138457929156506238824243895946095718956252544480848860499330520411076842039150122202829456561784049560168589505970487479
0.008702013086921603700264046529529242439876769329483707208469785070773069118162953874615495407954354562834629755965339981455664996
0.00894948404099781692699855045755211571944722362489009505772371855875570583492529850002903025543085275491714545721385529384175131
0.009195902316257633362438294098679275113265071559547771165395898085979852854286538127015672535290871173173241212961609919479351055
0.009441022277605255009691756623397884609757925633734233930125364422277434414660605122655266585500342825249744803224478853900856515
0.009684599584132426827387768079192699375269328694981936137646945610338519453574028339251058574532622868766831462567225667604543332
0.009926391432682767919456950581003893545734694180184640979533021095634178864644924082313843011933022306272236630989094597988091787
0.010166156799883238214271783281396392874342428165375036517139580067998633946341549229464358798521858661970763420094202495671016745
0.010403656682401478403543300886818629576107697773924436737633205036740811225807122939290819353819931466013222066157687906799692323
0.010638654335189529399490201853238837374023137166551097788081593899745498026020324756732947112615240325488919272067053720204832163
0.010870915507476444789483846893528609705111107372227482083238876920838565768620863655245429123566025282623699238770080226359146396
0.011100208676274553719789037218430993324708776376019135709265913847197495079210250746456158000313752773111062748337796027190199709
0.011326305277166610087345005639217992827995573502783061372959306967328510687316610975288947373095099261720942139508924198479332381
0.01154897993214377439019353876697166239646917202753821003228036777842371741276697684676225797125897759043296223848756226438313846
0.011768010674267314381304475489922087034441382241613243907369937563625429650449819066718854184024396834817381377508706761648436321
0.011983179168930076856722260006790632272900733758728439337912960464325911710179289183031875535305074437206400443457877419618549015
0.012194270931497172331037532145961610729829539261232144361814539175141464219793052796617119226213195802711588561963965820671442552
0.012401075541108923632525271886595901034424749092256955013733047010600697384975511341748642994952984943281142548404897905993398475
0.012603386850432954989077641911740138306561093157523704104209040273936351038658458617069990618780618462811250714952659868409001826
0.012801003191156336160915132667336459190352758262480228835047628196751525197577448916242589815127976844086266695560524345923950169
0.012993727575012942581832788160327059493828116015075739708941671244258097004172248593039435103732344645972254607700148736654500956
0.013181367890145643064519553547182892815213106362002784428256487463388297807322047485016627865654940182480804209226973694296953727
0.013363737092607576970829466311562880312099877326925397862041588230711219008982974671464602016039903719144620527567634823772773036
0.013540653392811628209218141821539359820889935699252123770148958793940731989573290845155789130102020417078215684205922692148975925
0.013711940436742239168825545425898236332151774048510296935467348238207438722891157311023923872847120759942103172932215312877638104
0.01387742748174892871314400502871556597724129547364864876570047406990439255008178470380951973816422752604491272054299586133881376
0.014036949566746279431439040589214817618511452520422999281910754311033253966736145502063778523364324732447826697852715979273170521
0.014190347676650735099180621631884813361895720681342097933837764317271026318122854508282878908428512158233593125071065725573075868
0.014337468900890294171661970933016328385563356513449949459453164716807048614405429531408804787169371121622182949332904609181737209
0.014478166585829093401117748409816478546261434059114711522223744169358875795334975657503969483059435192783407211510464974614417934
0.014612300480954941437515199873734730808841350497558899347267308351795947523532731615488876558860829767501298984798843135603997298
0.014739736878684079500289326272651024184042650874418112223915861157785162339455809017746042905519124121708050717113413351336367687
0.014860348747643808695159139483854922706065356131842323702391367235190163043314850779211038777170800972628398599225321495397212055
0.014974015859300124954531343438893194317312568244875294926662788907120699215838537788603972750898160984253276858386981028164857196
0.015080624907804136421129048788564877773990508656882020193837903333694325926722536183708377332444754684503782431079643212102658531
0.015180069622937797759619285330788574293330278690807929724569699973791940605948634014366289481078288970803566904209983156380846961
0.015272250876046374631972904457266747318608128811598312653478120996869598196812953906273789433673555583843259226305871479414063892
0.015357076778852042552185410484961337995221247476286099863225738806454590803199517070586514890438275651928782261030172087776636671
0.015434462775050120576056528241433967217662895580280274468052254818128567575784983769890525052151600422183524770788814405470983067
0.015504331724596634708283477059399698270613150278983368691093007627822865880577285544174661354412739974433506005253071040732351371
0.015566613980603191350607124337065847245548881255508570060281693840390069598603186358261817299681177842683039781397840790516067088
0.015621247458762510308874922333957902428626633058673365319798182611215828093290445446381899208265694908328338184946148733905955199
0.015668177699235412477876823692811243505481110984824233736408646227237335835752223305797621293473098669809331677855080030899529217
0.015707357920937571908733230847454654609223917937912155081372446015719734593055492438425212012434127743298878529532515773980149825
0.015738749068171918043764789484827414403781244403981296243779822870544054283900382464698142077974151937897403421895491309599112162
0.015762319849560203926151030345583055406499947958970547219278425049423613403219363928046990711639263197472086813207116609114729761
0.015778046769234932550516256210069903775770205807547634508026805490115343554516540480476830453559283195446565386900349878585740054
0.015785914150260548563905236008657970569574141296095414311107619050378142371575789175280864133503380524106552059022215048545998625
0.015785914150260548563905236008657970569574141296095414311107619050378142371575789175280864133503380524106552059022215048545998625
0.015778046769234932550516256210069903775770205807547634508026805490115343554516540480476830453559283195446565386900349878585740054
0.015762319849560203926151030345583055406499947958970547219278425049423613403219363928046990711639263197472086813207116609114729761
0.015738749068171918043764789484827414403781244403981296243779822870544054283900382464698142077974151937897403421895491309599112162
0.015707357920937571908733230847454654609223917937912155081372446015719734593055492438425212012434127743298878529532515773980149825
0.015668177699235412477876823692811243505481110984824233736408646227237335835752223305797621293473098669809331677855080030899529217
0.015621247458762510308874922333957902428626633058673365319798182611215828093290445446381899208265694908328338184946148733905955199
0.015566613980603191350607124337065847245548881255508570060281693840390069598603186358261817299681177842683039781397840790516067088
0.015504331724596634708283477059399698270613150278983368691093007627822865880577285544174661354412739974433506005253071040732351371
0.015434462775050120576056528241433967217662895580280274468052254818128567575784983769890525052151600422183524770788814405470983067
0.015357076778852042552185410484961337995221247476286099863225738806454590803199517070586514890438275651928782261030172087776636671
0.015272250876046374631972904457266747318608128811598312653478120996869598196812953906273789433673555583843259226305871479414063892
0.015180069622937797759619285330788574293330278690807929724569699973791940605948634014366289481078288970803566904209983156380846961
0.015080624907804136421129048788564877773990508656882020193837903333694325926722536183708377332444754684503782431079643212102658531
0.014974015859300124954531343438893194317312568244875294926662788907120699215838537788603972750898160984253276858386981028164857196
0.014860348747643808695159139483854922706065356131842323702391367235190163043314850779211038777170800972628398599225321495397212055
0.014739736878684079500289326272651024184042650874418112223915861157785162339455809017746042905519124121708050717113413351336367687
0.014612300480954941437515199873734730808841350497558899347267308351795947523532731615488876558860829767501298984798843135603997298
0.014478166585829093401117748409816478546261434059114711522223744169358875795334975657503969483059435192783407211510464974614417934
0.014337468900890294171661970933016328385563356513449949459453164716807048614405429531408804787169371121622182949332904609181737209
0.014190347676650735099180621631884813361895720681342097933837764317271026318122854508282878908428512158233593125071065725573075868
0.014036949566746279431439040589214817618511452520422999281910754311033253966736145502063778523364324732447826697852715979273170521
0.01387742748174892871314400502871556597724129547364864876570047406990439255008178470380951973816422752604491272054299586133881376
0.013711940436742239168825545425898236332151774048510296935467348238207438722891157311023923872847120759942103172932215312877638104
0.013540653392811628209218141821539359820889935699252123770148958793940731989573290845155789130102020417078215684205922692148975925
0.013363737092607576970829466311562880312099877326925397862041588230711219008982974671464602016039903719144620527567634823772773036
0.013181367890145643064519553547182892815213106362002784428256487463388297807322047485016627865654940182480804209226973694296953727
0.012993727575012942581832788160327059493828116015075739708941671244258097004172248593039435103732344645972254607700148736654500956
0.012801003191156336160915132667336459190352758262480228835047628196751525197577448916242589815127976844086266695560524345923950169
0.012603386850432954989077641911740138306561093157523704104209040273936351038658458617069990618780618462811250714952659868409001826
0.012401075541108923632525271886595901034424749092256955013733047010600697384975511341748642994952984943281142548404897905993398475
0.012194270931497172331037532145961610729829539261232144361814539175141464219793052796617119226213195802711588561963965820671442552
0.011983179168930076856722260006790632272900733758728439337912960464325911710179289183031875535305074437206400443457877419618549015
0.011768010674267314381304475489922087034441382241613243907369937563625429650449819066718854184024396834817381377508706761648436321
0.01154897993214377439019353876697166239646917202753821003228036777842371741276697684676225797125897759043296223848756226438313846
0.011326305277166610087345005639217992827995573502783061372959306967328510687316610975288947373095099261720942139508924198479332381
0.011100208676274553719789037218430993324708776376019135709265913847197495079210250746456158000313752773111062748337796027190199709
0.010870915507476444789483846893528609705111107372227482083238876920838565768620863655245429123566025282623699238770080226359146396
0.010638654335189529399490201853238837374023137166551097788081593899745498026020324756732947112615240325488919272067053720204832163
0.010403656682401478403543300886818629576107697773924436737633205036740811225807122939290819353819931466013222066157687906799692323
0.010166156799883238214271783281396392874342428165375036517139580067998633946341549229464358798521858661970763420094202495671016745
0.009926391432682767919456950581003893545734694180184640979533021095634178864644924082313843011933022306272236630989094597988091787
0.009684599584132426827387768079192699375269328694981936137646945610338519453574028339251058574532622868766831462567225667604543332
0.009441022277605255009691756623397884609757925633734233930125364422277434414660605122655266585500342825249744803224478853900856515
0.009195902316257633362438294098679275113265071559547771165395898085979852854286538127015672535290871173173241212961609919479351055
0.00894948404099781692699855045755211571944722362489009505772371855875570583492529850002903025543085275491714545721385529384175131
0.008702013086921603700264046529529242439876769329483707208469785070773069118162953874615495407954354562834629755965339981455664996
0.008453736138457929156506238824243895946095718956252544480848860499330520411076842039150122202829456561784049560168589505970487479
0.008204900683468462677266256047158585804593452079586422454292177288807431447219577955325342090174740322093937213376331175598777674
0.007955754766546324759309991576946400560258223619768118955147697869165786225418521075943323010145401977852247711053275122450686421
0.007706546741759842204509423593486653860332864458020284099099157766404840484782716722193994145637814785448619739812132096721507044
0.007457525025087811693719771583149445302083590789939773370422889905778823550432477032423138383581398139839346956006560684156554896
0.007208937846793049657873899352185403167337309218486429676807761161870062956768902986495509020170999009321561697037606577892039025
0.006961033003981067877076436688288811620582503856976704367956846276189270135843364013980537339867194890580412545176297124566415784
0.006714057613590529701128371695615090776189316682995176526433989845107467854420620266106138744134110983462353566354832909418858253
0.006468257866061711376599209038510004281726778213690387550621063997273455009152709199279187983453881690320014384142871391974358428
0.006223878779928517115328563287460627758216656667655034114566937337278646492949629950824746354403123022898744399105783589262840613
0.00598116395757867592078447389666087425363721899688027608277215958282350105080626475004171515885718283757612674520755818462911883
0.005740355342425583719724285874301804668318960058217837093666676862580465635027517537379921737165830619885497176289897148613541223
0.005501692977733847187863643102818451272903482412689421537259625051640407977219621874667680459593573620538628851686928298724013994
0.005265414767338937212446424254253483642485873238069709645446932097843490538707066828350514091784406441658644866187237980831152058
0.005031756238499471844929950268597036590548930244755814314899423659279157146894039990037966122767671917281591542037149202336448493
0.004800950307118522745544360468360146588806889418952761114465241634348118923101407581877716986255144465898021560727020966114355867
0.00457322704556797762734765462389825037746423841294170298004853144880224456235417334453450186767054825037750835900853475075647033
0.004348813453347396424567243775003634083908078275841247280666638062946661573148329709819883255463682547859135429120953305686275876
0.00412793323080597342503089938667457149127608161977215679031527918493307534454848199762643296452453344151965918876217506868381089
0.003910806556153164235849622128090178768740963831652635849099762684352634980419389278932374637989546323441228683254204340983740851
0.003697649865980258238888426176323773041132178742827955728156387189259722454925031546699127688437750000578497197038487720515571495
0.00348867563951167740574199200963462382945971832092753923606718651915694485310300973942850837648035945528383157542593027975853202
0.003284092186801064469584193538736867447374336566200447974796013557258221725947862800536634195254436136044734603173889148652977956
0.003084103441083291199439665557680516282405178461669327618221077999092328614068592352716279703701771673249384778394262498438463173
0.002888908755489374810885977138084491342447229302792935962469792233458897985548878479306279671051519649220181151607329148157840843
0.002698702704326941505481572665906457140473029809617037723575465573446787523179998209605335326376978377071600184590228725579884863
0.002513674889124325094546796097498545603401086896432593945084967798060982804678748628819429897241348026485086299010694700405886672
0.002334009749631640167875350564213567173433115766366475324838410956779761395805420596812845522782560165834231513467817024652878037
0.002159886379967228047924599105945362398567405030335989448522493560313838140229352302022371405607272909936160393023141071114282574
0.001991478350092744750540767853382628368921012819941829521697267182026808493351446814488623510691845341529143489467943177317304484
0.001828953532794848467037544508802181202038317378872424511181916023043593787010266187770298960645323318217797863499598463381429949
0.001672473936345954984288067245437487009591998388383794113198363435409956592169182556755944222788565941183590370278918072089104344
0.00152219554301086844106329154547673681302148462920745185853924048445170092245153865217648511631645305508154998996545093989354912
0.001378268153560267523180486929107276384710863830541992238166640264685545850746533603640905447445870168617153571495366223164454496
0.001240835237946039435889205086780655501841846825872221826405584616623801724375396939467524233257672831347738544709546453146878146
0.001110033792287311728051986601444802630507217300571273764686278562363563517116004166460791318369711745915672479613704134101560689
0.000985994202309741401815540746971449884225924327819909332133805082725665641049804126565515164728068954924938657114890620264309381
0.000868840113374187994262759220445144988417391703818487593644475439135220573531123549003436241259348463655055864837144787797318094
0.000758688307224328876289021576438490243016319033248362196622862947008564881301067855049664255734334173622998121677915303616982618
0.00065564858557607742622290067136387193085519317919353151080889000934123378045941689512240275725086199135488045967638487007392309
0.000559823660664844677812680040381316797936797086220216890195049678756302745792210491106358140770532832447480104414678613819290884
0.000471309052859749312508085487698096875690982133664571142850293915076257085575121074656541503352445823490266396605386597608712008
0.000390192995446836378167503107575987497165333857032452143513311874798103168822274778886549070909210934081847501644962173237975837
0.000316556346676218892513344713277503026716487157083412956593246309208798594712486996436939646340599400563324794530719908300549496
0.000250472509160815653353434253236456238091951921257072743035285320236401969525692641716384989523524749238779951161149347605903227
0.000192007356707030346607425041536054689289470263500639546204169125583750132254220349578469289087237552572465889688523972155137966
0.0001412191686503087224643290752339071534922495605427127252439513819765734445422511199038005999010327460192194929273618347600005704
0.0000981585717610295843254465855998016685969373139239169964584287430058080978407050330307633994360466831436717748016377598535928688
0.000062868489778639061805410663723287663602355126615550066188091313703479668569543097270204979685962987733480554957742765724530201
0.0000353841006243336402621287963994244196530948418901800872626145490939237898661924627107762556929279203477472954419763739757511975
0.0000157328013349432749354853358354241191253954718520858594529947469066475585053925303344272506145103851375453445589064697062177351
3.934180752969257612354845559623924113867914541462150973561503237115243510029731199190004345231965900640937917489804649503858e-6