0.00015875992016286602431038791512697460140765494614231683081001954236802427308101659989001442953224479626411061496193395762133993044
0.0006331783657431337603542887390445423357736212194386521998556081281186188173684271973309701831535206603686583593803630975070062113
0.0014176932142312959207732038583115607976598944915511108447921422313870815085907918719894524118452367039775325988532597103090160098
0.0025031067463175951328809586543055893556801640487605290277988881520459942243020994903100552114802773152560570612332182233736800539
0.003876693480741375882028339695743722180594351342539666918726645073557256464634713176290878276505649126545419852509107450750833724
0.005522349368923847224650890741036365332446385907245319421961111891143131634756448613879629625511337947713660747389501600360866078
0.007420780600213597081784844832793800318322054444583052932049719521220238605041766573804297884435181283639671055569068402001303415
0.009549729804175980740167515046778035701969806858035760972204386937958580737896773621051704733741385288654873721872958444397259204
0.011884236997911359206241701426027540631202237959993448882285993911385602524681549419700013988462820853952327586203426456359851618
0.014396932219033467476685270403393185712164186115912211273044589400042946462837790326810727575224533482558033819998457057044809237
0.017058356413453798241146763361386899447504440526372339376404488003077838934255106873396500809926495224364999339494157447074298348
0.019837306815856119617424995623020581219622082578798090237870719141518154154307151909815221489534710922325550785656291456945560099
0.022701202773590847577946849738614540732012034949802626731645204631571664211227594460890797144200243555138415952923854921533382377
0.025616467725038587527165772410424596310516979688721179646801946299549833965415438328091382442391920875204556670989545649844524903
0.028548922854095778653224630749566832727365251334987541404490201843688379936070923717219562822127338917591099993032563085450196556
0.031464187805543518602443553421376888305870196073906094319646943511666549690258767584420148120319016237657240711098253813761339082
0.034328083763278246562965407536970847818260148444910630813421429001720059747179210135495723774984548870470105878365817278349161359
0.037107034165680567939243639798604529590377790497336381674887660140160374967231255171914444454592764568430657324527951288220423111
0.039768458360100898703705132756598243325718044907796509778247558743195267438648571718500217689294726310237622844023651678249912221
0.042281153581223006974148701733963888406679993063715272169006154231852611376804812625610931276056438938843329077818682278934869841
0.044615660774958385440222888113213393335912424165672960079087761205279633163589588424259240530777874504140782942149150290897462255
0.046744609978920769098605558327197628719560176579125668119242428622017975296444595471506647380084078509155985608453040333293418044
0.048643041210210518955739512418955063705435845116463401629331036252095082266729913431431315639007921845081995916632607134933855381
0.050288697098392990298362063464247706857287879681169054132565503069680957436851648869020066988013610666250236811513001284543887735
0.051662283832816771047509444505685839682202066974948192023493259991192219677184262555000890053038982477539599602788890511921041405
0.052747697364903070259617199301679868240222336532157610206500005911851132392895570173321492852674023088818124065168849024985705449
0.053532212213391232420036114420946886702108609804270068851436540015119595084117934847979975081365739132426998304641745637787715248
0.054006630658971500156080015244864454436474576077566404220482128600870189628405345445420930834987014996531546049060174777673381528
0.054165390579134366180390403159991429037882231023708721051292148143238213901486362045310945264519259792795656664022108735294721459
0.054006630658971500156080015244864454436474576077566404220482128600870189628405345445420930834987014996531546049060174777673381528
0.053532212213391232420036114420946886702108609804270068851436540015119595084117934847979975081365739132426998304641745637787715248
0.052747697364903070259617199301679868240222336532157610206500005911851132392895570173321492852674023088818124065168849024985705449
0.051662283832816771047509444505685839682202066974948192023493259991192219677184262555000890053038982477539599602788890511921041405
0.05028869709839299029836206346424770685728787968116905413256550306968095743685164886902006698801361066625023681151300128454388773
0.04864304121021051895573951241895506370543584511646340162933103625209508226672991343143131563900792184508199591663260713493385538
0.04674460997892076909860555832719762871956017657912566811924242862201797529644459547150664738008407850915598560845304033329341804
0.04461566077495838544022288811321339333591242416567296007908776120527963316358958842425924053077787450414078294214915029089746225
0.04228115358122300697414870173396388840667999306371527216900615423185261137680481262561093127605643893884332907781868227893486984
0.03976845836010089870370513275659824332571804490779650977824755874319526743864857171850021768929472631023762284402365167824991222
0.03710703416568056793924363979860452959037779049733638167488766014016037496723125517191444445459276456843065732452795128822042311
0.03432808376327824656296540753697084781826014844491063081342142900172005974717921013549572377498454887047010587836581727834916136
0.03146418780554351860244355342137688830587019607390609431964694351166654969025876758442014812031901623765724071109825381376133908
0.02854892285409577865322463074956683272736525133498754140449020184368837993607092371721956282212733891759109999303256308545019656
0.0256164677250385875271657724104245963105169796887211796468019462995498339654154383280913824423919208752045566709895456498445249
0.02270120277359084757794684973861454073201203494980262673164520463157166421122759446089079714420024355513841595292385492153338238
0.0198373068158561196174249956230205812196220825787980902378707191415181541543071519098152214895347109223255507856562914569455601
0.01705835641345379824114676336138689944750444052637233937640448800307783893425510687339650080992649522436499933949415744707429835
0.01439693221903346747668527040339318571216418611591221127304458940004294646283779032681072757522453348255803381999845705704480924
0.01188423699791135920624170142602754063120223795999344888228599391138560252468154941970001398846282085395232758620342645635985162
0.0095497298041759807401675150467780357019698068580357609722043869379585807378967736210517047337413852886548737218729584443972592
0.00742078060021359708178484483279380031832205444458305293204971952122023860504176657380429788443518128363967105556906840200130341
0.005522349368923847224650890741036365332446385907245319421961111891143131634756448613879629625511337947713660747389501600360866078
0.003876693480741375882028339695743722180594351342539666918726645073557256464634713176290878276505649126545419852509107450750833724
0.002503106746317595132880958654305589355680164048760529027798888152045994224302099490310055211480277315256057061233218223373680054
0.00141769321423129592077320385831156079765989449155111084479214223138708150859079187198945241184523670397753259885325971030901601
0.000633178365743133760354288739044542335773621219438652199855608128118618817368427197330970183153520660368658359380363097507006211
0.00015875992016286602431038791512697460140765494614231683081001954236802427308101659989001442953224479626411061496193395762133993