1.9145456808378414409675751303125495109552107285575939816658505187538147529294907283385347383324987511853811604502630814857348358e-6
7.657001962064015437613434420814153833942926767347555915347713323712760045436321223354819695792022407776193407037552712779388939e-6
0.000017223827288029556579891896090654205872810099988678612627134192222184846303769357486654548431451657758131968078191900729612576462
0.000030609121492914028881365486491412753046707404202099261598939729972271191069211259676706227056758676163433683263007728497159306348
0.0000478046294395456696107352178589091785441713813308119779428980228935213156737392494249793552029244845167491679414098276223213985
0.00006879974611060735619176361807223651567846488186516428108536171573554162945477044176499303477339533326856296697334162759687540309
0.0000935815231490884873296078704088555633636448456877809733222305850323218617972445288856986654480069384749049660654572924412178933
0.00012213467684394907341710705239051980357464205030213149953201938367639567753040457717989376133607726372036320900555215993702117407
0.00015444159755607102288438215649031771350087604951044694265417373265791622384238813118583532294337289066350861537932058177881101428
0.00019048236057868334017747700393748336673449885555470398157732480659815738325964042460228427151528847667465917925793162380141901429
0.00023023473842556326531168995375781159294910859288396198193429410424405403882438183774873884821734033233910856684600560524634773457
0.00027367421453943483005658792484721439323771402642396216727159850978214458306006822947503585706753487825429681582240998617383249866
0.00032077399841211042483869553993784629718388646998871330440238340093111024608988870952040067687917588136366205091150039107606923572
0.0003715050421070503035781991624579170465665189061629817207566012384733516089134837958606372636847499266032776411050170504639014486
0.0004258360581741500378756818906864707127078628365644073982169246675980102176608357688192549310501330148232451220470540952854207659
0.0004837335389457073006550272684396585298578097287722554941823930421647186504977195393246588968810396875043657233845279404226545938
0.0005451617772016675420944672596545147379975768888431205288927841771342395443398171681753107878629273146811270825876982538742716693
0.0006100828881914036427821417981517963912396178322282686647403051921872879345099795173292336932978113781800418268153844110776693577
0.0006784568329984480113318923797697733405571915964614158543198923729855678924189452548898616859637219819576031554777285764478036869
0.0007502414432337673521581075975485221552408493108219812231972929929403597022970402194493955969750322155758116390229205587461726331
0.0008253924470423509745382042116703015313351658021123715017110683373536743726974309741246255047953088356292784859898104578772241093
0.000903863496407073551809817936055732870506490508203751787274619944677105889226208257507149097302931883945798628413343765744541959
0.0009856061957329931690865247138184134266289744922797509458738478150028139920810566206275007834611279566638565479338260318418168629
0.0010705701316944558126598476358080686594167117970218366610788424376631586254590985861610955066129225528110869047049254905085776632
0.0011587029043265986413104459777386674615736316060020680368075020396400982368233401272614664618505193505893444627747393253541694992
0.0012499501593420769193964743741219759540110716956102593268349701971669301910509237253342265329602356001741515078400850795191350842
0.0013442556216530838571393814642846132374643647082220866473056858146334391750090752815439319280589410719166621731598798686718050989
0.0014415611300779892610107144469255585235965320900294436408603551600526003121301266157762071317808458287187393935276762006543580575
0.0015418066732111923049808095983064051102020107547472324695862855719407693550269111153687580490223223169143083204256523380601500481
0.0016449304264340663422010180051250215789367243289263650755381792943150999920301275056382709723802424828539678326245091797667299052
0.001750868790044169928893331234674557116408122850876203079707538889553880244224324177968278309160484524830719420723329914565436508
0.0018595564284792085618386101510364917061834775355145533778841940513604975396389526942550154354410013366219034772435900828951290766
0.0019709263106115564632287681442238027741196837737010810562172972297548033709461230986937603761287582653703478623555755852366803374
0.0020849097510884874981765922827264004679049879970514541341563072386105036725092510742976991763842872919714934928522049170285480872
0.0022014364526926193880556594775820733722782384347474298238729364526177358365276324953476244578140041533251062759347743921348199213
0.0023204345496964461848160284437188693977373835090368569057198105648014193601282510555448877549688254754727785558307614222737918718
0.0024418306521842208855355210889468748060125775748101201757810221456259422426036229885642630164951334159093196027743142098891974649
0.0025655498913138534708310376128494529383965184072752017990882908899833183857286937687732949067153196908925262032824831136806199289
0.002691515965490909913309004126652268866011539420690951569632300309787472059886189744191847220971536056360201182816658647126722817
0.002819651187426235180521273467897534653351172882173145748576058579275619673245940657568240626007033454971719850361503709391695047
0.002949876532048178297837642052651655676382460902247314816369562916048585319060473978340046328663246622226269606067146332416174117
0.0030821116852398704763422108430220766712589558147437113132153105345740520443908574298999599296554049831839284262354159977714932825
0.0032162750933714984743629797294695951520618459504891465280341986073191766204186572448833103357236394180628856203635820843111857076
0.0033522840135970250623679932257733727179651471463398432899766383875807483580385999449624807308741912245931178183342982048807301011
0.003490054564884337002089981091457781240343043721204927621044025947294891178274219856951060243766642864044590480978740791517991908
0.003629501779747348622638459244141195925340957211230299390163396577669425859375322552765533442377969515901576758455842421126978787
0.003770539656648156157988818952858139090249398464526613646487221297184979198944633891405962713353045643551524990002251505279067613
0.003913081213036924768596579913225699225682213533204535547259547388709256264239085860589654824409813472427932365824830810659082411
0.004057038538996796859830994709300226299671532573222420951192640221127117664306174281343127807194848049101924175048380651050838168
0.004202322851460737174022403057484999838990404287976601727449368917823715925474505718903153719006411367065250043761318234019733577
0.004348844548966877401296935485594866080577732008180408832541188139832492060247164655400068069360058629166887969368155945339108777
0.004496513266918590944571180507317287199746656619204012534215938598008209316286191811064390313562538727750257248836504192434376214
0.00464523793331521719092094673976783079085035876860797254840086962331318408488753377959128159430808915950608731775439538038545951
0.004794926824919064377000507984233011789966351425433602256703041994060315126374672431292100410876773956363216475598068415549160221
0.004945487623824051069287098534269299810162406836346932080860165016018464755731013715950593092901013112829802930166582700337752784
0.005096827474391098576602054172476358339545034756042368274906089675746787266140240377409756886821796515441998526124869923865061438
0.00524885304051516042538139875005698076190531059124730746028643831406687845262491505838888393191028372788950900372090707711185121
0.005401470563188570497031569213459557053857692454068514190784458483442603072930496913806780850235629736695092699375032559734086381
0.00555458591832520867755121870633669512554962108326189991831373879405127766208508780516446490487770846091619969254978132718578018
0.005708104674809822015134861055353293385354188837969273793675923633733301298814300128829915885322720824135827915136477975582019635
0.005861932152736700520902591400387842810680284532567065877925969376924136163521985222309825562079814592389276727296832872511408159
0.006015973481801789966861973231973725134411796499109563864302241275893737822381996681884275186691962078090667763352031272951414263
0.006170133659812229405726006600798931048954116323477392986016980855386578657014392809197745265232489208261384508474159710640742838
0.006324317611277228717645900764298760677150268199902734679250657002793116704823473268924288633256177602102784025112867541585223359
0.0064784302460441513239326189852392110438603707207267449354329438741724716278401358882665449068289101542959938774209130691870149
0.006632376517943639328375187127865755545399137037017643268472444722871822775844873121170016298622797871565857336253851210946463021
0.006786061483407612770010715557971151251300140541382722440451415509292888219537442046412941753132778896310853739678120126933814044
0.006939390360023991400600336828953852627733110497860814923283673458591657314530799501278532273787101361977726742008905007781567083
0.007092268584992026425299256483417412391081171272821302290312050644681810247880746030943609087939083258186678120070685109103459618
0.007244601873442190942009746511540366444642036295175607275328339183532093705424200341771999205527559975430134613158057229754758033
0.007396296276584661345869368377846878917294803678865579244207138532899127275009840695977248028419289197666199358444989544145291235
0.007547258239650527678736789968529729135305022038166616583406977516055493763864009439663904484932218072362012679195619734577617938
0.00769739465958999873419743203453367854078914636498844148469650993970908746835915098872983919445061498314084742889097812172042596
0.007846612942492017597683606183500781050701162880751252673640960202027444423925569979272490989696338054806659448975382253110423914
0.007994821060689875116359758874058503057875995318242340586970173558465733745134390987734037038370811171358904526836877831339425195
0.008141927609517602448499097977452019767223069146370940255390691498360973700895065049659189316708425172513054120756095196872790317
0.008287841863682139217739998463570076357379737333754524974908197833916719961144567656922968833563926379809112542906190473031280597
0.008432473833216510761030132480692139495624331049065278464746021456133341374122929258075576865917269688004317782534770614746983043
0.008575734318979506364100359932846695280018150924941095129354439088919092155819776890674140295960007310014054152397949878761618868
0.008717534967667630065592435551797457066069856269886942329745720616274422772124894335405437947547541984425457020037222956449398017
0.008857788326305396408002484347953398041248359241600324146038383002885350941715974011264412044745698557757348172039766111417138206
0.00899640789618036523488485748271220019059781483577059032859792897628504867567003170798423271728861219222136268651418478571248347
0.009133308186189652080872645261808586090094627035743380257833695791274501266679556109342174904169878460722110515891946628871658658
0.00926840476556501366281375460151256999131655403462901815701687099608555053062760241879340316420725929521496994761098553235455843
0.009401614315943991232844990287466874458313496837278176236919447133640600844025982638511704306428872015490726158608710376114445165
0.009532854682754997861166977237196038830829132522056407627354542937082565503232335983350224310474300725506747664114698368193497007
0.009662044925884658828907791913962209664262919771018005636366775723536257579207530105325642084440492107822365587730894064895985003
0.009789105369596156968825805746795186019209968205459502506748076159753568230780215619621767103150506788030552893019367313214254675
0.009913957651667796720701590559748688291733842917881394665741027422008139617936327112748928354601386832275005659287331587969969277
0.010036524771721481584218410561750512031746402975435158446155404288345201159769265792223235919514874775519878721762421601855735905
0.010156731138711299258334647149754031771893797926187081169159782943999953358487056193669136223496600460212654506671770446850713917
0.010274502617542926744486416488149445926193206327637443459168803697790427006202023666299594053698555658567281920925818697080139007
0.010389766574795103741964744805243184767245759832596758669578258165379109302785244515720003828551180038068288347129147109370788132
0.01050245192351497644688923734808424334744154751493890481706295755736872526404903191581131251704346373390664981918875255437966745
0.010612489167059685039813555589396766787275500933859479779454023997504675045721286704087061237429595673235037038137495076041168282
0.010719810441957156358886248004860903252024868294927795101102538294391655314612962881472468142240781159146334654580418842962735466
0.010824349559759668142884560294616727991818380118491097289652309069022713303736293822116770040038398561072015863726692255284450209
0.010926042047864372418285463603496597338805570595371847606772724896820130576212684263857426622769647735523394793315582066976481082
0.011024825189275602713729724789047393956859052133640335034967544519555569216549762182012754020114438719433794711293220975987616136
0.011120638061284442420845874810234831689600156215625196690035100641450485248653182807784796677619319661261599805922426310939693833
0.01121342157304169937993024628881056915236561709259403495792010254120800758587484216861396161254184007019860738921137348107542788
0.011303118502001114240598283650938618517231582426018686216308232487727418942129839304262873784291320164316208164864557495696593433
0.011389673529210326910329099195861654307366292314183566928210921767544360822467988065482459059433010568791977594654994202557052742
0.011473033273427836028103945607915275051961994049678141928284607865458163340897117597779229872386911511422926117787392074007037011
0.011553146324044910447825278338509887726655690888955984270986588900490729918978752258755595336451477673569224062271300059648575998
0.011629963272792148740353249057887047677951830583358396796446392981644008948304890007810875299388933630327459596382567374332954018
0.01170343674421113226926454112077079799046110552940535878164850877118909547255142731791956568974098124570645107444725543903950491
0.011773521424872379001555377954588475550461359046276332449999129307686568198748221070551940769045996762991537822700452780631556138
0.011840174091321578410769560898219576132154486921435194086868126967969660266590416063104812275212648789955145948452633957666542809
0.011903353636736872139578770019627081206535726250122734867247431750027037920723063375121436034410349595513336386119546564085043963
0.011963021096280740027967417352226458450063432758058928200854742565940932048076340290451649235298917661382614606975623549712543923
0.012019139671130856191613804687383801981522666670945676939206973348130290697157174831301942060735297273572225488160881809745431596
0.012071674751175094556295697352260159441107010651506660553248897096519741717845140293874984089364638390446567081965364243879985535
0.012120593936356687115717151189338794318696947074724075396281516563519240167103039853300665892721713326658777528619517035454636241
0.012165867056656370673952858106120302811159705906630180229426951181244831658441383723146749864502796958312651071236461508750799689
0.012207466190699198446310970395153276620569779092967927886392154040417674972973634699072030944101036089812320714398158890462259641
0.012245365682974541105392764110551740881528024044642761197094182981745443899906451215104669814858396795766490789874903113127908248
0.012279542159658657149357653831837825452713751193194654751722416615432426603060829150097407206352564031581045725856927842168793642
0.012309974543030074309400254716585227813542620265430625597166091628821856609929664574110092392248097868980867894460616233601418052
0.01233664406446889157168823189410519451999905898689587955127765665435756065392365062053481210381242383113823956186011213973562977
0.012359534276031984730259768406275916335212846713782094173551121974959569261423213886380036140670951917072535926866615479632330613
0.012378631060596976673020261820371416764519179665837279127235073243028371096261222467314353514980457622044781237889208493105781187
0.012393922640568716291342603899983409760316695204765242115107636388340710499943369039802592217608977070252608308405089208912283399
0.012405399585142896450482084833541004076991578920122554061331807244649284683435086189077125765153153339247953371419306835832552904
0.01241305481612233131630400865565508394543468289792597324350626590747277254671343355495357745877609627990359390416685504254831408
0.012416883612282305954885567765335718852028476449426347539304433477852399994278345568569672418216823952391773078174557653946276118
0.012416883612282305954885567765335718852028476449426347539304433477852399994278345568569672418216823952391773078174557653946276118
0.01241305481612233131630400865565508394543468289792597324350626590747277254671343355495357745877609627990359390416685504254831408
0.012405399585142896450482084833541004076991578920122554061331807244649284683435086189077125765153153339247953371419306835832552904
0.012393922640568716291342603899983409760316695204765242115107636388340710499943369039802592217608977070252608308405089208912283399
0.012378631060596976673020261820371416764519179665837279127235073243028371096261222467314353514980457622044781237889208493105781187
0.012359534276031984730259768406275916335212846713782094173551121974959569261423213886380036140670951917072535926866615479632330613
0.01233664406446889157168823189410519451999905898689587955127765665435756065392365062053481210381242383113823956186011213973562977
0.012309974543030074309400254716585227813542620265430625597166091628821856609929664574110092392248097868980867894460616233601418052
0.012279542159658657149357653831837825452713751193194654751722416615432426603060829150097407206352564031581045725856927842168793642
0.012245365682974541105392764110551740881528024044642761197094182981745443899906451215104669814858396795766490789874903113127908248
0.012207466190699198446310970395153276620569779092967927886392154040417674972973634699072030944101036089812320714398158890462259641
0.012165867056656370673952858106120302811159705906630180229426951181244831658441383723146749864502796958312651071236461508750799689
0.012120593936356687115717151189338794318696947074724075396281516563519240167103039853300665892721713326658777528619517035454636241
0.012071674751175094556295697352260159441107010651506660553248897096519741717845140293874984089364638390446567081965364243879985535
0.012019139671130856191613804687383801981522666670945676939206973348130290697157174831301942060735297273572225488160881809745431596
0.011963021096280740027967417352226458450063432758058928200854742565940932048076340290451649235298917661382614606975623549712543923
0.011903353636736872139578770019627081206535726250122734867247431750027037920723063375121436034410349595513336386119546564085043963
0.011840174091321578410769560898219576132154486921435194086868126967969660266590416063104812275212648789955145948452633957666542809
0.011773521424872379001555377954588475550461359046276332449999129307686568198748221070551940769045996762991537822700452780631556138
0.01170343674421113226926454112077079799046110552940535878164850877118909547255142731791956568974098124570645107444725543903950491
0.011629963272792148740353249057887047677951830583358396796446392981644008948304890007810875299388933630327459596382567374332954018
0.011553146324044910447825278338509887726655690888955984270986588900490729918978752258755595336451477673569224062271300059648575998
0.011473033273427836028103945607915275051961994049678141928284607865458163340897117597779229872386911511422926117787392074007037011
0.011389673529210326910329099195861654307366292314183566928210921767544360822467988065482459059433010568791977594654994202557052742
0.011303118502001114240598283650938618517231582426018686216308232487727418942129839304262873784291320164316208164864557495696593433
0.01121342157304169937993024628881056915236561709259403495792010254120800758587484216861396161254184007019860738921137348107542788
0.011120638061284442420845874810234831689600156215625196690035100641450485248653182807784796677619319661261599805922426310939693833
0.011024825189275602713729724789047393956859052133640335034967544519555569216549762182012754020114438719433794711293220975987616136
0.010926042047864372418285463603496597338805570595371847606772724896820130576212684263857426622769647735523394793315582066976481082
0.010824349559759668142884560294616727991818380118491097289652309069022713303736293822116770040038398561072015863726692255284450209
0.010719810441957156358886248004860903252024868294927795101102538294391655314612962881472468142240781159146334654580418842962735466
0.010612489167059685039813555589396766787275500933859479779454023997504675045721286704087061237429595673235037038137495076041168282
0.01050245192351497644688923734808424334744154751493890481706295755736872526404903191581131251704346373390664981918875255437966745
0.010389766574795103741964744805243184767245759832596758669578258165379109302785244515720003828551180038068288347129147109370788132
0.010274502617542926744486416488149445926193206327637443459168803697790427006202023666299594053698555658567281920925818697080139007
0.010156731138711299258334647149754031771893797926187081169159782943999953358487056193669136223496600460212654506671770446850713917
0.010036524771721481584218410561750512031746402975435158446155404288345201159769265792223235919514874775519878721762421601855735905
0.009913957651667796720701590559748688291733842917881394665741027422008139617936327112748928354601386832275005659287331587969969277
0.009789105369596156968825805746795186019209968205459502506748076159753568230780215619621767103150506788030552893019367313214254675
0.009662044925884658828907791913962209664262919771018005636366775723536257579207530105325642084440492107822365587730894064895985003
0.009532854682754997861166977237196038830829132522056407627354542937082565503232335983350224310474300725506747664114698368193497007
0.009401614315943991232844990287466874458313496837278176236919447133640600844025982638511704306428872015490726158608710376114445165
0.00926840476556501366281375460151256999131655403462901815701687099608555053062760241879340316420725929521496994761098553235455843
0.009133308186189652080872645261808586090094627035743380257833695791274501266679556109342174904169878460722110515891946628871658658
0.00899640789618036523488485748271220019059781483577059032859792897628504867567003170798423271728861219222136268651418478571248347
0.008857788326305396408002484347953398041248359241600324146038383002885350941715974011264412044745698557757348172039766111417138206
0.008717534967667630065592435551797457066069856269886942329745720616274422772124894335405437947547541984425457020037222956449398017
0.008575734318979506364100359932846695280018150924941095129354439088919092155819776890674140295960007310014054152397949878761618868
0.008432473833216510761030132480692139495624331049065278464746021456133341374122929258075576865917269688004317782534770614746983043
0.008287841863682139217739998463570076357379737333754524974908197833916719961144567656922968833563926379809112542906190473031280597
0.008141927609517602448499097977452019767223069146370940255390691498360973700895065049659189316708425172513054120756095196872790317
0.007994821060689875116359758874058503057875995318242340586970173558465733745134390987734037038370811171358904526836877831339425195
0.007846612942492017597683606183500781050701162880751252673640960202027444423925569979272490989696338054806659448975382253110423914
0.00769739465958999873419743203453367854078914636498844148469650993970908746835915098872983919445061498314084742889097812172042596
0.007547258239650527678736789968529729135305022038166616583406977516055493763864009439663904484932218072362012679195619734577617938
0.007396296276584661345869368377846878917294803678865579244207138532899127275009840695977248028419289197666199358444989544145291235
0.007244601873442190942009746511540366444642036295175607275328339183532093705424200341771999205527559975430134613158057229754758033
0.007092268584992026425299256483417412391081171272821302290312050644681810247880746030943609087939083258186678120070685109103459618
0.006939390360023991400600336828953852627733110497860814923283673458591657314530799501278532273787101361977726742008905007781567083
0.006786061483407612770010715557971151251300140541382722440451415509292888219537442046412941753132778896310853739678120126933814044
0.006632376517943639328375187127865755545399137037017643268472444722871822775844873121170016298622797871565857336253851210946463021
0.0064784302460441513239326189852392110438603707207267449354329438741724716278401358882665449068289101542959938774209130691870149
0.006324317611277228717645900764298760677150268199902734679250657002793116704823473268924288633256177602102784025112867541585223359
0.006170133659812229405726006600798931048954116323477392986016980855386578657014392809197745265232489208261384508474159710640742838
0.006015973481801789966861973231973725134411796499109563864302241275893737822381996681884275186691962078090667763352031272951414263
0.005861932152736700520902591400387842810680284532567065877925969376924136163521985222309825562079814592389276727296832872511408159
0.005708104674809822015134861055353293385354188837969273793675923633733301298814300128829915885322720824135827915136477975582019635
0.00555458591832520867755121870633669512554962108326189991831373879405127766208508780516446490487770846091619969254978132718578018
0.005401470563188570497031569213459557053857692454068514190784458483442603072930496913806780850235629736695092699375032559734086381
0.00524885304051516042538139875005698076190531059124730746028643831406687845262491505838888393191028372788950900372090707711185121
0.005096827474391098576602054172476358339545034756042368274906089675746787266140240377409756886821796515441998526124869923865061438
0.004945487623824051069287098534269299810162406836346932080860165016018464755731013715950593092901013112829802930166582700337752784
0.004794926824919064377000507984233011789966351425433602256703041994060315126374672431292100410876773956363216475598068415549160221
0.00464523793331521719092094673976783079085035876860797254840086962331318408488753377959128159430808915950608731775439538038545951
0.004496513266918590944571180507317287199746656619204012534215938598008209316286191811064390313562538727750257248836504192434376214
0.004348844548966877401296935485594866080577732008180408832541188139832492060247164655400068069360058629166887969368155945339108777
0.004202322851460737174022403057484999838990404287976601727449368917823715925474505718903153719006411367065250043761318234019733577
0.004057038538996796859830994709300226299671532573222420951192640221127117664306174281343127807194848049101924175048380651050838168
0.003913081213036924768596579913225699225682213533204535547259547388709256264239085860589654824409813472427932365824830810659082411
0.003770539656648156157988818952858139090249398464526613646487221297184979198944633891405962713353045643551524990002251505279067613
0.003629501779747348622638459244141195925340957211230299390163396577669425859375322552765533442377969515901576758455842421126978787
0.003490054564884337002089981091457781240343043721204927621044025947294891178274219856951060243766642864044590480978740791517991908
0.003352284013597025062367993225773372717965147146339843289976638387580748358038599944962480730874191224593117818334298204880730101
0.003216275093371498474362979729469595152061845950489146528034198607319176620418657244883310335723639418062885620363582084311185708
0.003082111685239870476342210843022076671258955814743711313215310534574052044390857429899959929655404983183928426235415997771493282
0.002949876532048178297837642052651655676382460902247314816369562916048585319060473978340046328663246622226269606067146332416174117
0.002819651187426235180521273467897534653351172882173145748576058579275619673245940657568240626007033454971719850361503709391695047
0.002691515965490909913309004126652268866011539420690951569632300309787472059886189744191847220971536056360201182816658647126722817
0.002565549891313853470831037612849452938396518407275201799088290889983318385728693768773294906715319690892526203282483113680619929
0.002441830652184220885535521088946874806012577574810120175781022145625942242603622988564263016495133415909319602774314209889197465
0.002320434549696446184816028443718869397737383509036856905719810564801419360128251055544887754968825475472778555830761422273791872
0.002201436452692619388055659477582073372278238434747429823872936452617735836527632495347624457814004153325106275934774392134819921
0.002084909751088487498176592282726400467904987997051454134156307238610503672509251074297699176384287291971493492852204917028548087
0.001970926310611556463228768144223802774119683773701081056217297229754803370946123098693760376128758265370347862355575585236680337
0.001859556428479208561838610151036491706183477535514553377884194051360497539638952694255015435441001336621903477243590082895129077
0.001750868790044169928893331234674557116408122850876203079707538889553880244224324177968278309160484524830719420723329914565436508
0.001644930426434066342201018005125021578936724328926365075538179294315099992030127505638270972380242482853967832624509179766729905
0.001541806673211192304980809598306405110202010754747232469586285571940769355026911115368758049022322316914308320425652338060150048
0.001441561130077989261010714446925558523596532090029443640860355160052600312130126615776207131780845828718739393527676200654358057
0.001344255621653083857139381464284613237464364708222086647305685814633439175009075281543931928058941071916662173159879868671805099
0.001249950159342076919396474374121975954011071695610259326834970197166930191050923725334226532960235600174151507840085079519135084
0.001158702904326598641310445977738667461573631606002068036807502039640098236823340127261466461850519350589344462774739325354169499
0.001070570131694455812659847635808068659416711797021836661078842437663158625459098586161095506612922552811086904704925490508577663
0.000985606195732993169086524713818413426628974492279750945873847815002813992081056620627500783461127956663856547933826031841816863
0.000903863496407073551809817936055732870506490508203751787274619944677105889226208257507149097302931883945798628413343765744541959
0.000825392447042350974538204211670301531335165802112371501711068337353674372697430974124625504795308835629278485989810457877224109
0.000750241443233767352158107597548522155240849310821981223197292992940359702297040219449395596975032215575811639022920558746172633
0.000678456832998448011331892379769773340557191596461415854319892372985567892418945254889861685963721981957603155477728576447803687
0.000610082888191403642782141798151796391239617832228268664740305192187287934509979517329233693297811378180041826815384411077669358
0.000545161777201667542094467259654514737997576888843120528892784177134239544339817168175310787862927314681127082587698253874271669
0.000483733538945707300655027268439658529857809728772255494182393042164718650497719539324658896881039687504365723384527940422654594
0.000425836058174150037875681890686470712707862836564407398216924667598010217660835768819254931050133014823245122047054095285420766
0.000371505042107050303578199162457917046566518906162981720756601238473351608913483795860637263684749926603277641105017050463901449
0.000320773998412110424838695539937846297183886469988713304402383400931110246089888709520400676879175881363662050911500391076069236
0.000273674214539434830056587924847214393237714026423962167271598509782144583060068229475035857067534878254296815822409986173832499
0.000230234738425563265311689953757811592949108592883961981934294104244054038824381837748738848217340332339108566846005605246347735
0.0001904823605786833401774770039374833667344988555547039815773248065981573832596404246022842715152884766746591792579316238014190143
0.0001544415975560710228843821564903177135008760495104469426541737326579162238423881311858353229433728906635086153793205817788110143
0.0001221346768439490734171070523905198035746420503021314995320193836763956775304045771798937613360772637203632090055521599370211741
0.0000935815231490884873296078704088555633636448456877809733222305850323218617972445288856986654480069384749049660654572924412178933
0.0000687997461106073561917636180722365156784648818651642810853617157355416294547704417649930347733953332685629669733416275968754031
0.0000478046294395456696107352178589091785441713813308119779428980228935213156737392494249793552029244845167491679414098276223213985
0.0000306091214929140288813654864914127530467074042020992615989397299722711910692112596767062270567586761634336832630077284971593063
0.0000172238272880295565798918960906542058728100999886786126271341922221848463037693574866545484314516577581319680781919007296125765
7.6570019620640154376134344208141538339429267673475559153477133237127600454363212233548196957920224077761934070375527127793889e-6
1.91454568083784144096757513031254951095521072855759398166585051875381475292949072833853473833249875118538116045026308148573484e-6