4.818029849473484918354527367394226614126332736941649492832222762207817247555878169000976121196934188526719253443139886012480279e-6
0.000019266621938433912011634310108771677358280646575294061629297530256209772289966508326518839392123574726609754768252851925085534403
0.00004332929016120216920073966916990976591929836263366865872370660012766192778709872238161082945018752295190991098850420078820783899
0.00007697857857682570710987330453192520502079588696797848732491074233519466419381261511536433704538357603249219217109570793923880342
0.00012017609273680523217699870679408598112002813274730491573245504402339524615548283585278046348514060615435948041872704070863086217
0.00017287254349385694129467138675775368298393508252581799951590201968358155595083741037495388443525271252166000701660033550555266009
0.00023500780324172370555586650060369174413410563346248713520938688705829622175660941463834190579062229960437251424859703678610121551
0.00030651097452186455832225968984613147382973912455774634961839396209380222317601913076006563143851549612857852694321002048913802901
0.00038730047091874101034503976157533862486888844002191516448466328941609381752580954982440703679870996118997299790845781960127078
0.0004772841101513972027665887626772563799675024963212179820179765437004341462827949655379708194756493964426920949482097742292149379
0.0005763592192551147163146950733889812735414571531607283537645608885719351502821840424621525835158686355733430384049749212627082175
0.000684412751733127860497477460864378025947307778580499110058255011577053226162714947131130672229037370409880855357539499933157596
0.0008013214165447272104558700512929095541670738734340202289038511290849176973132647724178264917539096680214678122452414119641978763
0.0009269518187825736254211834052945973165883327521621490501436609483848809731233475136342066112560144879773137589756735260480009122
0.0010611606118787073815168756642050695799805732394676269483339682474897987979624005987613907343630002146199599907928966856489014436
0.0012037946611655826013811704445923369812857936111402558320756626629294254610583846319435870693144594337387020024072696610650392941
0.001354691218605500873236923450036775073139975333571228964824827850738880434905532296538399580012378543719121342301551558026984892
0.0015136781084890746059589211647537659813094133573345482538256397785699096652990242270887653825874794586320294975900999480935916809
0.0016805739238908348047756369424237729178852344974823154137424166094888770074262069712895761356957068850450516753969393664012347034
0.0018551882336578238553178600119062411317724246914628511917094787093562100133381011626562362764358077593498054343542611371120918366
0.0020373217996949955767578014088499628897926842957840376392946196798998648922774495067205386857382125960789845625073118499968914931
0.0022267668042994959608983582510053796185125807580683890448691676159382606375088649293680271550768835606134645498223550254308037854
0.0024233070872844320589171863143416095685692003472551060001003905878539499789307620292947035102724998727713526056851230314904519131
0.0026267183926215664939069213200742627220237909445974208152427719430592812851840646017342599455039230663979840233184967893917204639
0.0028367686243215138105351772463414349614855618895114707592782888522340275479763040269759635195999927044715889562940853969822441409
0.003053218111259474715978303846901301223401180394080363558394300502572544386929459207712412800251545849817853248446477219849931118
0.0032758198806443372452718403538824424998403138627393122179581718162457247155700449987425666587809487102223114134742728716901870723
0.0035043199398191116457642927818812625641903539516189510188198494999765418826535393313807389961657696809602798842017895359687104544
0.003738457566071159572452273552811749630773719529950258404235188952597605688327213186818111230006962446067310767937291730744149256
0.003977965604121538865364140906001757582917578202685581352257667854742221340241839653713990971940014143587962398485475568109820136
0.004222570770954023169976671214085353338974690052923529329267398645575022051459958331489294120083490682771704417356562240117061619
0.004471993967635980959507556049536343321645928235898418955769961659170030579925632887433598244348164156143973155481092052010315583
0.004725950597775320679512703185467728724533941222472094315928905868808648186882669984486995849552142494202707821544085601415059517
0.004984150892250136863389789315459353879678324516861776298438654391301164148053476053979460073451399207535038861499839145053620623
0.005246300239840534801791375378820189383129862130075724927901536217239514051543684279351385918431416231353589613409947316483174969
0.005512099523385376856152037288063491435668227844514000015872951832600894962145940291118955903400576121879915066685374301092822982
0.005781245461080389470712836568587025399447753298861405898772410458599598110894450046377578605002241373593479885435639418757431757
0.00605343095252820355160228760870013570005969479471212497850141223514905903949246147588267020045368059874979732564322472762850399
0.006328345429145478839358415803675228583209918883149699008052800665389896347165173764443950361332996988900634755971211469232809354
0.006605675208527291389400023938740665684305687787800584778150292964627877282936861283434968121888807766119917282799227274404590233
0.006885103852364447965962129781998000168124198306384239001258154154950613356925262121796020373904418165907116367154022404466446683
0.007166312527505337200950177489653446819718412567544935820589879470365769239863999542784504547247042241766946438763838264384739619
0.007448980369750339395675182946611311786011453386945242354850635693238220321656424638820142776700311850908238014673724613766046131
0.007732784849963698944450291314709850250807040621946530633613008641665052134934157208307649349333411574932847149368265944104729434
0.008017402142085119092137602383428528921397737524437978743853630388796044641137731880074395271410617309801601251387246448255139258
0.008302507492621171120089047647783439276644159734174429774793102875710417439823932629796391905215522146424666823098751504817985388
0.008587775591194921559817637208557974079254600477519687542276491706589670766015900696160784575118440584662150846327497455650261089
0.008872880941730973587769082472912884434501022687256138573215964193504043564702101445882781208923345421285216418039002512213107218
0.009157498233852393735456393541631563105091719589747586683456585940635036070905676117649527131000551156153970520057983016363517043
0.009441302714065753284231501909730101569887306824748874962218958889061867884183408687137033703633650880178579654752524346702200346
0.009723970556310755478956507366687966536180347644149181496479715111934318965975833783172671933086920489319871230662410696083506857
0.010005179231451644713944555074343413187774561905309878315811440427349474848914571204161156106429544565179701302272226556001799793
0.010284607875288801290506660917600747671593072423893532538919301617672210922902972042522208358445154964966900386627021686063656244
0.010561937654670613840548269052666184772688841328544418309016793916910191858674659561513226119000965742186182913455037491235437122
0.010836852131287889128304397247641277655839065416981992338568182347151029166347371850074506279880282132337020343783024232839742487
0.011109037622735703209193848287754387956451006912832711418297184123700490094945383279579597875331721357493337783990609541710814719
0.011378183560430715823754647568277921920230532367180117301196642749699193243693893034838220576933386609206902602740874659375423494
0.011643982843975557878115309477521223972768898081618392389168058365060574154296149046605790561902546499733228056016301643985071507
0.011906132191565955816516895540882059476220435694832341018630940190998924057786357271977716406882563523551778807926409815414625854
0.01216433248604077200039398167087368463136481898922202300114068871349144001895716334147018063078182023688410984788216335905318696
0.012418289116180111720399128806805070034252831975795698361299632923130057625914200438523578235985798574942844513945156908457930894
0.012667712312862069509930013642256060016924070158770587987802195936725066154379874994467882360250472048315113252069686720351184857
0.012912317479694553814542543950339655772981182009008535964811926727557866865597993672243185508393948587498855270940773392358426341
0.01315182551774493310745441130352966372512504068174385891283440562970248251751262013913906525032700028501950690148895722972409722
0.013385963143996981034142392074460150791708406260075166298249745082323546323186293994576437484168193050126537785224459424499536022
0.013614463203171755434634844502458970856058446348954805099111422766054363490269788327214609821553014020864506255951976088778059404
0.013837064972556617963928381009440112132497579817613753758675294079727543818910374118244763680082416881268964420979771740618315358
0.014053514459494578869371507609999978394413198322182646557791305730066060657863529298981212960733970026615228713132163563486002335
0.014263564691194526185999763536267150633874969267096696501826822639240806920655768724222916534830039664688833646107752171076526012
0.014466975996531660620989498541999803787329559864439011316969203994446138226909071296662472970061462858315465063741125928977794563
0.014663516279516596719008326605336033737386179453625728272200426966361827568330968396589149325257079170473353119603893935037442691
0.014852961284121097103148883447491450466106075915910079677774974902400223313562383819236637794595750135007833106918937110471354983
0.01503509485015826882458882484443517222412633552023126612536011587294387819250173216330094020389815497173701223507198782335615464
0.015209709159925257875131047913917640438013525714211801903327177972811211198413626354667600344638255846041765994029309594067011773
0.015376604975327018073947763691587647374589346854359569063243954803730178540540809098868411097746483272454788171836149012374654796
0.015535591865210591806669761406304638282758784878122888352244766731561207770934301029418776900321584187367696327124697402441261584
0.015686488422650510078525514411749076374612966600553861484993931919370662744781448694013589411019503297348115667018979299403207182
0.015829122471937385298389809192136343775918186972226490368735626334810289407877432727195785745970962516466857678633352274819345033
0.015963331265033519054485501451046816039310427459531968266925933633915207232716485812322969869077948243109503910450575434420245564
0.0160889616672713654694508148050485038017316863382600970881657434532151705085265685535393499885800530630653498571810075485040486
0.01620587033208296481940920739547703532995145243311361820701133957072303497967711837882604580810492536067693681406870946053508888
0.016313923864560977963591989782952432082357303058533388963305033693728153055557649283495023896818094095513474631021274039205538259
0.016412998973664695477140096093664156975931257715372899335051618038599654059557038360419205660858313334644125574478039186239031538
0.016502982612897351669561645094766074731029871771672202152584931292883994388314023776132769443535252769896844671517791140866975696
0.016583772109294228121584425166495281882069021087136370967451200620206285982663814195197110848895447234958239142483038939979108447
0.016655275280574368974350818355737721611764654578231630181860207695241791984083223911318834574543340431482445155177651923682145261
0.016717410540322235738612013469583659672914825129168299317553692562616506649888995915582222595898710018565157662409648624962693816
0.016770106991079287447729686149547327374778732078946812401337139538276692959684350490104396016848822124932458189007521919759615614
0.016813304505239266972796811551809488150877964324726138829744683839964893541646020710841812143288579155054325477255153252529007673
0.016846953793654890510705945187171503589979461849060448658345887982172426278052734603575565650883775208134907758437744759680038637
0.016871016461877658767895050546232641678540479565118823255440297052043878433549866817630657640941839156360207914657996108543160942
0.016885465053966619194988330328974019129284633878957175667576762359537880388592277447788175504212765796898290950172805820582233996
0.016890283083816092679906684856341413355898760211694117317069594582300088205839833325957176480333962731086817669426248960468246476
0.016885465053966619194988330328974019129284633878957175667576762359537880388592277447788175504212765796898290950172805820582233996
0.016871016461877658767895050546232641678540479565118823255440297052043878433549866817630657640941839156360207914657996108543160942
0.016846953793654890510705945187171503589979461849060448658345887982172426278052734603575565650883775208134907758437744759680038637
0.016813304505239266972796811551809488150877964324726138829744683839964893541646020710841812143288579155054325477255153252529007673
0.016770106991079287447729686149547327374778732078946812401337139538276692959684350490104396016848822124932458189007521919759615614
0.016717410540322235738612013469583659672914825129168299317553692562616506649888995915582222595898710018565157662409648624962693816
0.016655275280574368974350818355737721611764654578231630181860207695241791984083223911318834574543340431482445155177651923682145261
0.016583772109294228121584425166495281882069021087136370967451200620206285982663814195197110848895447234958239142483038939979108447
0.016502982612897351669561645094766074731029871771672202152584931292883994388314023776132769443535252769896844671517791140866975696
0.016412998973664695477140096093664156975931257715372899335051618038599654059557038360419205660858313334644125574478039186239031538
0.016313923864560977963591989782952432082357303058533388963305033693728153055557649283495023896818094095513474631021274039205538259
0.01620587033208296481940920739547703532995145243311361820701133957072303497967711837882604580810492536067693681406870946053508888
0.0160889616672713654694508148050485038017316863382600970881657434532151705085265685535393499885800530630653498571810075485040486
0.015963331265033519054485501451046816039310427459531968266925933633915207232716485812322969869077948243109503910450575434420245564
0.015829122471937385298389809192136343775918186972226490368735626334810289407877432727195785745970962516466857678633352274819345033
0.015686488422650510078525514411749076374612966600553861484993931919370662744781448694013589411019503297348115667018979299403207182
0.015535591865210591806669761406304638282758784878122888352244766731561207770934301029418776900321584187367696327124697402441261584
0.015376604975327018073947763691587647374589346854359569063243954803730178540540809098868411097746483272454788171836149012374654796
0.015209709159925257875131047913917640438013525714211801903327177972811211198413626354667600344638255846041765994029309594067011773
0.01503509485015826882458882484443517222412633552023126612536011587294387819250173216330094020389815497173701223507198782335615464
0.014852961284121097103148883447491450466106075915910079677774974902400223313562383819236637794595750135007833106918937110471354983
0.014663516279516596719008326605336033737386179453625728272200426966361827568330968396589149325257079170473353119603893935037442691
0.014466975996531660620989498541999803787329559864439011316969203994446138226909071296662472970061462858315465063741125928977794563
0.014263564691194526185999763536267150633874969267096696501826822639240806920655768724222916534830039664688833646107752171076526012
0.014053514459494578869371507609999978394413198322182646557791305730066060657863529298981212960733970026615228713132163563486002335
0.013837064972556617963928381009440112132497579817613753758675294079727543818910374118244763680082416881268964420979771740618315358
0.013614463203171755434634844502458970856058446348954805099111422766054363490269788327214609821553014020864506255951976088778059404
0.013385963143996981034142392074460150791708406260075166298249745082323546323186293994576437484168193050126537785224459424499536022
0.01315182551774493310745441130352966372512504068174385891283440562970248251751262013913906525032700028501950690148895722972409722
0.012912317479694553814542543950339655772981182009008535964811926727557866865597993672243185508393948587498855270940773392358426341
0.012667712312862069509930013642256060016924070158770587987802195936725066154379874994467882360250472048315113252069686720351184857
0.012418289116180111720399128806805070034252831975795698361299632923130057625914200438523578235985798574942844513945156908457930894
0.01216433248604077200039398167087368463136481898922202300114068871349144001895716334147018063078182023688410984788216335905318696
0.011906132191565955816516895540882059476220435694832341018630940190998924057786357271977716406882563523551778807926409815414625854
0.011643982843975557878115309477521223972768898081618392389168058365060574154296149046605790561902546499733228056016301643985071507
0.011378183560430715823754647568277921920230532367180117301196642749699193243693893034838220576933386609206902602740874659375423494
0.011109037622735703209193848287754387956451006912832711418297184123700490094945383279579597875331721357493337783990609541710814719
0.010836852131287889128304397247641277655839065416981992338568182347151029166347371850074506279880282132337020343783024232839742487
0.010561937654670613840548269052666184772688841328544418309016793916910191858674659561513226119000965742186182913455037491235437122
0.010284607875288801290506660917600747671593072423893532538919301617672210922902972042522208358445154964966900386627021686063656244
0.010005179231451644713944555074343413187774561905309878315811440427349474848914571204161156106429544565179701302272226556001799793
0.009723970556310755478956507366687966536180347644149181496479715111934318965975833783172671933086920489319871230662410696083506857
0.009441302714065753284231501909730101569887306824748874962218958889061867884183408687137033703633650880178579654752524346702200346
0.009157498233852393735456393541631563105091719589747586683456585940635036070905676117649527131000551156153970520057983016363517043
0.008872880941730973587769082472912884434501022687256138573215964193504043564702101445882781208923345421285216418039002512213107218
0.008587775591194921559817637208557974079254600477519687542276491706589670766015900696160784575118440584662150846327497455650261089
0.008302507492621171120089047647783439276644159734174429774793102875710417439823932629796391905215522146424666823098751504817985388
0.008017402142085119092137602383428528921397737524437978743853630388796044641137731880074395271410617309801601251387246448255139258
0.007732784849963698944450291314709850250807040621946530633613008641665052134934157208307649349333411574932847149368265944104729434
0.007448980369750339395675182946611311786011453386945242354850635693238220321656424638820142776700311850908238014673724613766046131
0.007166312527505337200950177489653446819718412567544935820589879470365769239863999542784504547247042241766946438763838264384739619
0.006885103852364447965962129781998000168124198306384239001258154154950613356925262121796020373904418165907116367154022404466446683
0.006605675208527291389400023938740665684305687787800584778150292964627877282936861283434968121888807766119917282799227274404590233
0.006328345429145478839358415803675228583209918883149699008052800665389896347165173764443950361332996988900634755971211469232809354
0.00605343095252820355160228760870013570005969479471212497850141223514905903949246147588267020045368059874979732564322472762850399
0.005781245461080389470712836568587025399447753298861405898772410458599598110894450046377578605002241373593479885435639418757431757
0.005512099523385376856152037288063491435668227844514000015872951832600894962145940291118955903400576121879915066685374301092822982
0.005246300239840534801791375378820189383129862130075724927901536217239514051543684279351385918431416231353589613409947316483174969
0.004984150892250136863389789315459353879678324516861776298438654391301164148053476053979460073451399207535038861499839145053620623
0.004725950597775320679512703185467728724533941222472094315928905868808648186882669984486995849552142494202707821544085601415059517
0.004471993967635980959507556049536343321645928235898418955769961659170030579925632887433598244348164156143973155481092052010315583
0.004222570770954023169976671214085353338974690052923529329267398645575022051459958331489294120083490682771704417356562240117061619
0.003977965604121538865364140906001757582917578202685581352257667854742221340241839653713990971940014143587962398485475568109820136
0.003738457566071159572452273552811749630773719529950258404235188952597605688327213186818111230006962446067310767937291730744149256
0.003504319939819111645764292781881262564190353951618951018819849499976541882653539331380738996165769680960279884201789535968710454
0.003275819880644337245271840353882442499840313862739312217958171816245724715570044998742566658780948710222311413474272871690187072
0.003053218111259474715978303846901301223401180394080363558394300502572544386929459207712412800251545849817853248446477219849931118
0.002836768624321513810535177246341434961485561889511470759278288852234027547976304026975963519599992704471588956294085396982244141
0.002626718392621566493906921320074262722023790944597420815242771943059281285184064601734259945503923066397984023318496789391720464
0.002423307087284432058917186314341609568569200347255106000100390587853949978930762029294703510272499872771352605685123031490451913
0.002226766804299495960898358251005379618512580758068389044869167615938260637508864929368027155076883560613464549822355025430803785
0.002037321799694995576757801408849962889792684295784037639294619679899864892277449506720538685738212596078984562507311849996891493
0.001855188233657823855317860011906241131772424691462851191709478709356210013338101162656236276435807759349805434354261137112091837
0.001680573923890834804775636942423772917885234497482315413742416609488877007426206971289576135695706885045051675396939366401234703
0.001513678108489074605958921164753765981309413357334548253825639778569909665299024227088765382587479458632029497590099948093591681
0.001354691218605500873236923450036775073139975333571228964824827850738880434905532296538399580012378543719121342301551558026984892
0.001203794661165582601381170444592336981285793611140255832075662662929425461058384631943587069314459433738702002407269661065039294
0.001061160611878707381516875664205069579980573239467626948333968247489798797962400598761390734363000214619959990792896685648901444
0.000926951818782573625421183405294597316588332752162149050143660948384880973123347513634206611256014487977313758975673526048000912
0.000801321416544727210455870051292909554167073873434020228903851129084917697313264772417826491753909668021467812245241411964197876
0.000684412751733127860497477460864378025947307778580499110058255011577053226162714947131130672229037370409880855357539499933157596
0.000576359219255114716314695073388981273541457153160728353764560888571935150282184042462152583515868635573343038404974921262708217
0.000477284110151397202766588762677256379967502496321217982017976543700434146282794965537970819475649396442692094948209774229214938
0.00038730047091874101034503976157533862486888844002191516448466328941609381752580954982440703679870996118997299790845781960127078
0.000306510974521864558322259689846131473829739124557746349618393962093802223176019130760065631438515496128578526943210020489138029
0.000235007803241723705555866500603691744134105633462487135209386887058296221756609414638341905790622299604372514248597036786101216
0.00017287254349385694129467138675775368298393508252581799951590201968358155595083741037495388443525271252166000701660033550555266
0.0001201760927368052321769987067940859811200281327473049157324550440233952461554828358527804634851406061543594804187270407086308622
0.0000769785785768257071098733045319252050207958869679784873249107423351946641938126151153643370453835760324921921710957079392388034
0.000043329290161202169200739669169909765919298362633668658723706600127661927787098722381610829450187522951909910988504200788207839
0.0000192666219384339120116343101087716773582806465752940616292975302562097722899665083265188393921235747266097547682528519250855344
4.8180298494734849183545273673942266141263327369416494928322227622078172475558781690009761211969341885267192534431398860124803e-6