0.000020382059200260408794845157832952015735179346698580095547304952826507477656378228126409691648884132826346077030758260824411218449
0.0000814674087255387901576601549780964324417484587953228690170599785797283300490650587310796894344772328163332742864716212003993994
0.00018307374588421143226731385414529452485542647664523561889121109659652531394650162693047372112265429937576251137461357203519993399
0.00032489783743141678047841823793017518375456931032937006048583234073416575692680188816589568653406301119261696959697496531437693739
0.0005065164245362391836857178982671855044880389043447163602554470293369188854136400430472254660781487311460388470612123315419650161
0.0007273874859524156035951222810517041887899099521174163595041686136956652399118092930076125083678562370074620926987071590357947082
0.0009868518556227674286107937132710244558619959886093028606355092907263998023964677114214591143728360277832525522221806479114668187
0.0012841351898897899937088777295194037491745029555708051692669177401554782067031258436890471940142556272342393639419930108593928496
0.0016183502784414702258469317040716195776487353060595120040373744113169519780684462338447271884668416607942888786033231471059316692
0.0019884996920955618139815994593226123151142791180482539320041638782896329562976581665157280140664501446807569825093562846379923098
0.0023934787595202889564314478347042459277070571159282725948293074070206095155479035689029215195180055398048865939905716708657934851
0.0028320788640077741521336464300291190659487085559243333305499043185870519869475933144512192702100029624862982823320872332954420549
0.0033029910504613223820837396538635482748079323978401268471966509245849097907734267096479092534045287833587427515922049878386585938
0.00380480993183189395507989537884388832054553007799987592463603677503305600312352095905887422808604299965389103534436894864797657
0.004336037883345424219103289917292366103063304302142378323678053905460567416081470817126272827483268183814765297182266287520696742
0.004895089512003767340932512204832499099604658578205072529368832583491264300835229307529745699601567311437695769277131442236936911
0.005480296388020516670381992552877533572247650841022886334771260460474229666718345967095342482282452835414912281077113593788854634
0.006089912024071237584423543565912340270872272555385064556211593385429670112206420083527024615298955116962355557952902713777061631
0.006722117087498073100035076886494056102599759723888287591586794404786730580802947505776851252582777422236837434768587228755074166
0.007375024829913455137209585096701419979523323721947655237948604452677646387684919878917457607923220694104859200335456050737606222
0.008046686717998849936982515747287645198302314486978668071142003403905474007677966755187005335016477000195188813478702432098892742
0.008735098248694021080858816350231016500471933515329952993539477944341398615185500572707412755482430769002326455137876712727651189
0.0094382049314219997816922198621658908929558019671829637879184803645075436421868008565609040340704544561909447125367008993620603
0.010153908419496451914801687982622016637125929876290322051723697905488670728893093708662253912454974415369574115675487505980085105
0.010880072772412912352431616775392459582357295039963250577892363035240622462608230175091304804382228848225566446366481940743056125
0.011614530830334748262774300326681298218405108819821650680730201229749688958723360327027109801772734648501829116107993205205093243
0.012355090681749879867161191026431492814461764884281129337443485841152671270332762747833948223060292179375629125306321521677587226
0.013099542204996228989466778074720204769924673498131966457145289238256170066665870936200162542219335316949815268103203756385513702
0.013845663664133412415089970469559267038357441189635155576035755190410182100135192231954861477281133134301676323307996260270393917
0.014591228339476006522425411681304662199878101481438815190639378390318010106858720866574035856970155317444886139758472664082218647
0.015334011173000265897872114778699987644028801617900476037276628376739829870251338014641589543790837095255307106106451020801926308
0.016071795408791790412961701376388012269483131700764212747495113151926418391073345751667820842920049874082315563123939117506673498
0.016802379208716435001055131128045244281616302636221463784676687090041349284925393931776897012049590103924198226624022262368338754
0.01752358222357069995295784913062978217241793005847138615785021336823533187516108736327616279136752015105425062031745944389233434
0.018233252100100706279027996619854167986235422134259954944798035234616783914518048845230531433840638035580047594393619040668817313
0.01892927090447025403336251579378379730605452464670978905193077345657875187122426909374115287902741379124853915764127965127319792
0.019609561443007810270467011118183004855662370566053744771909107149591138780564681692958472695010037943174014321067082267354678841
0.020272093461368833351700408936839871909600864270084090314930004337885605317179832782762631607397963055405624632381477710943318612
0.020914889703612696742066252320625297110281161666546214788557431181859876647489613706566799450802771177676698912978736376099475453
0.021536031813111545331416772642949409242261930052010905514845767551457850107716474363167887626931114933667216364642608089071360286
0.022133666057680452992965680009310291424847674277386170536304372980753281906238123827145268177052856698193142457964775579945859028
0.022706008861842842816179049877258238205613338752429148932429637396045566494307813620522120026079164972329665258110381379072252878
0.02325135212972071562975886221591880493397067589854292371806097188315992007321927087093452859351133208966310564382310599332249136
0.023768068342664090294137245063358393033178025055059305565868332770855312993850448316332739193307149078786204242074237773783457597
0.0242546154164063259702053945359042667050899146940087370769285979430222522764094768004280588442517651827543483648450861471727555
0.024709541303249665853771295173480879587448213243416012527026569551881765121793731737222083197909078891441099706085932868541133663
0.025131488325546271896266286044703289102385072988870360412151021087099788429816615877641839260121012195311493824556058909101484913
0.025519197227541939897217992330276946714528647380401405545970340644197479733775354882223845441818734535240796061039373767980582063
0.025871510933490200808916968577846723304053495504240487374259111170594836794387012483756404739629124963618532365604098714505997167
0.026187378000821118707073294043179578654378597750270016707944349850059483425590739425267159275702769110129340049463002440987096719
0.026465855758059172520385310523083518990675371185950034719973397199002576557437010297646293663309770832012736706163173154155988549
0.026706113118125441250443172124855626919151098386411588844733148016740690413479243332340270369096509554872821775518842433639984381
0.026907433058628093236892060151260058095182112706398547260688948386383066670381033595473934342211736860921555463008746405476290096
0.027069214761739017808542338708941911554940557275500202784738495472537136717745297729346433291272742733554152437633079505681053415
0.027190975407270366406571490493807015937468262770320607181812468344911052375131070550036079509476094217559579039106554055191127349
0.027272351613599758040444044036278338783214991622378319014081824483283973624740317285884287305411083872051851718878404349688200348
0.027313100522143861930376090056076225808498912556614005601862639504318840235786432095705139449022900006338605746211530147084000733
0.027313100522143861930376090056076225808498912556614005601862639504318840235786432095705139449022900006338605746211530147084000733
0.027272351613599758040444044036278338783214991622378319014081824483283973624740317285884287305411083872051851718878404349688200348
0.027190975407270366406571490493807015937468262770320607181812468344911052375131070550036079509476094217559579039106554055191127349
0.027069214761739017808542338708941911554940557275500202784738495472537136717745297729346433291272742733554152437633079505681053415
0.026907433058628093236892060151260058095182112706398547260688948386383066670381033595473934342211736860921555463008746405476290096
0.026706113118125441250443172124855626919151098386411588844733148016740690413479243332340270369096509554872821775518842433639984381
0.026465855758059172520385310523083518990675371185950034719973397199002576557437010297646293663309770832012736706163173154155988549
0.026187378000821118707073294043179578654378597750270016707944349850059483425590739425267159275702769110129340049463002440987096719
0.025871510933490200808916968577846723304053495504240487374259111170594836794387012483756404739629124963618532365604098714505997167
0.025519197227541939897217992330276946714528647380401405545970340644197479733775354882223845441818734535240796061039373767980582063
0.025131488325546271896266286044703289102385072988870360412151021087099788429816615877641839260121012195311493824556058909101484913
0.024709541303249665853771295173480879587448213243416012527026569551881765121793731737222083197909078891441099706085932868541133663
0.0242546154164063259702053945359042667050899146940087370769285979430222522764094768004280588442517651827543483648450861471727555
0.023768068342664090294137245063358393033178025055059305565868332770855312993850448316332739193307149078786204242074237773783457597
0.02325135212972071562975886221591880493397067589854292371806097188315992007321927087093452859351133208966310564382310599332249136
0.022706008861842842816179049877258238205613338752429148932429637396045566494307813620522120026079164972329665258110381379072252878
0.022133666057680452992965680009310291424847674277386170536304372980753281906238123827145268177052856698193142457964775579945859028
0.021536031813111545331416772642949409242261930052010905514845767551457850107716474363167887626931114933667216364642608089071360286
0.020914889703612696742066252320625297110281161666546214788557431181859876647489613706566799450802771177676698912978736376099475453
0.020272093461368833351700408936839871909600864270084090314930004337885605317179832782762631607397963055405624632381477710943318612
0.019609561443007810270467011118183004855662370566053744771909107149591138780564681692958472695010037943174014321067082267354678841
0.01892927090447025403336251579378379730605452464670978905193077345657875187122426909374115287902741379124853915764127965127319792
0.018233252100100706279027996619854167986235422134259954944798035234616783914518048845230531433840638035580047594393619040668817313
0.01752358222357069995295784913062978217241793005847138615785021336823533187516108736327616279136752015105425062031745944389233434
0.016802379208716435001055131128045244281616302636221463784676687090041349284925393931776897012049590103924198226624022262368338754
0.016071795408791790412961701376388012269483131700764212747495113151926418391073345751667820842920049874082315563123939117506673498
0.015334011173000265897872114778699987644028801617900476037276628376739829870251338014641589543790837095255307106106451020801926308
0.014591228339476006522425411681304662199878101481438815190639378390318010106858720866574035856970155317444886139758472664082218647
0.013845663664133412415089970469559267038357441189635155576035755190410182100135192231954861477281133134301676323307996260270393917
0.013099542204996228989466778074720204769924673498131966457145289238256170066665870936200162542219335316949815268103203756385513702
0.012355090681749879867161191026431492814461764884281129337443485841152671270332762747833948223060292179375629125306321521677587226
0.011614530830334748262774300326681298218405108819821650680730201229749688958723360327027109801772734648501829116107993205205093243
0.010880072772412912352431616775392459582357295039963250577892363035240622462608230175091304804382228848225566446366481940743056125
0.010153908419496451914801687982622016637125929876290322051723697905488670728893093708662253912454974415369574115675487505980085105
0.0094382049314219997816922198621658908929558019671829637879184803645075436421868008565609040340704544561909447125367008993620603
0.008735098248694021080858816350231016500471933515329952993539477944341398615185500572707412755482430769002326455137876712727651189
0.008046686717998849936982515747287645198302314486978668071142003403905474007677966755187005335016477000195188813478702432098892742
0.007375024829913455137209585096701419979523323721947655237948604452677646387684919878917457607923220694104859200335456050737606222
0.006722117087498073100035076886494056102599759723888287591586794404786730580802947505776851252582777422236837434768587228755074166
0.006089912024071237584423543565912340270872272555385064556211593385429670112206420083527024615298955116962355557952902713777061631
0.005480296388020516670381992552877533572247650841022886334771260460474229666718345967095342482282452835414912281077113593788854634
0.004895089512003767340932512204832499099604658578205072529368832583491264300835229307529745699601567311437695769277131442236936911
0.004336037883345424219103289917292366103063304302142378323678053905460567416081470817126272827483268183814765297182266287520696742
0.00380480993183189395507989537884388832054553007799987592463603677503305600312352095905887422808604299965389103534436894864797657
0.003302991050461322382083739653863548274807932397840126847196650924584909790773426709647909253404528783358742751592204987838658594
0.002832078864007774152133646430029119065948708555924333330549904318587051986947593314451219270210002962486298282332087233295442055
0.002393478759520288956431447834704245927707057115928272594829307407020609515547903568902921519518005539804886593990571670865793485
0.00198849969209556181398159945932261231511427911804825393200416387828963295629765816651572801406645014468075698250935628463799231
0.001618350278441470225846931704071619577648735306059512004037374411316951978068446233844727188466841660794288878603323147105931669
0.00128413518988978999370887772951940374917450295557080516926691774015547820670312584368904719401425562723423936394199301085939285
0.000986851855622767428610793713271024455861995988609302860635509290726399802396467711421459114372836027783252552222180647911466819
0.000727387485952415603595122281051704188789909952117416359504168613695665239911809293007612508367856237007462092698707159035794708
0.000506516424536239183685717898267185504488038904344716360255447029336918885413640043047225466078148731146038847061212331541965016
0.000324897837431416780478418237930175183754569310329370060485832340734165756926801888165895686534063011192616969596974965314376937
0.000183073745884211432267313854145294524855426476645235618891211096596525313946501626930473721122654299375762511374613572035199934
0.0000814674087255387901576601549780964324417484587953228690170599785797283300490650587310796894344772328163332742864716212003993994
0.0000203820592002604087948451578329520157351793466985800955473049528265074776563782281264096916488841328263460770307582608244112184