5.405625227213559779675369828804185579950408169707742282154331222878011905098000313741999091213543907784106787342328330562385718e-6
0.000021615841203500775234068155477144874000385035366754129021027800957306973313636642211510037387744132026256539217318846558426961256
0.00004861067701752754088903707381172730904336918761948300741032467059388069606938678123581502228139657982947925467085377716351745146
0.00008635687515604978326933638244970824490945485939979714409014718817956923848303956025872503127634011890841576228540550291236491071
0.00013480793247701642028029502613127798819484645660515365354595160265865900207132975152865470202652763154443984347521825723423059193
0.00019390415750122593247232038798126428493949504619694953414499163912581435213288782444460315107229288951224490594780250326425801523
0.00026357274395195348947618373017112131940671908551682590034937566946489530121580026413400682914492263895538017340013453612390398118
0.000343727860451948150095848603417828079661566635605565624945136632403593320918524382285939754640432765815619248423782147387749021
0.0004342707562672938491198543290689612019792564631311023222168277134183619933795845709823024971932312833733226270922508509209352382
0.0005350898829678582217224588215639730254952099322196191039618651122331073419624049696768438188769039674446301881856746252159217897
0.0006460610318544441535045343382424938605955238930657075992118561575280280092132753346878813287116566384189485604339966311846581838
0.0007670474869833344391697700175081858425165029313233971200202749757130694935838107562581481526882827014209633198838867543282881935
0.0008979001935997040164447229285549248189602372546683719468934809649376930585360428358625558381872627106394227245081144471232183891
0.0010384579417723905880520550145036548603834633961676588034769297037197685593063976628445567631197407335172695670722065341694580531
0.0011885475650037864411088398061035929003349161648479436607952053115841205017347281152921579269723670248596702394470552017596636627
0.0013479841535701649930599963353474448280927190078039876480243443660205059756952409347796382815975096269503084846196848897536284892
0.0015165712823296077655989173857148268005490438018457587736102716048929021567132345446719442897412086982327324562602624134124422345
0.0016941012527168734710131963111360940476538194703074558887678749014855645336592795564114905838930431241640682104862142701368822358
0.0018803553486270726481297923349500675461990553222531862825151897429564395181746298393000523366976271901659245319755246399684156847
0.0020751041058729003406410413777477703615454382604259965242957132483443112985541418129619219760159219162288200823752029956242588774
0.0022781075948834567496752080257260533316843980353068418072565530336441238639462344647076463166007398729175008843606058379167941516
0.0024891157162963722171507236499546821894074931042905222404527825908929441954503366940866358385202188854291440809878185749512862711
0.0027078685090790684049714404762821436812820679599742734348433892562003099506029720227407505441420267138135685593734116383095965666
0.0029340964707995516971014104848840045212714939571465713479405386845945462909761077888712126325690932527902086227523781049975612978
0.0031675208896521666838831327126576274236306530117236169677693475666085342826570465682121309817441072521112033830262730348819870963
0.0034078541878292555313464565681484385384949542934814413470311356382856360597645773900823414485028798856594129377833731819897064179
0.003654800275815690934523354212988221995646968453562623059148045358842380548751471197482039979092021845003090699139452005550436696
0.003908054917169793423895923762433603769918638027234451296430782137102851853643868195266000275816780032363323774004621609029988308
0.004167306103341224616936826138251090643823618042296143606525650311684141677077875021335367692628545367009581489168449223571220281
0.004432234438064082498619590026362589729214231436781352396811358711239575795188929879669180207969266638352976667935303845791345162
0.004702513530851628210029778356073241468038892798823727892827108662692724580721710773646256682232711935103840364004860527102928454
0.004977810399107860656159547042502093417977434249306861017330634644034565458408892961149396095947677335346981860280952433757473904
0.005257785878360539327188971872905463781585218543905381532877441821024369962550836959253715677293421580989816159768197119623854638
0.005542095040110250140808192087509057387477304512897816454692422083913940851347679026221220215541880889457633697724674172172944937
0.00583038761678072618325165673413724228497506787293641310069631754347840476345891556635733026453207416914855070058901376726818892
0.006122308433246886513425911183760921806611495372725472862374563263602030634937489154245624300345238820189227318859602032884816771
0.006417497844408952476189857236453656687019640599439406106478708774249463499184926844954162454819083816210455467517743576379075707
0.00671559217827355223123486641687481121223095268753861684599184280606370579884599112508113827748898621143107436430913037606767823
0.007016224183995939619924376100641677362974226664993916177594450857851893460753244513870713435281294896250555143980512184745017251
0.007319023484331341422464963006170533300572821022652235539952356735479797355678769703293696114275996296912127822728121388665241666
0.007623617031938015031935409070137828674589406650241874380179454900870996435014580129350606176950572087040421911873305644790761774
0.007929629568969853282227744227433697511046800461786899320080304386045135187141472597362646424469580286011529833780352732853950478
0.008236684089392320460029417778330489725669586018408105336487589932210029218316760231786500020996314600775667672685024758868921496
0.008544402303452148399514858365336185172346492057139827947801692078846254684517680099737560911986679187354745098456310985595013663
0.008852405103728568135924220708762162540483141423963279264941384607778564187567051887601537784904341251752613219420070258328142558
0.009160313032191904149691357928963858645168036191510876399000511572900401865661440692926136666021433594672881531860605524006716249
0.009467746747694117166716660246721707067568635165115037296455326205360037960976238206607913862106001413696409261580731200987779546
0.009774327493315349321751035089712319357479480639751334541809217524951580338220454672074115649110690457129553896703346733043884715
0.010079677562990702896281947626876434671919249231133664560447785886052778907753358996310298533998999165924023439495785278415114818
0.010383420766842370591229661391052902236973243773027238773227466517182705481663703423173143151488042255313373598592050808053821857
0.010685182894643830295701038901543523057749013614994303277774643635657459422247627357392695430171949444886968201171712450548842648
0.010984592176845118600975679824317209755636436862281350934670158377611689354165341155923633697459567782941841378012459482869343625
0.011281279742591202048638674347534743012828716302590616193120860555891409291874508818651951947157352642585421699375381896028660347
0.011574880074169169591500328520245656154249489349862135719177595891357417337372794804481796626023858188535531683195159993636287507
0.011865031457324369421741615946358986864454778298059453513635865325631646158515010141456554728101422578944067835149652812296675806
0.012151376426890702762214530639416596877715924393579686034226296647527914214042896871378191021292391408140587931668724972162510449
0.012433562207186060153840511302542282501926033798165797410782194335139748161500316464413044189596657798796113293803748117364365335
0.012711241146630335092355896774130479787485121047282518375504742377904313667204051861753129174055758447366457071325038279480167111
0.012984071146050567625718078299236475918608073089604376513784611276329531111572896642008253078498078504924855797034940598981542731
0.013251716080145547950264522395695314899997479456159509738607796294859023503428706429608523270099118021594410653680819945039382806
0.013513846211590637557455220594654719417214747254242714387719685155592520644043985537110719751293194949394882316998674323572573116
0.013770138597272632701069314580422973380165991137304940345684135516248495612871428331275541390922666625969875127347309656919392624
0.014020277486154190706297832547381471111569529737706049884343204796698920473079046685122556394304092322154459400065844908076510166
0.014263954708277651982155428358324833528497622212289420705669556652331982062846597819733660039307029329131932429379799936577905612
0.014500870054429006822269435137854451225079822502204827392054852932447353040034856074891683883196140603931772230866993156329679822
0.014730731645994262737657247408495384271510674031556836260599477259510481636232398117669574368395885368386247372747104952073247413
0.014953256294552550982422753444531188710020183349165772824772000987899376618308790459994992816092613828019702807554976854382024593
0.015168169850762955223290831146516431020905350210970096845593824841839121401397087185647533950957246667548321046137338367291074577
0.015375207542115235388848836306066424397369789559657572359064697227733278377082078064965660827107581669743589541881988826033108064
0.015574114299128339364151715567366784738766953453412027203333271611874650095570222579754531804440938953574735318250406344819673476
0.015764645069594827468452233317247682356631644326329114400223989295176579310227742655722228285936012978405543120965610129523011404
0.015946565120484062034146206935329205748061029013618180478931760530353035560142304499524999805139530745541329758319865681978833589
0.016119650327132218749509944730977531808958215532799361598509105743388317892799393556610627421372219863411888230922981847022953958
0.016283687449362839004770977528691259162608110501676984829957636060167148236378334387501664758491796609479992021983376614958965286
0.016438474394197743994271072120295343265328311970188058550620905230072968514172011981214341769102605128007380103819461899256958986
0.016583820464834651939962375660863769260689637418499802095293588295417616712190040965434924984656664651131091738449327778574237601
0.016719546595584759159904966876321960250253137494740286139513061880626786376730657626641680746531986433282243772433403571907621331
0.016845485572480842965235518768230307068497996886706883673285912870318983885611782529394268769298751054052357692185039510258362911
0.016961482239284098220107894250762714458114159494077042263702117500606205232250771385829160355655218923121052729628502906864349935
0.017067393688635908091904236082670406877520276452219077941505714445239684574331426333998879638821746452180148199778043449998539308
0.017163089438119050891592898354698011084219524478106050456318028376102324197167946811712502783522349207504804467331264730765315587
0.017248451591011436409260774267054682306220089298086254310099783293091101923512978268722920734495924892458657910383111238895397116
0.017323374981534323882923586995007564421089587533346906290477197300546540841032173812326110821322033839144120564664422182971517573
0.017387767304416076465846338990664489536798140738754315804520298385063853558569724812273620758854927820193902014651566197244184492
0.017441549228611830244315624286611712586010406922198240309741250385911416224422301848991215291463645149557041668946206867122095086
0.017484654495038975698018975373373235791996883119243320647603800778107946902013674778740457592639088650517700917709045038136632455
0.017517029998208041940550708073012267924519177996894155091949598678938336947957154506387033825075446354020769998761434604847594424
0.017538635851648414867076961683028037857172225755418768882110694928489277235788448764618730897660744334199175127348379178871689476
0.017549445437048285026093617224644002135729450378147400294217124968124750775459647800529599769022702860678854165101446644918198577
0.017549445437048285026093617224644002135729450378147400294217124968124750775459647800529599769022702860678854165101446644918198577
0.017538635851648414867076961683028037857172225755418768882110694928489277235788448764618730897660744334199175127348379178871689476
0.017517029998208041940550708073012267924519177996894155091949598678938336947957154506387033825075446354020769998761434604847594424
0.017484654495038975698018975373373235791996883119243320647603800778107946902013674778740457592639088650517700917709045038136632455
0.017441549228611830244315624286611712586010406922198240309741250385911416224422301848991215291463645149557041668946206867122095086
0.017387767304416076465846338990664489536798140738754315804520298385063853558569724812273620758854927820193902014651566197244184492
0.017323374981534323882923586995007564421089587533346906290477197300546540841032173812326110821322033839144120564664422182971517573
0.017248451591011436409260774267054682306220089298086254310099783293091101923512978268722920734495924892458657910383111238895397116
0.017163089438119050891592898354698011084219524478106050456318028376102324197167946811712502783522349207504804467331264730765315587
0.017067393688635908091904236082670406877520276452219077941505714445239684574331426333998879638821746452180148199778043449998539308
0.016961482239284098220107894250762714458114159494077042263702117500606205232250771385829160355655218923121052729628502906864349935
0.016845485572480842965235518768230307068497996886706883673285912870318983885611782529394268769298751054052357692185039510258362911
0.016719546595584759159904966876321960250253137494740286139513061880626786376730657626641680746531986433282243772433403571907621331
0.016583820464834651939962375660863769260689637418499802095293588295417616712190040965434924984656664651131091738449327778574237601
0.016438474394197743994271072120295343265328311970188058550620905230072968514172011981214341769102605128007380103819461899256958986
0.016283687449362839004770977528691259162608110501676984829957636060167148236378334387501664758491796609479992021983376614958965286
0.016119650327132218749509944730977531808958215532799361598509105743388317892799393556610627421372219863411888230922981847022953958
0.015946565120484062034146206935329205748061029013618180478931760530353035560142304499524999805139530745541329758319865681978833589
0.015764645069594827468452233317247682356631644326329114400223989295176579310227742655722228285936012978405543120965610129523011404
0.015574114299128339364151715567366784738766953453412027203333271611874650095570222579754531804440938953574735318250406344819673476
0.015375207542115235388848836306066424397369789559657572359064697227733278377082078064965660827107581669743589541881988826033108064
0.015168169850762955223290831146516431020905350210970096845593824841839121401397087185647533950957246667548321046137338367291074577
0.014953256294552550982422753444531188710020183349165772824772000987899376618308790459994992816092613828019702807554976854382024593
0.014730731645994262737657247408495384271510674031556836260599477259510481636232398117669574368395885368386247372747104952073247413
0.014500870054429006822269435137854451225079822502204827392054852932447353040034856074891683883196140603931772230866993156329679822
0.014263954708277651982155428358324833528497622212289420705669556652331982062846597819733660039307029329131932429379799936577905612
0.014020277486154190706297832547381471111569529737706049884343204796698920473079046685122556394304092322154459400065844908076510166
0.013770138597272632701069314580422973380165991137304940345684135516248495612871428331275541390922666625969875127347309656919392624
0.013513846211590637557455220594654719417214747254242714387719685155592520644043985537110719751293194949394882316998674323572573116
0.013251716080145547950264522395695314899997479456159509738607796294859023503428706429608523270099118021594410653680819945039382806
0.012984071146050567625718078299236475918608073089604376513784611276329531111572896642008253078498078504924855797034940598981542731
0.012711241146630335092355896774130479787485121047282518375504742377904313667204051861753129174055758447366457071325038279480167111
0.012433562207186060153840511302542282501926033798165797410782194335139748161500316464413044189596657798796113293803748117364365335
0.012151376426890702762214530639416596877715924393579686034226296647527914214042896871378191021292391408140587931668724972162510449
0.011865031457324369421741615946358986864454778298059453513635865325631646158515010141456554728101422578944067835149652812296675806
0.011574880074169169591500328520245656154249489349862135719177595891357417337372794804481796626023858188535531683195159993636287507
0.011281279742591202048638674347534743012828716302590616193120860555891409291874508818651951947157352642585421699375381896028660347
0.010984592176845118600975679824317209755636436862281350934670158377611689354165341155923633697459567782941841378012459482869343625
0.010685182894643830295701038901543523057749013614994303277774643635657459422247627357392695430171949444886968201171712450548842648
0.010383420766842370591229661391052902236973243773027238773227466517182705481663703423173143151488042255313373598592050808053821857
0.010079677562990702896281947626876434671919249231133664560447785886052778907753358996310298533998999165924023439495785278415114818
0.009774327493315349321751035089712319357479480639751334541809217524951580338220454672074115649110690457129553896703346733043884715
0.009467746747694117166716660246721707067568635165115037296455326205360037960976238206607913862106001413696409261580731200987779546
0.009160313032191904149691357928963858645168036191510876399000511572900401865661440692926136666021433594672881531860605524006716249
0.008852405103728568135924220708762162540483141423963279264941384607778564187567051887601537784904341251752613219420070258328142558
0.008544402303452148399514858365336185172346492057139827947801692078846254684517680099737560911986679187354745098456310985595013663
0.008236684089392320460029417778330489725669586018408105336487589932210029218316760231786500020996314600775667672685024758868921496
0.007929629568969853282227744227433697511046800461786899320080304386045135187141472597362646424469580286011529833780352732853950478
0.007623617031938015031935409070137828674589406650241874380179454900870996435014580129350606176950572087040421911873305644790761774
0.007319023484331341422464963006170533300572821022652235539952356735479797355678769703293696114275996296912127822728121388665241666
0.007016224183995939619924376100641677362974226664993916177594450857851893460753244513870713435281294896250555143980512184745017251
0.00671559217827355223123486641687481121223095268753861684599184280606370579884599112508113827748898621143107436430913037606767823
0.006417497844408952476189857236453656687019640599439406106478708774249463499184926844954162454819083816210455467517743576379075707
0.006122308433246886513425911183760921806611495372725472862374563263602030634937489154245624300345238820189227318859602032884816771
0.00583038761678072618325165673413724228497506787293641310069631754347840476345891556635733026453207416914855070058901376726818892
0.005542095040110250140808192087509057387477304512897816454692422083913940851347679026221220215541880889457633697724674172172944937
0.005257785878360539327188971872905463781585218543905381532877441821024369962550836959253715677293421580989816159768197119623854638
0.004977810399107860656159547042502093417977434249306861017330634644034565458408892961149396095947677335346981860280952433757473904
0.004702513530851628210029778356073241468038892798823727892827108662692724580721710773646256682232711935103840364004860527102928454
0.004432234438064082498619590026362589729214231436781352396811358711239575795188929879669180207969266638352976667935303845791345162
0.004167306103341224616936826138251090643823618042296143606525650311684141677077875021335367692628545367009581489168449223571220281
0.003908054917169793423895923762433603769918638027234451296430782137102851853643868195266000275816780032363323774004621609029988308
0.003654800275815690934523354212988221995646968453562623059148045358842380548751471197482039979092021845003090699139452005550436696
0.003407854187829255531346456568148438538494954293481441347031135638285636059764577390082341448502879885659412937783373181989706418
0.003167520889652166683883132712657627423630653011723616967769347566608534282657046568212130981744107252111203383026273034881987096
0.002934096470799551697101410484884004521271493957146571347940538684594546290976107788871212632569093252790208622752378104997561298
0.002707868509079068404971440476282143681282067959974273434843389256200309950602972022740750544142026713813568559373411638309596567
0.002489115716296372217150723649954682189407493104290522240452782590892944195450336694086635838520218885429144080987818574951286271
0.002278107594883456749675208025726053331684398035306841807256553033644123863946234464707646316600739872917500884360605837916794152
0.002075104105872900340641041377747770361545438260425996524295713248344311298554141812961921976015921916228820082375202995624258877
0.001880355348627072648129792334950067546199055322253186282515189742956439518174629839300052336697627190165924531975524639968415685
0.001694101252716873471013196311136094047653819470307455888767874901485564533659279556411490583893043124164068210486214270136882236
0.001516571282329607765598917385714826800549043801845758773610271604892902156713234544671944289741208698232732456260262413412442234
0.001347984153570164993059996335347444828092719007803987648024344366020505975695240934779638281597509626950308484619684889753628489
0.001188547565003786441108839806103592900334916164847943660795205311584120501734728115292157926972367024859670239447055201759663663
0.001038457941772390588052055014503654860383463396167658803476929703719768559306397662844556763119740733517269567072206534169458053
0.000897900193599704016444722928554924818960237254668371946893480964937693058536042835862555838187262710639422724508114447123218389
0.000767047486983334439169770017508185842516502931323397120020274975713069493583810756258148152688282701420963319883886754328288194
0.000646061031854444153504534338242493860595523893065707599211856157528028009213275334687881328711656638418948560433996631184658184
0.00053508988296785822172245882156397302549520993221961910396186511223310734196240496967684381887690396744463018818567462521592179
0.000434270756267293849119854329068961201979256463131102322216827713418361993379584570982302497193231283373322627092250850920935238
0.000343727860451948150095848603417828079661566635605565624945136632403593320918524382285939754640432765815619248423782147387749021
0.000263572743951953489476183730171121319406719085516825900349375669464895301215800264134006829144922638955380173400134536123903981
0.000193904157501225932472320387981264284939495046196949534144991639125814352132887824444603151072292889512244905947802503264258015
0.0001348079324770164202802950261312779881948464566051536535459516026586590020713297515286547020265276315444398434752182572342305919
0.0000863568751560497832693363824497082449094548593997971440901471881795692384830395602587250312763401189084157622854055029123649107
0.0000486106770175275408890370738117273090433691876194830074103246705938806960693867812358150222813965798294792546708537771635174515
0.0000216158412035007752340681554771448740003850353667541290210278009573069733136366422115100373877441320262565392173188465584269613
5.4056252272135597796753698288041855799504081697077422821543312228780119050980003137419990912135439077841067873423283305623857e-6