0.0028921949207150662705713764741393760442619911362577374059057247024033634863881325759957777101322471604112438859298884060518874262
0.011334471250929421444495034208911754406233206661217135877549249872532360908932151137216259009802971501634350301238999366180893924
0.024642885970519671459435455080804230221376736294674210263874420762129016987140773229738069534381022107482989114502280740264485269
0.04173927046709450916034228130762375314142100792914844298687906064319839738281620935680363458734664943286813272224218784296025605
0.06123857734485502513008779513522261587516513942505983370572708087287810970783546603633189664061495471185993282433631700199629824
0.08156108872740830389094144955930024249743346963744497633858858241384081785062857935585150451129945746914679838081287875468978561
0.1010603956051688198606869633868991052311776011333563670574366026435205301756478360353797665645677627481385984829070079137258278
0.11815678010174365756159378961371862815122187276783059978044124252458991057132327216244533161753339007352374209064691501642159858
0.13146519482133390757653421048561110396636540240128767416676641341418656664953189425496714214211144067937238090391019639050518992
0.13990747115154826275045786822038348232833661792624707263840993858431556407207591281618762344178216502059548731921930735063419642
0.14279966607226332902102924469452285837259860906250481004431566328671892755846404539218340115191441218100673120514919575668608385
0.13990747115154826275045786822038348232833661792624707263840993858431556407207591281618762344178216502059548731921930735063419642
0.13146519482133390757653421048561110396636540240128767416676641341418656664953189425496714214211144067937238090391019639050518992
0.11815678010174365756159378961371862815122187276783059978044124252458991057132327216244533161753339007352374209064691501642159858
0.1010603956051688198606869633868991052311776011333563670574366026435205301756478360353797665645677627481385984829070079137258278
0.08156108872740830389094144955930024249743346963744497633858858241384081785062857935585150451129945746914679838081287875468978561
0.06123857734485502513008779513522261587516513942505983370572708087287810970783546603633189664061495471185993282433631700199629824
0.04173927046709450916034228130762375314142100792914844298687906064319839738281620935680363458734664943286813272224218784296025605
0.02464288597051967145943545508080423022137673629467421026387442076212901698714077322973806953438102210748298911450228074026448527
0.01133447125092942144449503420891175440623320666121713587754924987253236090893215113721625900980297150163435030123899936618089392
0.00289219492071506627057137647413937604426199113625773740590572470240336348638813257599577771013224716041124388592988840605188743