8.166145468733064473551261120792212275463768697378821871027847965395260148298921406715739026520488919514861590212193368129858271e-6
0.000032651336357119516227663556059275756790735707015592203210427537956948270188586095584349013763520416842458311746489928582052406834
0.00007341585759599945954356193050986070418036200373599983943434107698794417457660304962930595203273968452344587953162938862869048319
0.0001303935889828532544776793405936667822785865575096499938330847176450620352944103184072025089263295542902483005286990944261034035
0.00020349211242901179608934166793846770374838005198174348965646220761466586589661193336854114983222314008625203282109341460495703452
0.00029259286186213429580767797560512809858456421360601822475556541475321919321918948381673122434185751312336607359217669159855507044
0.0003975513155408111978038953577925276506597287817061718978485901754396917744004867114323216527434019692447590102915964352768561892
0.0005181972304693572411708443819371990066385432934866266065473716576054473253349585437213161498447885503986116813325581275447316773
0.0006543349185325730163407698541647787240937115627963160473475612559641304482530961309080794350683336135751665594772881587778197627
0.000805743563902583422710373084402548148781575968523339342860008420157780003202987819597171828016388127963149619771665734975189071
0.0009721775812029179747823165255888622205675240894035690921361488384050950231047343962177539271336579276259175278552220666114487801
0.0011533670138488895088104510330951274471413740118063669834319979007826140553003595825144304126212756079669908198633780023793242616
0.0013490179719181617390113012718470169415739423949871633257055038116206142134508915804546389199488038932622258486912901227272428393
0.0015588131088412780015339532879880386353800344879273278930472221655380095612743531361958215386115046501148400833185950139106675263
0.0017824121361389574053747527356780331593918377397972688020110217716794701588186452512411473716738272937657726811015979289451565767
0.0020194523753712526135574283383576984399332502161181092435654106279640320596514810252057783779242591953850055089746904087912008029
0.0022695493464033057022563693591800722948949596493756859469574636953177338267442446840144725165116242637641090978657984013636204996
0.0025322973910335328906536208972587404940009174972313367997544766964362608496537817313483260622726899130889374393701269060259570558
0.0028072703309727109453763534722859435887130298391890241991874564619034496543408949479654833477939241893518395433283202675492341442
0.0030940221591067207752289306424706221038819455218165767857438415414266815022431713455712056924098654626663741820104932686624553507
0.003392087762921717518257341812558063893686240408299364582737278980951307974528317770391743217600134103141325555490020045360757736
0.003700983678918328849799690044768075001881178412428166847316777115150282488468164624897719978987200224339308257038233632531319412
0.004020208876791218923079425109485158286772163543375146068029563933362380118431859683496260864506360463397496839630322846231424322
0.00434924557210207582199423114480509681346301284711606451934934471350888542143422392700595125086289572199975620033293224801863398
0.004687560066127863968620215591175979506862549877623317375815645237440932629138297422919549356053006076404772964488060340542696846
0.005034603611522104548818338755255613596469822755408823431049590692800987830586873395237235297022623506381647574540516517062650392
0.005389813302385078193490013180456039898352559401891708308154563996126438292183748288961636977018761425278037046183184886950733796
0.005752612987299252791870109921765406136267368370717174545960264210050038509928108959052868356945871707605997260494590714688719211
0.006122414203848989634100814331535929610347843971178500633503958529227539717318490156607515681571626233889244188982339576522566946
0.006498617133108733502314666806336818973337053655899130008615488988096755207999992483983953123984376342714235192571498496020084775
0.006880611572551503375468677365891631003001785154500025769018364612265333552542040953451268526277336049708221626412106403369500083
0.007267777925799622618215424843645733187642264202607088301110905258928513352149764928719996125977239063220287040662716457061400504
0.007659488207612309350064219396017811254886344453334794560760315099138217781233338553941308898994724792656214616044309201852922829
0.008055107062480033448153900995189685705577271307072936668892076346771162136854923602847460681617345650072969391043464255644075405
0.008453992795173476411721078005495933622138397424238276962489278946248372282682598237368077512601956362574352610692522791539500047
0.008855498411575539906789622256556076901787971263222876961393779177795723604725253584865864044137375945341439259878008360309289052
0.009258972668108169667044241300422056254115331860423947152224308452327600525459835935451077149505077646623439995834657171791592987
0.009663761128051820604913175255618316004700985034696685952483957120846580155199753236793079468055017970615445885625816022593957519
0.010069207223044209097636677510511227192939645510817646862099181385601975661173746790474470594045247012763295149081033034125300784
0.010474653318036597590360179765404138381178305986938607771714405650357371167147740344155861720035476054911144412536250045656644049
0.010879441777980248528229113720600398131763959161211346571974054318876350796887657645497864038585416378903150302327408896459008581
0.011282916034512878288483732764466377484091319758412416762804583593408227717622239996083077143953118080185151038284057707941312516
0.011684421650914941783552277015526520763740893597397016761709083824955579039664895343580863675488537662952237687469543276711101521
0.012083307383608384747119454025832768680302019714562357055306286424432789185492569978101480506473148375453620907118601812606526163
0.012478926238476108845209135625004643130992946568300499163438047672065733541114155027007632289095769232870375682117756866397678739
0.012870636520288795577057930177376721198237026819028205423087457512275437970197728652228945062113254962306303257499349611189201064
0.013257802873536914819804677655130823382877505867135267955179998158938617769805452627497672661813157975818368671749959664881101485
0.013639797312979684692958688214685635412542237365736163715582873783107196114347501096964988064106117682812355105590567572230516793
0.014016000242239428561172540689486524775531447050456793090694404241976411605029003424341425506518867791637346109179726491728034622
0.014385801458789165403403245099257048249611922650918119178238098561153912812419384621896072831144622317920593037667475353561882357
0.014748601143703340001783341840566414487526731619743585416043798775077513030163745291987304211071732600248553251978881181299867772
0.015103810834566313646455016265766840789409468266226470293148772078402963491760620185711705891067870519144942723621549551187951176
0.015450854379960554226653139429846474879016741144011976348382717533763018693209196158029391832037487949121817333674005727707904722
0.015789168873986342373279123876217357572416278174519229204849018057695065900913269653942989937227598303526834097829133820231967588
0.016118205569297199272193929911537296099107127478260147656168798837841571203915633897452680323584133562129093458531743222019177246
0.016437430767170089345473664976254379383998112609207126876881585656053668833879328956051221209103293801187282041123832435719282156
0.016746326683166700677016013208464390492193050613335929141461083790252643347819175810557197970490359922385264742672046022889843832
0.017044392286981697420044424378551832281997345499818716938454521229777269820104322235377735495680628562860216116151572799588146217
0.017331144115115707249897001548736510797166261182446269525010906309300501668006598632983457840296569836174750754833745800701367424
0.017606117055054885304619734123763713891878373524403956924443886074767690472693711849600615125817804112437652858791939162224644512
0.017868865099685112493016985661842382090984331372259607777240899075886217495603248896934468671578869761762481200296267666886981068
0.018118962070717165581715926682664755945946040805517184480632952143239919262696012555743162810166234830141584789187375659459400765
0.018356002309949460789898602285344421226487453281838024922187340999524481163528848329707793816416666731760817617060468139305444991
0.018579601337247140193739401733034415750499256533707965831151140605665941761073140444753119649478989375411750214843471054339934042
0.018789396474170256456262053749175437444305348626648130398492858959583337108896602000494302268141690132264364449470775945523358729
0.018985047432239528686462903987927326938737917009828926740766364870421337267047133998434510775469218417559599478298688065871277306
0.019166236864885500220491038495433592165311766932231724632062213932798856299242759184731187260956836097900672770306844001639152788
0.019332670882185834772562981936619906237097715053111954381338354351046171319144505761351769360074105897563440678390400333275412497
0.019484079527555845178932585166857675661785579458838977676850801515239820874094397450040861753022160411951423738684777909472781805
0.019620217215619060954102510639085255379240747728148667117650991113598503997012535037227625038245705475127978616829507940705869891
0.019740863130547606997469459663229926735219562239929121826349772595764259547947006869516619535347092056281831287870469632973745379
0.019845821584226283899465677045417326287294726808029275499442797356450732129128304097132209963748636512403224224569889376652046498
0.019934922333659406399184013353083986682130910969653550234541900563589285456450881647580400038258270885440338265340972653645644533
0.020008020857105564940795675680428787603600704464125643730365278053558889287053083262541738679164164471236341997633366973824498165
0.020064998588492418735729793090512593681698929017899293884764021694216007147770890531319635236057754341003144418630436679621911085
0.020105763109731298679045691464963178629088555314619701520987935233247003052158907485364592174326973608684131986415576139668549161
0.02013024830061968513079980375990166217360382725293791490232733492323855606219919465954222544906397353660707543657185387488247171
0.020138414446088418195273355021022454385879291021635293724198362771203951322347493580948941188090494025526590298162066068250601568
0.02013024830061968513079980375990166217360382725293791490232733492323855606219919465954222544906397353660707543657185387488247171
0.020105763109731298679045691464963178629088555314619701520987935233247003052158907485364592174326973608684131986415576139668549161
0.020064998588492418735729793090512593681698929017899293884764021694216007147770890531319635236057754341003144418630436679621911085
0.020008020857105564940795675680428787603600704464125643730365278053558889287053083262541738679164164471236341997633366973824498165
0.019934922333659406399184013353083986682130910969653550234541900563589285456450881647580400038258270885440338265340972653645644533
0.019845821584226283899465677045417326287294726808029275499442797356450732129128304097132209963748636512403224224569889376652046498
0.019740863130547606997469459663229926735219562239929121826349772595764259547947006869516619535347092056281831287870469632973745379
0.019620217215619060954102510639085255379240747728148667117650991113598503997012535037227625038245705475127978616829507940705869891
0.019484079527555845178932585166857675661785579458838977676850801515239820874094397450040861753022160411951423738684777909472781805
0.019332670882185834772562981936619906237097715053111954381338354351046171319144505761351769360074105897563440678390400333275412497
0.019166236864885500220491038495433592165311766932231724632062213932798856299242759184731187260956836097900672770306844001639152788
0.018985047432239528686462903987927326938737917009828926740766364870421337267047133998434510775469218417559599478298688065871277306
0.018789396474170256456262053749175437444305348626648130398492858959583337108896602000494302268141690132264364449470775945523358729
0.018579601337247140193739401733034415750499256533707965831151140605665941761073140444753119649478989375411750214843471054339934042
0.018356002309949460789898602285344421226487453281838024922187340999524481163528848329707793816416666731760817617060468139305444991
0.018118962070717165581715926682664755945946040805517184480632952143239919262696012555743162810166234830141584789187375659459400765
0.017868865099685112493016985661842382090984331372259607777240899075886217495603248896934468671578869761762481200296267666886981068
0.017606117055054885304619734123763713891878373524403956924443886074767690472693711849600615125817804112437652858791939162224644512
0.017331144115115707249897001548736510797166261182446269525010906309300501668006598632983457840296569836174750754833745800701367424
0.017044392286981697420044424378551832281997345499818716938454521229777269820104322235377735495680628562860216116151572799588146217
0.016746326683166700677016013208464390492193050613335929141461083790252643347819175810557197970490359922385264742672046022889843832
0.016437430767170089345473664976254379383998112609207126876881585656053668833879328956051221209103293801187282041123832435719282156
0.016118205569297199272193929911537296099107127478260147656168798837841571203915633897452680323584133562129093458531743222019177246
0.015789168873986342373279123876217357572416278174519229204849018057695065900913269653942989937227598303526834097829133820231967588
0.015450854379960554226653139429846474879016741144011976348382717533763018693209196158029391832037487949121817333674005727707904722
0.015103810834566313646455016265766840789409468266226470293148772078402963491760620185711705891067870519144942723621549551187951176
0.014748601143703340001783341840566414487526731619743585416043798775077513030163745291987304211071732600248553251978881181299867772
0.014385801458789165403403245099257048249611922650918119178238098561153912812419384621896072831144622317920593037667475353561882357
0.014016000242239428561172540689486524775531447050456793090694404241976411605029003424341425506518867791637346109179726491728034622
0.013639797312979684692958688214685635412542237365736163715582873783107196114347501096964988064106117682812355105590567572230516793
0.013257802873536914819804677655130823382877505867135267955179998158938617769805452627497672661813157975818368671749959664881101485
0.012870636520288795577057930177376721198237026819028205423087457512275437970197728652228945062113254962306303257499349611189201064
0.012478926238476108845209135625004643130992946568300499163438047672065733541114155027007632289095769232870375682117756866397678739
0.012083307383608384747119454025832768680302019714562357055306286424432789185492569978101480506473148375453620907118601812606526163
0.011684421650914941783552277015526520763740893597397016761709083824955579039664895343580863675488537662952237687469543276711101521
0.011282916034512878288483732764466377484091319758412416762804583593408227717622239996083077143953118080185151038284057707941312516
0.010879441777980248528229113720600398131763959161211346571974054318876350796887657645497864038585416378903150302327408896459008581
0.010474653318036597590360179765404138381178305986938607771714405650357371167147740344155861720035476054911144412536250045656644049
0.010069207223044209097636677510511227192939645510817646862099181385601975661173746790474470594045247012763295149081033034125300784
0.009663761128051820604913175255618316004700985034696685952483957120846580155199753236793079468055017970615445885625816022593957519
0.009258972668108169667044241300422056254115331860423947152224308452327600525459835935451077149505077646623439995834657171791592987
0.008855498411575539906789622256556076901787971263222876961393779177795723604725253584865864044137375945341439259878008360309289052
0.008453992795173476411721078005495933622138397424238276962489278946248372282682598237368077512601956362574352610692522791539500047
0.008055107062480033448153900995189685705577271307072936668892076346771162136854923602847460681617345650072969391043464255644075405
0.007659488207612309350064219396017811254886344453334794560760315099138217781233338553941308898994724792656214616044309201852922829
0.007267777925799622618215424843645733187642264202607088301110905258928513352149764928719996125977239063220287040662716457061400504
0.006880611572551503375468677365891631003001785154500025769018364612265333552542040953451268526277336049708221626412106403369500083
0.006498617133108733502314666806336818973337053655899130008615488988096755207999992483983953123984376342714235192571498496020084775
0.006122414203848989634100814331535929610347843971178500633503958529227539717318490156607515681571626233889244188982339576522566946
0.005752612987299252791870109921765406136267368370717174545960264210050038509928108959052868356945871707605997260494590714688719211
0.005389813302385078193490013180456039898352559401891708308154563996126438292183748288961636977018761425278037046183184886950733796
0.005034603611522104548818338755255613596469822755408823431049590692800987830586873395237235297022623506381647574540516517062650392
0.004687560066127863968620215591175979506862549877623317375815645237440932629138297422919549356053006076404772964488060340542696846
0.00434924557210207582199423114480509681346301284711606451934934471350888542143422392700595125086289572199975620033293224801863398
0.004020208876791218923079425109485158286772163543375146068029563933362380118431859683496260864506360463397496839630322846231424322
0.003700983678918328849799690044768075001881178412428166847316777115150282488468164624897719978987200224339308257038233632531319412
0.003392087762921717518257341812558063893686240408299364582737278980951307974528317770391743217600134103141325555490020045360757736
0.003094022159106720775228930642470622103881945521816576785743841541426681502243171345571205692409865462666374182010493268662455351
0.002807270330972710945376353472285943588713029839189024199187456461903449654340894947965483347793924189351839543328320267549234144
0.002532297391033532890653620897258740494000917497231336799754476696436260849653781731348326062272689913088937439370126906025957056
0.0022695493464033057022563693591800722948949596493756859469574636953177338267442446840144725165116242637641090978657984013636205
0.002019452375371252613557428338357698439933250216118109243565410627964032059651481025205778377924259195385005508974690408791200803
0.001782412136138957405374752735678033159391837739797268802011021771679470158818645251241147371673827293765772681101597928945156577
0.001558813108841278001533953287988038635380034487927327893047222165538009561274353136195821538611504650114840083318595013910667526
0.001349017971918161739011301271847016941573942394987163325705503811620614213450891580454638919948803893262225848691290122727242839
0.001153367013848889508810451033095127447141374011806366983431997900782614055300359582514430412621275607966990819863378002379324262
0.00097217758120291797478231652558886222056752408940356909213614883840509502310473439621775392713365792762591752785522206661144878
0.000805743563902583422710373084402548148781575968523339342860008420157780003202987819597171828016388127963149619771665734975189071
0.000654334918532573016340769854164778724093711562796316047347561255964130448253096130908079435068333613575166559477288158777819763
0.000518197230469357241170844381937199006638543293486626606547371657605447325334958543721316149844788550398611681332558127544731677
0.000397551315540811197803895357792527650659728781706171897848590175439691774400486711432321652743401969244759010291596435276856189
0.00029259286186213429580767797560512809858456421360601822475556541475321919321918948381673122434185751312336607359217669159855507
0.000203492112429011796089341667938467703748380051981743489656462207614665865896611933368541149832223140086252032821093414604957035
0.000130393588982853254477679340593666782278586557509649993833084717645062035294410318407202508926329554290248300528699094426103403
0.0000734158575959994595435619305098607041803620037359998394343410769879441745766030496293059520327396845234458795316293886286904832
0.0000326513363571195162276635560592757567907357070155922032104275379569482701885860955843490137635204168424583117464899285820524068
8.1661454687330644735512611207922122754637686973788218710278479653952601482989214067157390265204889195148615902121933681298583e-6