0.005262811652673444978177270534755298718699429286199210392003006921721070548939075456514126932142935888977269379330168894306501314
0.02041647385455354459136047213148571234179119433192139095020514331411454216835342765098351035000574110457845015547436324839862963
0.04363323129985823942309226921221531783607179721354313640242978600427522786508623609205603924086273705530761231268447648120963673
0.07211280039783637923300133682770022204905182938136409224665743561615698411075811998964269506386266889501404384922475860832714514
0.10242012480159657845936774002116104929523535947280845336306170840094392734958682437858146189958827932621640540151314731651140178
0.13089969389957471826927680763664595350821539164062940920728935801282568359525870827616811772258821116592283693805342944362891019
0.15411645134487941310100860471737555900249599452225115465951400070298636929199151671724064661344520711665199909526354267643991729
0.16927011354675951271419180631410597262558775956797333521771613709537984091140586891171003003130801233225317987140773703053204561
0.17453292519943295769236907684886127134428718885417254560971914401710091146034494436822415696345094822123044925073790592483854692
0.16927011354675951271419180631410597262558775956797333521771613709537984091140586891171003003130801233225317987140773703053204561
0.15411645134487941310100860471737555900249599452225115465951400070298636929199151671724064661344520711665199909526354267643991729
0.13089969389957471826927680763664595350821539164062940920728935801282568359525870827616811772258821116592283693805342944362891019
0.10242012480159657845936774002116104929523535947280845336306170840094392734958682437858146189958827932621640540151314731651140178
0.07211280039783637923300133682770022204905182938136409224665743561615698411075811998964269506386266889501404384922475860832714514
0.04363323129985823942309226921221531783607179721354313640242978600427522786508623609205603924086273705530761231268447648120963673
0.02041647385455354459136047213148571234179119433192139095020514331411454216835342765098351035000574110457845015547436324839862963
0.00526281165267344497817727053475529871869942928619921039200300692172107054893907545651412693214293588897726937933016889430650131