0.00018616120311953362850920227874179503642269966597831576509078177339307792194154646898973959583218385746636807259608633550630771616
0.0007422179164986036726333089380712875829700595003324624069021758153084290126606486438787853027372050243791197423971442914205704698
0.0016609210904991698511622672370593710802838276163250729863310220195145623129865997571750793084582527112427116123294071905193382065
0.0029302940242727069288208818944431700511924057355290448075498160745970368160667081893550159376682483602774819672050390571945068753
0.00453378850037176857779801368356470176249328266448685435101969994901294436357286045488650360392118860065374012049559974647235757
0.006450500516071651765938660292443831587758161525410968358753275971992008391108349409063497068970566977700656680708360198697286025
0.008655442799014465240546621734996517481526728396494418723845059795469992224528737645036842415084225648861004010844778434436614307
0.011119870554517422710455731352961237139253596309110950365972735571788255353930789482668411794370304967830829956901089809313207074
0.013811656197931030821637244907490073974848147557021126141742288125264746736218617821084301687385491381378930959910408833701300149
0.016695708186837803664136912523049501256568403171659377194751624257279358953126483742721453834938659773147253088896875137184102418
0.019734428492973272270811005166346862776180313204109833374738640762152136706390583609172799343965495681126520762576738244120671536
0.022888202750023185613767656516083424154363885844386827677324866567666355885126851637296869891118643630596524667356227606344902596
0.026115916687470782136041220917083400289294015401227005535791611521745783020010928251730994449721351122604767594757212161495451636
0.029375492117989148854009133243073892628386348533109267973529665568782660874418976279358875764443368363556423233289861486960406719
0.032624435490963321556376579823720096998973387854977990535435432965536327140251431742340601804519782987658719352325151501875914244
0.035820391860908061031710933473695368146575784367373609378335843852119020694637003448209838060699452334811104046432483700427290859
0.038921697048955794103817469771829848748369916200148577370950916115665360983354252909035729717760833254858579161878792249233304941
0.041887920799145301999013972972702152286100545909395490728186099524297805715724538373612555328697472256934334990649235900618029915
0.044680393848638282505218965573274964593340189433460689663118264692907223388297314746505984907929620130138571474941114329639453278
0.047262712040697463024637515845487451260488749107132239912176497009835964228529308864978132647013356029409496836258766006568639431
0.049601210908542653377257169143388762805209711252617885337633536668191958876604628638713857436315588161249144497717483152401020638
0.051665404543158392239703617180914566410118991327142571647419190881207327072841439086918901231991710409376844839997859634222370387
0.053428383023740152737358304233259375120033909127862404069514854020188175921664534904461480393709336758547440878582523525249750478
0.05486716322966544936607995408639064526499763749679197604770309081456400456104454181051118706505700862323441607182566446350012216
0.055962988460619305100183147288153392931334647170498829055363975433726225628830365126475049376712866008238194927687722940253678568
0.056701572958867533296271188268660921554805541166107865249299254926817765661892629441838385665944682927275190884124990862561018505
0.057073288145956053541764167472989108127401464305084800585255927397929593125791579170987832700562371012982651195633959861855844452
0.057073288145956053541764167472989108127401464305084800585255927397929593125791579170987832700562371012982651195633959861855844452
0.056701572958867533296271188268660921554805541166107865249299254926817765661892629441838385665944682927275190884124990862561018505
0.055962988460619305100183147288153392931334647170498829055363975433726225628830365126475049376712866008238194927687722940253678568
0.05486716322966544936607995408639064526499763749679197604770309081456400456104454181051118706505700862323441607182566446350012216
0.05342838302374015273735830423325937512003390912786240406951485402018817592166453490446148039370933675854744087858252352524975048
0.05166540454315839223970361718091456641011899132714257164741919088120732707284143908691890123199171040937684483999785963422237039
0.04960121090854265337725716914338876280520971125261788533763353666819195887660462863871385743631558816124914449771748315240102064
0.04726271204069746302463751584548745126048874910713223991217649700983596422852930886497813264701335602940949683625876600656863943
0.04468039384863828250521896557327496459334018943346068966311826469290722338829731474650598490792962013013857147494111432963945328
0.04188792079914530199901397297270215228610054590939549072818609952429780571572453837361255532869747225693433499064923590061802991
0.03892169704895579410381746977182984874836991620014857737095091611566536098335425290903572971776083325485857916187879224923330494
0.03582039186090806103171093347369536814657578436737360937833584385211902069463700344820983806069945233481110404643248370042729086
0.03262443549096332155637657982372009699897338785497799053543543296553632714025143174234060180451978298765871935232515150187591424
0.02937549211798914885400913324307389262838634853310926797352966556878266087441897627935887576444336836355642323328986148696040672
0.02611591668747078213604122091708340028929401540122700553579161152174578302001092825173099444972135112260476759475721216149545164
0.0228882027500231856137676565160834241543638858443868276773248665676663558851268516372968698911186436305965246673562276063449026
0.01973442849297327227081100516634686277618031320410983337473864076215213670639058360917279934396549568112652076257673824412067154
0.01669570818683780366413691252304950125656840317165937719475162425727935895312648374272145383493865977314725308889687513718410242
0.01381165619793103082163724490749007397484814755702112614174228812526474673621861782108430168738549138137893095991040883370130015
0.01111987055451742271045573135296123713925359630911095036597273557178825535393078948266841179437030496783082995690108980931320707
0.00865544279901446524054662173499651748152672839649441872384505979546999222452873764503684241508422564886100401084477843443661431
0.00645050051607165176593866029244383158775816152541096835875327597199200839110834940906349706897056697770065668070836019869728602
0.00453378850037176857779801368356470176249328266448685435101969994901294436357286045488650360392118860065374012049559974647235757
0.002930294024272706928820881894443170051192405735529044807549816074597036816066708189355015937668248360277481967205039057194506875
0.001660921090499169851162267237059371080283827616325072986331022019514562312986599757175079308458252711242711612329407190519338207
0.00074221791649860367263330893807128758297005950033246240690217581530842901266064864387878530273720502437911974239714429142057047
0.000186161203119533628509202278741795036422699665978315765090781773393077921941546468989739595832183857466368072596086335506307716