0.000012599981716840850286164088800945849683577087358063345132275000035740560540096127845483674586410244947956557727008525737613647472
0.00005037263811269147071102825710757105378560218898872044302689321743558701300511965317899162045418288698006027470626142538181687626
0.00011323616202490211001230692410618843197692845175705528012954441596295823426025253714108477375158350236641842927882938970687159416
0.00020105440505894291788991445369750083770239952506252474685900169599206729844864813503464064943853832974855247834983590425298025308
0.00031363717245550937393428599734745712561357510684077803911037982582788728934918750778529865239510244359449625221019587234696579863
0.0004507406350100189334700031961642271566880907084837319645810426004816158067167121339967225793371931965872711326458010901354244875
0.0006120678571523729855977886035071378984175147474560269529857440849963259649627750520493172788855551701989479561582683739430842131
0.0007972694400432809502768081430717960644012082168555376506234575722167431924237446912392007937719255070466851721820276845570190236
0.0010059442782943430792447091372533617928261611116837252557405303234468764491358837913825406746857185382871597814433405371392617748
0.0012376404286730047656235995683821983057249013642817366794493756249972822193793717470987836036541950513535715031303317613843796284
0.0014918560889109608718330867999736724051734713488078941958477796618792883583944843672975152727373925091731186199399855945399492302
0.0017680406844961290302031817021157948123328108140899267283811038889201512850494684641950821895048145564253105744340510478916962001
0.002065596061094442505747491441825583980337012983259390674985687550735575340447729418872608563095651781625861537969157989866982641
0.0023838777800189425427219972861611637116510326572272704043521643063822090017586878204071077824591221722072826374014616759375436611
0.0027221965139404726121813962841980949789054925775895187933606857752152722891137903534644680466674321472771266873965817664531506174
0.0030798195398171759895315287912020688492031717633966825611541408466343841733710109954538320060927932502581446223187928135735618766
0.003455972325809443811459880419896175342169522364917718645642272628143532774229849385020139478393258998743059224431378463439073984
0.003849840208743409204290580910099453246260115252026042139909532703281829980547292846581592247134726129585921866395640667141012349
0.004260570158489975088102652317410080592672019916015717947276991560222104394624163114470697403044647222425298831666756636978253793
0.004687272625438123569103111648656973057661537808084273915410561243643215037603880804082069548662189974658159253453969800494494535
0.005129023467061291122015790442070050591573021747400814131014228561332069662626833093497156758364381919074461627170249016124546625
0.005584865949404295795956050549619842697598298009853960984637355874463846001593966194447883732335916830461499600173661001722698671
0.0060538128191560414446661430596317683612715923491770713949470551748863416609258783488390628010624581790070499863277412949613733
0.006534848441820350906783725155679352126707835250869919939149525541830781330993743875146262644164209621644391696115158798530518606
0.007026931001354126233046580511787901805991020597524752669565173292256844728429286752178234958981935467919421466886665830973995559
0.007528994756508909514315925093160686199151269624845637944888180200693960297151797925751341231668422505562231304114398085477178163
0.00803995234898911092514522432703020335325864612019289507859722401421012976927023776670002936235631305527376771808681928464175507
0.008558697158427947234815123432761802372532626394265794930324352110836465850701243769781230410266031360398714832577813208741099441
0.009084105699080737302112171487463250810473840592533542334344279118642429111657772813052250377375813518915807743586180290875296854
0.009615040053044850564400178243693362939873577250848545632887658082154264548101082665285692675181689186001872513229967814443619353
0.010150350334736495934794705483944155882775693110246038458876688336878550143091195007975543577951528005721443966911299404787974351
0.01068887718128684316510822815429485929194465890960572653857709210497326355097891615775891403339894139314776544231380999639758969
0.011229454263463833229753108191916747176121004176307646172183700586671986392790530183403589145844760211976512736779011003468495137
0.011770910811681580213969990338195824328560663306468765891201441785362928961228181145050216257032980326463218032108273911499285296
0.012312074151626590826211213889727905176186836376672247292186826492254087371239409141794237407774308853909038257058823834879298872
0.012851772244009199768979484418072217271908724636981588009847331824666617035479185454258293919785626124360956245001408944997111526
0.013388836222939684903463529470132286298007006405604810972066423889904781356040275201127443975550497913348304378763896934124430189
0.013922102927431504780626852971272840461051293233259164780882656363903044999196401611894038612386067082728701493688440062238027012
0.014450417420548986233927855689872885776368914511539052361002157231680978059488031253859256642640777559772284811480953256174630189
0.014972635490743549098718695860396276106806917241724575721990861994026960352379551365314036243792892110857619815811573140380026236
0.015487626129961130785749885934050090105979885990709468326218249733818897829313201854456414872510835374275178828750930280477992356
0.015994273983153781844802958834744129996578597608941908935382359742959904221348612812887833452175693706741524483405542534114061147
0.016491481763890335852474100511177795994129580574034957795053710199096797096450596497378139544887999029915009217825137951095424899
0.016978172630834478814187444865341609691826817919946762342969652153483923203505790622738892505575244194039988262887268353486021077
0.017453292519943295769236907684886127134428718885417254560971914401710091146034494436822415696345094822123044925073790592483854692
0.01791581242733527187400020641562969872734704276352968343384190164990051852802310212306045521252853520525814502953330430574407466
0.018364730637883564215288686601486887220942255007810830883863225386887798182613272723087700227348007727351020357616181808490467609
0.018799074894707907583658549610921935840301911710135544906431924644497319836460123523615913166762912435138146937463209261146776643
0.019217904504866517834834014982024663325175152255062516048866577373609217164307138884153775870740815940222358543046815000236736775
0.01962031237668753306582083351202852103643694542226915536084258698356533465034025000054549649650219508979397378212581217224071735
0.020005426984327586371075956483735141335800432550811724796360628971257588425864245485788852170712218887886533906020826838657654708
0.02037241425530271377224917379499227590938862979011931738807542835452081132790981220970147550141856739131844040030087274878659816
0.020720479376903625684733477756568171906449223148374160499253947341298657743604968981278186623367766223851100299201656566286260172
0.021048868517583048690249621814446675204122552022169195856355966655306688807453919628003996798218844981597973823702831702831336084
0.021356870459586995946639001911662150786945700029880525150307626686168812701450207984751810381261685738983480089958425588704030885
0.021643818139294050452670738231602757535123303115557849034894607356177964972446323361297099862919816808609753198099321678928474858
0.021909090091926629278517525475739712280403622780436936221379024327828044614228990226046160057340614875844266538934519133607518047
0.022152111797505305867618095773651810996575765877969391908381049147711343400642343297013308796195596469472462869864613198703137054
0.022372356925131153060957112599666934674430712003361200258714976160159423147219106045262180032279539466317363245834820104242191373
0.022569348472901268361892240841880796350078367942396444695695484946050645454854115854894670670841068310967090649521031604070939415
0.022742659800988678246830115091106934609180425414904284226445408838143369007040205065138749009221582875072137484242608080518850654
0.02289191555564920049219881151711427655415528901165099554597720406444018366713789571884346150403089928510431579313838951278753596
0.023016792482154071409038010132642597669338676398615571903437072085928222542251458260363209783199150459386400265665121233184941965
0.023117020124887706936055237959201487477034148229973153229778657042504117600293027833422792757977119916258559714366426462512277429
0.02319238141309434173632412320932737940520487936522548253696809426752012252603582131738452688504606420166850912980694555349921929
0.023242713131004949509674299772022851550576580772563775051780074700257331298448411905001411990161598103527236526862173370312644153
0.023267906271326254297851621760520643209987547411803476742359417754069994629549144330357884859291814634777540263646178888283637413
0.023267906271326254297851621760520643209987547411803476742359417754069994629549144330357884859291814634777540263646178888283637413
0.023242713131004949509674299772022851550576580772563775051780074700257331298448411905001411990161598103527236526862173370312644153
0.02319238141309434173632412320932737940520487936522548253696809426752012252603582131738452688504606420166850912980694555349921929
0.023117020124887706936055237959201487477034148229973153229778657042504117600293027833422792757977119916258559714366426462512277429
0.023016792482154071409038010132642597669338676398615571903437072085928222542251458260363209783199150459386400265665121233184941965
0.02289191555564920049219881151711427655415528901165099554597720406444018366713789571884346150403089928510431579313838951278753596
0.022742659800988678246830115091106934609180425414904284226445408838143369007040205065138749009221582875072137484242608080518850654
0.022569348472901268361892240841880796350078367942396444695695484946050645454854115854894670670841068310967090649521031604070939415
0.022372356925131153060957112599666934674430712003361200258714976160159423147219106045262180032279539466317363245834820104242191373
0.022152111797505305867618095773651810996575765877969391908381049147711343400642343297013308796195596469472462869864613198703137054
0.021909090091926629278517525475739712280403622780436936221379024327828044614228990226046160057340614875844266538934519133607518047
0.021643818139294050452670738231602757535123303115557849034894607356177964972446323361297099862919816808609753198099321678928474858
0.021356870459586995946639001911662150786945700029880525150307626686168812701450207984751810381261685738983480089958425588704030885
0.021048868517583048690249621814446675204122552022169195856355966655306688807453919628003996798218844981597973823702831702831336084
0.020720479376903625684733477756568171906449223148374160499253947341298657743604968981278186623367766223851100299201656566286260172
0.02037241425530271377224917379499227590938862979011931738807542835452081132790981220970147550141856739131844040030087274878659816
0.020005426984327586371075956483735141335800432550811724796360628971257588425864245485788852170712218887886533906020826838657654708
0.01962031237668753306582083351202852103643694542226915536084258698356533465034025000054549649650219508979397378212581217224071735
0.019217904504866517834834014982024663325175152255062516048866577373609217164307138884153775870740815940222358543046815000236736775
0.018799074894707907583658549610921935840301911710135544906431924644497319836460123523615913166762912435138146937463209261146776643
0.018364730637883564215288686601486887220942255007810830883863225386887798182613272723087700227348007727351020357616181808490467609
0.01791581242733527187400020641562969872734704276352968343384190164990051852802310212306045521252853520525814502953330430574407466
0.017453292519943295769236907684886127134428718885417254560971914401710091146034494436822415696345094822123044925073790592483854692
0.016978172630834478814187444865341609691826817919946762342969652153483923203505790622738892505575244194039988262887268353486021077
0.016491481763890335852474100511177795994129580574034957795053710199096797096450596497378139544887999029915009217825137951095424899
0.015994273983153781844802958834744129996578597608941908935382359742959904221348612812887833452175693706741524483405542534114061147
0.015487626129961130785749885934050090105979885990709468326218249733818897829313201854456414872510835374275178828750930280477992356
0.014972635490743549098718695860396276106806917241724575721990861994026960352379551365314036243792892110857619815811573140380026236
0.014450417420548986233927855689872885776368914511539052361002157231680978059488031253859256642640777559772284811480953256174630189
0.013922102927431504780626852971272840461051293233259164780882656363903044999196401611894038612386067082728701493688440062238027012
0.013388836222939684903463529470132286298007006405604810972066423889904781356040275201127443975550497913348304378763896934124430189
0.012851772244009199768979484418072217271908724636981588009847331824666617035479185454258293919785626124360956245001408944997111526
0.012312074151626590826211213889727905176186836376672247292186826492254087371239409141794237407774308853909038257058823834879298872
0.011770910811681580213969990338195824328560663306468765891201441785362928961228181145050216257032980326463218032108273911499285296
0.011229454263463833229753108191916747176121004176307646172183700586671986392790530183403589145844760211976512736779011003468495137
0.01068887718128684316510822815429485929194465890960572653857709210497326355097891615775891403339894139314776544231380999639758969
0.010150350334736495934794705483944155882775693110246038458876688336878550143091195007975543577951528005721443966911299404787974351
0.009615040053044850564400178243693362939873577250848545632887658082154264548101082665285692675181689186001872513229967814443619353
0.009084105699080737302112171487463250810473840592533542334344279118642429111657772813052250377375813518915807743586180290875296854
0.008558697158427947234815123432761802372532626394265794930324352110836465850701243769781230410266031360398714832577813208741099441
0.00803995234898911092514522432703020335325864612019289507859722401421012976927023776670002936235631305527376771808681928464175507
0.007528994756508909514315925093160686199151269624845637944888180200693960297151797925751341231668422505562231304114398085477178163
0.007026931001354126233046580511787901805991020597524752669565173292256844728429286752178234958981935467919421466886665830973995559
0.006534848441820350906783725155679352126707835250869919939149525541830781330993743875146262644164209621644391696115158798530518606
0.0060538128191560414446661430596317683612715923491770713949470551748863416609258783488390628010624581790070499863277412949613733
0.005584865949404295795956050549619842697598298009853960984637355874463846001593966194447883732335916830461499600173661001722698671
0.005129023467061291122015790442070050591573021747400814131014228561332069662626833093497156758364381919074461627170249016124546625
0.004687272625438123569103111648656973057661537808084273915410561243643215037603880804082069548662189974658159253453969800494494535
0.004260570158489975088102652317410080592672019916015717947276991560222104394624163114470697403044647222425298831666756636978253793
0.003849840208743409204290580910099453246260115252026042139909532703281829980547292846581592247134726129585921866395640667141012349
0.003455972325809443811459880419896175342169522364917718645642272628143532774229849385020139478393258998743059224431378463439073984
0.003079819539817175989531528791202068849203171763396682561154140846634384173371010995453832006092793250258144622318792813573561877
0.002722196513940472612181396284198094978905492577589518793360685775215272289113790353464468046667432147277126687396581766453150617
0.002383877780018942542721997286161163711651032657227270404352164306382209001758687820407107782459122172207282637401461675937543661
0.002065596061094442505747491441825583980337012983259390674985687550735575340447729418872608563095651781625861537969157989866982641
0.0017680406844961290302031817021157948123328108140899267283811038889201512850494684641950821895048145564253105744340510478916962
0.00149185608891096087183308679997367240517347134880789419584777966187928835839448436729751527273739250917311861993998559453994923
0.001237640428673004765623599568382198305724901364281736679449375624997282219379371747098783603654195051353571503130331761384379628
0.001005944278294343079244709137253361792826161111683725255740530323446876449135883791382540674685718538287159781443340537139261775
0.000797269440043280950276808143071796064401208216855537650623457572216743192423744691239200793771925507046685172182027684557019024
0.000612067857152372985597788603507137898417514747456026952985744084996325964962775052049317278885555170198947956158268373943084213
0.000450740635010018933470003196164227156688090708483731964581042600481615806716712133996722579337193196587271132645801090135424487
0.000313637172455509373934285997347457125613575106840778039110379825827887289349187507785298652395102443594496252210195872346965799
0.000201054405058942917889914453697500837702399525062524746859001695992067298448648135034640649438538329748552478349835904252980253
0.000113236162024902110012306924106188431976928451757055280129544415962958234260252537141084773751583502366418429278829389706871594
0.0000503726381126914707110282571075710537856021889887204430268932174355870130051196531789916204541828869800602747062614253818168763
0.0000125999817168408502861640888009458496835770873580633451322750000357405605400961278454836745864102449479565577270085257376136475