-0.013718184105095466798315946292586639729554908133465336959223806852115794939011289853258330706647329248520407645704776202714826819
0.013718184105095466798315946292586639729554908133465336959223806852115794939011289853258330706647329248520407645704776202714826819
-0.04114422569632410894953494403388285738827907713933182738634130444531033262001759670055278780376686905277830715730334073582946743
0.04114422569632410894953494403388285738827907713933182738634130444531033262001759670055278780376686905277830715730334073582946743
-0.068539295204221154986981238357206066909007920410886734828112796297913066460651785521151712770510946572359410707992159961975966405
0.068539295204221154986981238357206066909007920410886734828112796297913066460651785521151712770510946572359410707992159961975966405
-0.095882770479231449777052479989423280850917788278696899905746939870643674993231354273717008370418552439130713989100807346981536071
0.095882770479231449777052479989423280850917788278696899905746939870643674993231354273717008370418552439130713989100807346981536071
-0.12315406821032220869869217522184311617339248263852989031633534654296256211416488250588944231555596431082571385936549445073040718
0.12315406821032220869869217522184311617339248263852989031633534654296256211416488250588944231555596431082571385936549445073040718
-0.15033265941945483496303586953788174021076956125485484331856747049129583071506450165096002794293279122805234220121948423289026722
0.15033265941945483496303586953788174021076956125485484331856747049129583071506450165096002794293279122805234220121948423289026722
-0.17739808491515658871092465007420773049613066311916885056391715702622719263854307713926131379881689499238580449237155945504796375
0.17739808491515658871092465007420773049613066311916885056391715702622719263854307713926131379881689499238580449237155945504796375
-0.20432997069355915241880071716376696365186173455869675795819409424417110282408610825107786963204157480720812462642268800065217875
0.20432997069355915241880071716376696365186173455869675795819409424417110282408610825107786963204157480720812462642268800065217875
-0.23110804327531068342675306324337035601752484721707628030066994921567749527619600773965632686091251787847186963100716585334438885
0.23110804327531068342675306324337035601752484721707628030066994921567749527619600773965632686091251787847186963100716585334438885
-0.25771214496681621814805274269328812410872248324421238602656898620288690343338428758305948659255747870586500819859950757562906702
0.25771214496681621814805274269328812410872248324421238602656898620288690343338428758305948659255747870586500819859950757562906702
-0.28412224903431825744556766999830487972108949605473236508880233230845580947959435921907916457520067525103206819313483727366097977
0.28412224903431825744556766999830487972108949605473236508880233230845580947959435921907916457520067525103206819313483727366097977
-0.31031847477939497596051591091044928735868202622053507653921172081285581323762848663309550267634037697425212858898008662524124149
0.31031847477939497596051591091044928735868202622053507653921172081285581323762848663309550267634037697425212858898008662524124149
-0.33628110250452771055894618599428934524931988665977908508657676842934823770891985077511335638092928567598873248442969707078447766
0.33628110250452771055894618599428934524931988665977908508657676842934823770891985077511335638092928567598873248442969707078447766
-0.36199058835747213878269735089275481634892747677374209591050307276705552239899926088971453814739847517133989292043450652169840764
0.36199058835747213878269735089275481634892747677374209591050307276705552239899926088971453814739847517133989292043450652169840764
-0.38742757904325879512213851004304862552879576952632381162052762649361938514876853534105697719395505378016936628285198037080079426
0.38742757904325879512213851004304862552879576952632381162052762649361938514876853534105697719395505378016936628285198037080079426
-0.4125729263927482225998678063238237352159301150564142585728985868012782403932897606144148052654298644155640896568456970416225867
0.4125729263927482225998678063238237352159301150564142585728985868012782403932897606144148052654298644155640896568456970416225867
-0.43740770177677404483127101840609241006825086462313862699235726875936146763670702483306611328881910507778462454735126254103214087
0.43740770177677404483127101840609241006825086462313862699235726875936146763670702483306611328881910507778462454735126254103214087
-0.46191321035502348848156528625665912030392792990102616791454017050718109733796699944954355376434426695729610656264790270015289513
0.46191321035502348848156528625665912030392792990102616791454017050718109733796699944954355376434426695729610656264790270015289513
-0.48607100514892930084007842849849832900696361040339210003010665390577167364263452844486588021231296725866444610530644668748803894
0.48607100514892930084007842849849832900696361040339210003010665390577167364263452844486588021231296725866444610530644668748803894
-0.5098629009279794990546693765830166093604479550316267240852533451759918665727041402165873305469514599263353982087156374771246267
0.5098629009279794990546693765830166093604479550316267240852533451759918665727041402165873305469514599263353982087156374771246267
-0.53327098789899185751395528168097918415955094509234284648129558993885723101612220962322803262235142756228663658717140825506397149
0.53327098789899185751395528168097918415955094509234284648129558993885723101612220962322803262235142756228663658717140825506397149
-0.55627764518804838331270365784529752719777410279486998607195440898835266367207128461687145096621791750278882194327168428492363777
0.55627764518804838331270365784529752719777410279486998607195440898835266367207128461687145096621791750278882194327168428492363777
-0.57886555410494113653169172887445046993044371395265539317502637262096907659088238631439213260770628731885761280135717711741163137
0.57886555410494113653169172887445046993044371395265539317502637262096907659088238631439213260770628731885761280135717711741163137
-0.60101771118014450675335735742390866521269168782429903390977492778847530406567764947474803734031563637214291329102900921205614176
0.60101771118014450675335735742390866521269168782429903390977492778847530406567764947474803734031563637214291329102900921205614176
-0.62271744096450033937053410448632049745745189786450093550291727514104498749046701533073815723249773938473245379469891204434457061
0.62271744096450033937053410448632049745745189786450093550291727514104498749046701533073815723249773938473245379469891204434457061
-0.64394840858198098979227428938283370823564642116193995453198580263736859895475552680092496865898178589797313650771714052378182297
0.64394840858198098979227428938283370823564642116193995453198580263736859895475552680092496865898178589797313650771714052378182297
-0.66469463202608134154210465805909245889675953246694311682938972677030221786031897794857645616425421528288050760361058834558898396
0.66469463202608134154210465805909245889675953246694311682938972677030221786031897794857645616425421528288050760361058834558898396
-0.68494049419058392316250934302433290533912356930264695138882055665571132674780492395484346443466180054342598022651513866562146524
0.68494049419058392316250934302433290533912356930264695138882055665571132674780492395484346443466180054342598022651513866562146524
-0.70467075462564136433485015655611627717986499070919583201408712513618041535866236749370012561457415259328525241781718818888244418
0.70467075462564136433485015655611627717986499070919583201408712513618041535866236749370012561457415259328525241781718818888244418
-0.72387056101032740875541802123526705283762647652278611164780322790652559285298048789152066519348636811693890328192408494267395565
0.72387056101032740875541802123526705283762647652278611164780322790652559285298048789152066519348636811693890328192408494267395565
-0.7425254603330214171046538558044120721825474224774607471968386308935743944456356059469843706582104713424084254968234974846923589
0.7425254603330214171046538558044120721825474224774607471968386308935743944456356059469843706582104713424084254968234974846923589
-0.76062140977121162066730779883811511791633584513526303336643583367155243679554922423580135107788609220081847516281694566438964162
0.76062140977121162066730779883811511791633584513526303336643583367155243679554922423580135107788609220081847516281694566438964162
-0.7781447872625292091571068799221399226499661787772880906931886141867039477030155295273779001129557682807292204883714051773309192
0.7781447872625292091571068799221399226499661787772880906931886141867039477030155295273779001129557682807292204883714051773309192
-0.79508240175905856031806156338270761419255108570204646251306144000533356061759761846178618334437960499770331774428474389916727396
0.79508240175905856031806156338270761419255108570204646251306144000533356061759761846178618334437960499770331774428474389916727396
-0.81142150315720848512109091383510271233087884607952773132376071663903125681245569494512673535961752113525039850764637136846877062
0.81142150315720848512109091383510271233087884607952773132376071663903125681245569494512673535961752113525039850764637136846877062
-0.82714979189567527286601505833479689740160789066588849102076786848947440888232125081799525939216397313297567399429767852961087985
0.82714979189567527286601505833479689740160789066588849102076786848947440888232125081799525939216397313297567399429767852961087985
-0.84225542821428067992275379885299945733493777272557517761528488795886688403059869514638104571098828642797341349320546529980881284
0.84225542821428067992275379885299945733493777272557517761528488795886688403059869514638104571098828642797341349320546529980881284
-0.85672704106672709359225788899702115139427699340329244394834955871891084592884873921846408685773026194615285277815280457168532937
0.85672704106672709359225788899702115139427699340329244394834955871891084592884873921846408685773026194615285277815280457168532937
-0.87055373668057849956798048538442602223269451227072731686396471115817759631271201135029881854461481621208396184313199725225544359
0.87055373668057849956798048538442602223269451227072731686396471115817759631271201135029881854461481621208396184313199725225544359
-0.88372510675805069915153621355757788974188725301768316105159949355628671279063064712686968421017524617353692087733352511925832552
0.88372510675805069915153621355757788974188725301768316105159949355628671279063064712686968421017524617353692087733352511925832552
-0.89623123631147952717764431987094787104582966449678926045488552544097287131321940699769121373703016521949174358670212670757429392
0.89623123631147952717764431987094787104582966449678926045488552544097287131321940699769121373703016521949174358670212670757429392
-0.90806271112763544583290211926330624989301462715536629452332946256836937369629226613929983560805278683141593921648382651826890891
0.90806271112763544583290211926330624989301462715536629452332946256836937369629226613929983560805278683141593921648382651826890891
-0.91921062485537403089232799926647738047877537646249978796878990251874813214207240625513120023953289097729904334768421829097900314
0.91921062485537403089232799926647738047877537646249978796878990251874813214207240625513120023953289097729904334768421829097900314
-0.92966658571146835940114747474379886397950898691056688548717091834875307601160365812361537445681677937268910300007835146537774226
0.92966658571146835940114747474379886397950898691056688548717091834875307601160365812361537445681677937268910300007835146537774226
-0.93942272279988858446481694167342282745318719381609531771362918262239966619592446607123496259215734687080736352023790229487927273
0.93942272279988858446481694167342282745318719381609531771362918262239966619592446607123496259215734687080736352023790229487927273
-0.9484716920403325782027302772146467762835459618516613684685752492331977150969562312610288321859729089823254806837457635272401647
0.9484716920403325782027302772146467762835459618516613684685752492331977150969562312610288321859729089823254806837457635272401647
-0.95680668170259139860698837362159973622335377033467213143696251486813854912761034081519149567493736529591036779296227093997778174
0.95680668170259139860698837362159973622335377033467213143696251486813854912761034081519149567493736529591036779296227093997778174
-0.96442141754463209839996668872772656086184239592410325426631493345895826264017260059533119948929887078707484671599621751836773427
0.96442141754463209839996668872772656086184239592410325426631493345895826264017260059533119948929887078707484671599621751836773427
-0.97131016755477102742806556318735806347305965260693861739951101608536567596563668534786648542372762899928875240451578859898203823
0.97131016755477102742806556318735806347305965260693861739951101608536567596563668534786648542372762899928875240451578859898203823
-0.97746774630375101482995890076511405292801040405768577062707065655137457825228330649312750525377409736136931178990662260192329884
0.97746774630375101482995890076511405292801040405768577062707065655137457825228330649312750525377409736136931178990662260192329884
-0.98288951892594633490762061173125899818164765057279730413048054568266218003815134249117368559858974948405386370010359695023156304
0.98288951892594633490762061173125899818164765057279730413048054568266218003815134249117368559858974948405386370010359695023156304
-0.98757140478630205727085763746807669601908229425305121019972680403295275895551019639611073546184141276150224737588650596530684008
0.98757140478630205727085763746807669601908229425305121019972680403295275895551019639611073546184141276150224737588650596530684008
-0.99150988100951573181253360353773436808554089369373248020674750856625777970476921173288372317236517505080142143160913216788096615
0.99150988100951573181253360353773436808554089369373248020674750856625777970476921173288372317236517505080142143160913216788096615
-0.99470198650695884887473348331591570619985607554067234842453998873655295367866590438750065167732875332274890928208482254888322114
0.99470198650695884887473348331591570619985607554067234842453998873655295367866590438750065167732875332274890928208482254888322114
-0.99714532937836596461862408878158485139029923071706285850698323101900907329079045584396685595655347148447116090127640001199819047
0.99714532937836596461862408878158485139029923071706285850698323101900907329079045584396685595655347148447116090127640001199819047
-0.99883811646207246314613528083140351283967406393649205327339684818777791829599663330131691766557649175035540197109536742527172428
0.99883811646207246314613528083140351283967406393649205327339684818777791829599663330131691766557649175035540197109536742527172428
-0.99977944979620107127250682918194128109427309502066139505293269856964459639908319395890410812301029629798835566626406460723654633
0.99977944979620107127250682918194128109427309502066139505293269856964459639908319395890410812301029629798835566626406460723654633