0
-0.12286469261071039638735981880803680553220534604978373842389353789270883496885841582643884994633105537597765980412319807495798299
0.12286469261071039638735981880803680553220534604978373842389353789270883496885841582643884994633105537597765980412319807495798299
-0.24386688372098843204519036279745158640563315632598447642113565325038747278585595067977636776325034060327548499765741611499098604
0.24386688372098843204519036279745158640563315632598447642113565325038747278585595067977636776325034060327548499765741611499098604
-0.36117230580938783773582173012764066742207834704337506979457877784674538239569654860329531506093761400789294612122811880889251054
0.36117230580938783773582173012764066742207834704337506979457877784674538239569654860329531506093761400789294612122811880889251054
-0.47300273144571496052218211500919204133181773846162729090723082769560327584128603010315684778279363544192787010704498085194787191
0.47300273144571496052218211500919204133181773846162729090723082769560327584128603010315684778279363544192787010704498085194787191
-0.57766293024122296772368984161265406739573503929151825664548350776102301275263202227671659646579649084013116066120581423363007531
0.57766293024122296772368984161265406739573503929151825664548350776102301275263202227671659646579649084013116066120581423363007531
-0.67356636847346836448512063324762217588341672807274931705965696177828773684928421158196368568030932194044282149314388130710588079
0.67356636847346836448512063324762217588341672807274931705965696177828773684928421158196368568030932194044282149314388130710588079
-0.75925926303735763057728286520436097638752201889833412091838973544501862882026240760763679724185230331463919586229072997574849347
0.75925926303735763057728286520436097638752201889833412091838973544501862882026240760763679724185230331463919586229072997574849347
-0.83344262876083400142102110869356956946096411382352078602086471546171813247709012525322973947759168107133491065937347489438160435
0.83344262876083400142102110869356956946096411382352078602086471546171813247709012525322973947759168107133491065937347489438160435
-0.89499199787827536885104200678280495417455484975358390306170168295917151090119945137118600693039178162093726882638295724438668488
0.89499199787827536885104200678280495417455484975358390306170168295917151090119945137118600693039178162093726882638295724438668488
-0.94297457122897433941401116965847053190520157060899014192745249713729532254404926130890521815127348327109666786665572159253743723
0.94297457122897433941401116965847053190520157060899014192745249713729532254404926130890521815127348327109666786665572159253743723
-0.97666392145951751149831538647959406774537055531440674467098742731616386753588055389644670948300617866819865983054648174635657479
0.97666392145951751149831538647959406774537055531440674467098742731616386753588055389644670948300617866819865983054648174635657479
-0.99555696979049809790878494689390161725756264940480817121080493113293348134372793448728802635294700756868258870429255515982287449
0.99555696979049809790878494689390161725756264940480817121080493113293348134372793448728802635294700756868258870429255515982287449