0
-0.035895616626800899472717182652823964453619059961485711323784695870692481539910637531063649226467507681833395516898154183022076985
0.035895616626800899472717182652823964453619059961485711323784695870692481539910637531063649226467507681833395516898154183022076985
-0.071744965501499429712830854356574136163497965944466079993220206864129894788620681032897485217767546600092635616146097008986696772
0.071744965501499429712830854356574136163497965944466079993220206864129894788620681032897485217767546600092635616146097008986696772
-0.10750183850894277160576247589996328906318106882024707545524806433770539542253071539546028333284345469921903339035207685664187208
0.10750183850894277160576247589996328906318106882024707545524806433770539542253071539546028333284345469921903339035207685664187208
-0.14312014673100813901239936702074451197191073090196852636606969848373226028983546237542048673411003542839371235412135371645107158
0.14312014673100813901239936702074451197191073090196852636606969848373226028983546237542048673411003542839371235412135371645107158
-0.1785539798530442142982294869841924425806255282143688775756187360293582752978973683329146193545066864129262699945383133147645765
0.1785539798530442142982294869841924425806255282143688775756187360293582752978973683329146193545066864129262699945383133147645765
-0.2137576653401016035937625776949258157430448463755731166183606565072873133309719444564869644931179969238212050625017052808901328
0.2137576653401016035937625776949258157430448463755731166183606565072873133309719444564869644931179969238212050625017052808901328
-0.24868582730667713159953792336031525664051583278808943208041497468887881367880727862722865753751455834602349168283272723219739788
0.24868582730667713159953792336031525664051583278808943208041497468887881367880727862722865753751455834602349168283272723219739788
-0.28329344500409187319445219536522872342378596452305587757793126287124084168485603456219334790124863145397726928266589876136138191
0.28329344500409187319445219536522872342378596452305587757793126287124084168485603456219334790124863145397726928266589876136138191
-0.31753591085011571433134364684927947187450636897034105647043573268382714552337359829784479390003384674726895928527145551710078156
0.31753591085011571433134364684927947187450636897034105647043573268382714552337359829784479390003384674726895928527145551710078156
-0.35136908792604131571569387866764570238159986066491630182547080745941085167772697181373840463626252776978702319740777155574519167
0.35136908792604131571569387866764570238159986066491630182547080745941085167772697181373840463626252776978702319740777155574519167
-0.38474936686709686366381117022235355816010693764407920171864648444543554454083511947555352715485405536597648491396898075555002789
0.38474936686709686366381117022235355816010693764407920171864648444543554454083511947555352715485405536597648491396898075555002789
-0.41763372207286905502991075614465215083666269328322975126454640393301260612134298438991066220598901157945103250450659424566201765
0.41763372207286905502991075614465215083666269328322975126454640393301260612134298438991066220598901157945103250450659424566201765
-0.44997976716528437840157310341058106024210863800676766209047427898798423517930273350445667713515182584171624987634871497880476142
0.44997976716528437840157310341058106024210863800676766209047427898798423517930273350445667713515182584171624987634871497880476142
-0.48174580962266680508946178150304493711052163482664567970123134924839133753215176465291090084536744745776862091389514640912974292
0.48174580962266680508946178150304493711052163482664567970123134924839133753215176465291090084536744745776862091389514640912974292
-0.51289090451945225914090951815373656563397180221026647449390628318095121777846466509347894182781912241358016779223400699002907831
0.51289090451945225914090951815373656563397180221026647449390628318095121777846466509347894182781912241358016779223400699002907831
-0.54337490730229335344261614934950399976950412529656222330534704747650320786622199602292236733173441025358708103669232836294046102
0.54337490730229335344261614934950399976950412529656222330534704747650320786622199602292236733173441025358708103669232836294046102
-0.57315852553453041187421278499211048465546476212639214680701113823368394638872674102440534392422673894177219710807733916130412264
0.57315852553453041187421278499211048465546476212639214680701113823368394638872674102440534392422673894177219710807733916130412264
-0.60220336954233520168795496689113700447241675798051573996733610282514433896378273733974131061503237164326123547871232640818710726
0.60220336954233520168795496689113700447241675798051573996733610282514433896378273733974131061503237164326123547871232640818710726
-0.63047200189725044729369477707581349706778655989879609452501314769154307406873540954808890075160270316199727237647889646200115228
0.63047200189725044729369477707581349706778655989879609452501314769154307406873540954808890075160270316199727237647889646200115228
-0.65792798567134939104295403519677119337444108932733159711876956910769778583305632880889721676311984573196128176387589887803210506
0.65792798567134939104295403519677119337444108932733159711876956910769778583305632880889721676311984573196128176387589887803210506
-0.68453593140282367411986151732875645624980665350492355136420994139313226592742968872472182532894716568620483660570673877713120739
0.68453593140282367411986151732875645624980665350492355136420994139313226592742968872472182532894716568620483660570673877713120739
-0.71026154271147290284196837856320682496328962297223731575226311748315984790330416953775612880302137507578541459554824177607104776
0.71026154271147290284196837856320682496328962297223731575226311748315984790330416953775612880302137507578541459554824177607104776
-0.73507166050531379410203604898500875045722427001966555387164794389247241094292604320160923218800845317360032901845233787510043259
0.73507166050531379410203604898500875045722427001966555387164794389247241094292604320160923218800845317360032901845233787510043259
-0.75893430572134931573542804126891399336347226631801548249445937942324176862325139212683131435036232926447518797667897439414182609
0.75893430572134931573542804126891399336347226631801548249445937942324176862325139212683131435036232926447518797667897439414182609
-0.78181872054543773635467798857177060138895695329415469180875854069103563592928678305461526419875371944076927535928555674457338957
0.78181872054543773635467798857177060138895695329415469180875854069103563592928678305461526419875371944076927535928555674457338957
-0.80369540805817777823532111389631308986592236795876170181831566973115387869750750230486623041338825898224079946954310375559492167
0.80369540805817777823532111389631308986592236795876170181831566973115387869750750230486623041338825898224079946954310375559492167
-0.82453617025578048013343472549463409581636996099238210932060255206672974433965945317449165268600310348786989975021275969370597928
0.82453617025578048013343472549463409581636996099238210932060255206672974433965945317449165268600310348786989975021275969370597928
-0.84431414439703522024055702001989300788564270441370548585549515376600500637758624313743943700993136844138761614078024897161058683
0.84431414439703522024055702001989300788564270441370548585549515376600500637758624313743943700993136844138761614078024897161058683
-0.86300383762970660257019048918059506388488601181549416331161754306750037374005215345933080475019740966779593680573824379703422189
0.86300383762970660257019048918059506388488601181549416331161754306750037374005215345933080475019740966779593680573824379703422189
-0.88058115985204184105771321608065814756639777629847014495398243364240681420273010257620673504075080233818051803280515247932686801
0.88058115985204184105771321608065814756639777629847014495398243364240681420273010257620673504075080233818051803280515247932686801
-0.89702345476756936701732626055870643999381574720998263290768354261588615939369521418621926416396994356393484219692071842513615979
0.89702345476756936701732626055870643999381574720998263290768354261588615939369521418621926416396994356393484219692071842513615979
-0.91230952909412288438298335795824190063627871450948918359835006024802777476546552908278137716276979022881502377529582190547505336
0.91230952909412288438298335795824190063627871450948918359835006024802777476546552908278137716276979022881502377529582190547505336
-0.92641967989123721995146418278272136092955438534033801689844717949808754384307452300502247467038063299598142001367445004600706379
0.92641967989123721995146418278272136092955438534033801689844717949808754384307452300502247467038063299598142001367445004600706379
-0.9393357199742057478779880928860092306359218253214421345151853712145339046001515809336900357540464041098650597887999941825936
0.9393357199742057478779880928860092306359218253214421345151853712145339046001515809336900357540464041098650597887999941825936
-0.95104100138931357391911901052327844788422917219519919385599527270616816625312685924021517814312688544290592162222175779953856131
0.95104100138931357391911901052327844788422917219519919385599527270616816625312685924021517814312688544290592162222175779953856131
-0.96152043693607316926422968322487493050686869798060158524864604851697588894180154087329829641776445842894375864613833393007840063
0.96152043693607316926422968322487493050686869798060158524864604851697588894180154087329829641776445842894375864613833393007840063
-0.97076051974728427435354730906652230253226916339579217011374271574759447869775309028761066392935421927565586955954860798202386618
0.97076051974728427435354730906652230253226916339579217011374271574759447869775309028761066392935421927565586955954860798202386618
-0.97874934100381627242647803756942348207954935465157043586311389654905583814839282090403011432380606219815593140496836872564842852
0.97874934100381627242647803756942348207954935465157043586311389654905583814839282090403011432380606219815593140496836872564842852
-0.98547660606842036796380790822650648967736606933771188759341385369987093919970963271984108265331862526363296888368978513162388496
0.98547660606842036796380790822650648967736606933771188759341385369987093919970963271984108265331862526363296888368978513162388496
-0.99093365011096457052286782353888400751744586947177834428952117416502657992814605714342569836587813352261403968312556451339553822
0.99093365011096457052286782353888400751744586947177834428952117416502657992814605714342569836587813352261403968312556451339553822
-0.99511345813799200594550833041623102715997529363182854208328332714815550522179559773525666835014482640038866371988131294485511332
0.99511345813799200594550833041623102715997529363182854208328332714815550522179559773525666835014482640038866371988131294485511332
-0.99801072156298235808167889143184637647347706385664214678000239552270245000693782120679573783357663941927022370975196218868067734
0.99801072156298235808167889143184637647347706385664214678000239552270245000693782120679573783357663941927022370975196218868067734
-0.99962235043248427238909618574949756539039949065840032081048659990970255107872672250000526622975710695327933579072482523280088997
0.99962235043248427238909618574949756539039949065840032081048659990970255107872672250000526622975710695327933579072482523280088997