-0.014214727100750172360867510094983448461628673762606615359991229220134574793175433068398455697956479825220613632118089280593423722
0.014214727100750172360867510094983448461628673762606615359991229220134574793175433068398455697956479825220613632118089280593423722
-0.042632692243223251846010301462980094372702857363479148033982880901419009802537510021299051233897075842172833926703487317865221101
0.042632692243223251846010301462980094372702857363479148033982880901419009802537510021299051233897075842172833926703487317865221101
-0.071016199494651548999647243524594601774443982190116431783339546276186900572964512264852810711471594111372555860789213404570150103
0.071016199494651548999647243524594601774443982190116431783339546276186900572964512264852810711471594111372555860789213404570150103
-0.099342307873623148948913291426888348723654614003828894297047376973854428076490201096841799797529202288527120429265349050799511656
0.099342307873623148948913291426888348723654614003828894297047376973854428076490201096841799797529202288527120429265349050799511656
-0.12758812279139008057795362253806136682382732840335865370225666174463981744659600988222700606876437609620063573138290624492503281
0.12758812279139008057795362253806136682382732840335865370225666174463981744659600988222700606876437609620063573138290624492503281
-0.15573081455642979575001527007427039610613873554746914375681764414848618113072074036864943841814102931215260490664154356079359091
0.15573081455642979575001527007427039610613873554746914375681764414848618113072074036864943841814102931215260490664154356079359091
-0.18374763682655347888221349067949803837237109071966671957820683027993959323501267973812323437871296887450164911641183498433463645
0.18374763682655347888221349067949803837237109071966671957820683027993959323501267973812323437871296887450164911641183498433463645
-0.2116159449936472760254243932372744998480544895076626170727940150102806701034872156039799778829815199338276028822386789797600188
0.2116159449936472760254243932372744998480544895076626170727940150102806701034872156039799778829815199338276028822386789797600188
-0.23931321448618698369227920448401652668229232180688795375571838923791779682469165142088192301559394132401944450743207205884776436
0.23931321448618698369227920448401652668229232180688795375571838923791779682469165142088192301559394132401944450743207205884776436
-0.26681705897473319943426870160968542529085161016063297803146906173409697922593127625467747864238579306788811920058171757652493233
0.26681705897473319943426870160968542529085161016063297803146906173409697922593127625467747864238579306788811920058171757652493233
-0.29410524846569235497622913398305236940623441080344539199257405782816374514929931138065897315039570942443925900169416873953893174
0.29410524846569235497622913398305236940623441080344539199257405782816374514929931138065897315039570942443925900169416873953893174
-0.32115572726871936532240170204580619332025707856942208705331076387746054828985786086903067826944949417869190143745088577277211585
0.32115572726871936532240170204580619332025707856942208705331076387746054828985786086903067826944949417869190143745088577277211585
-0.34794663182323976083002433229825896075894636940094970657958597471638514932964930402933060142467198713682739167943276490186670899
0.34794663182323976083002433229825896075894636940094970657958597471638514932964930402933060142467198713682739167943276490186670899
-0.37445630836968304147996473538290905637342998355995102789724541033738138276244290102123224208289062313802830222507954299643549719
0.37445630836968304147996473538290905637342998355995102789724541033738138276244290102123224208289062313802830222507954299643549719
-0.40066333045114451171694570674889155714211394914134258416722089608942369810521331015629667255440979959706323418258102286121293852
0.40066333045114451171694570674889155714211394914134258416722089608942369810521331015629667255440979959706323418258102286121293852
-0.42654651623132991922053665934407858302829478268261754120371290012753146769617811647735281376797084089238984229682951879258408805
0.42654651623132991922053665934407858302829478268261754120371290012753146769617811647735281376797084089238984229682951879258408805
-0.45208494561478572152919395357691308459523152563358975588501991125842085281529575057516625464291053980316084433383201799097768421
0.45208494561478572152919395357691308459523152563358975588501991125842085281529575057516625464291053980316084433383201799097768421
-0.47725797715557762122241961984516860241387301429781627576707755311921816018014434510304892739060492234472951430616833611224169435
0.47725797715557762122241961984516860241387301429781627576707755311921816018014434510304892739060492234472951430616833611224169435
-0.50204526474075101509722752365355525700492205892076458072929088027439385303295781178480426296680017079070791412352720090961793266
0.50204526474075101509722752365355525700492205892076458072929088027439385303295781178480426296680017079070791412352720090961793266
-0.52642677403508905844434592368048390772027864716113169639132795674966492754939407436236685840221197783099796124274267729407101215
0.52642677403508905844434592368048390772027864716113169639132795674966492754939407436236685840221197783099796124274267729407101215
-0.5503827986738770066160453314847584601496018454586316384909546560980535930090568451887466522801946124714548371786799996277318991
0.5503827986738770066160453314847584601496018454586316384909546560980535930090568451887466522801946124714548371786799996277318991
-0.57389397619058520883109744413095986611688367994076340695347781181475790193444214142997049246953200440064555582158172249382681683
0.57389397619058520883109744413095986611688367994076340695347781181475790193444214142997049246953200440064555582158172249382681683
-0.59694130366659743196302227343082780530051551279131597379584620529495248167692836668608082143816849361374189848356689671437426139
0.59694130366659743196302227343082780530051551279131597379584620529495248167692836668608082143816849361374189848356689671437426139
-0.61950615309033591588559174665211011060737884085322748215580904917680209258632769697163447009159268505594151537718738760077486713
0.61950615309033591588559174665211011060737884085322748215580904917680209258632769697163447009159268505594151537718738760077486713
-0.64157028641336953101782214610518223628664003215964659664361476677823916853733898596954663294190199322978249033213882302056279317
0.64157028641336953101782214610518223628664003215964659664361476677823916853733898596954663294190199322978249033213882302056279317
-0.66311587029133644134089909731990907601396671719006605991732145207037371342854641951931122144924635784926573982680340427690505891
0.66311587029133644134089909731990907601396671719006605991732145207037371342854641951931122144924635784926573982680340427690505891
-0.68412549049776758602292026109160271264279984553970979514310079250936193223204263001115148510351194738746754706409039820210452689
0.68412549049776758602292026109160271264279984553970979514310079250936193223204263001115148510351194738746754706409039820210452689
-0.70458216599916189071054589807481388091148142028186811917934610743467980546487220727981896149918456171321530547938664312660813614
0.70458216599916189071054589807481388091148142028186811917934610743467980546487220727981896149918456171321530547938664312660813614
-0.72446936267993821619795803449397388248861988056560535216955347039898792152849402609208918231927070406114159945004991687519913528
0.72446936267993821619795803449397388248861988056560535216955347039898792152849402609208918231927070406114159945004991687519913528
-0.74377100670617246215826787172287765207427476906976084450999641002412823801263688489567387550560954620103337778292808234320523481
0.74377100670617246215826787172287765207427476906976084450999641002412823801263688489567387550560954620103337778292808234320523481
-0.76247149751732079178438352405609850060550039126650025369375577660263309637177738242963586976825419676837354362917139915391283155
0.76247149751732079178438352405609850060550039126650025369375577660263309637177738242963586976825419676837354362917139915391283155
-0.78055572043543147471028057856776978453900728045550183870520771212997166791827877112584897694973807224246687373796490478247959377
0.78055572043543147471028057856776978453900728045550183870520771212997166791827877112584897694973807224246687373796490478247959377
-0.79800905888165824217946749680735643807390771051272300808977076294451384298718876835287572985828371056087208571830338640881217857
0.79800905888165824217946749680735643807390771051272300808977076294451384298718876835287572985828371056087208571830338640881217857
-0.81481740619020725508108605011579869872026367504588528227320183806146846846917185896592028734740165086943642011764450457549239132
0.81481740619020725508108605011579869872026367504588528227320183806146846846917185896592028734740165086943642011764450457549239132
-0.83096717701017785544898827692512188619237784345739300987888380111022598625053304842388299792033335170122596572378805945369688121
0.83096717701017785544898827692512188619237784345739300987888380111022598625053304842388299792033335170122596572378805945369688121
-0.84644531828609444425672750955156699857519957807906534812153227476150020970196708847338682291891971964248117313108761182550779444
0.84644531828609444425672750955156699857519957807906534812153227476150020970196708847338682291891971964248117313108761182550779444
-0.86123931980827366370831231419556936993283835263896036936552508219791449983968018219281245541528835189627357991119082175267362149
0.86123931980827366370831231419556936993283835263896036936552508219791449983968018219281245541528835189627357991119082175267362149
-0.87533722432452868939890620614655764964911131088160037288816260469430506003661620782341707532093513406147242514613712631510951452
0.87533722432452868939890620614655764964911131088160037288816260469430506003661620782341707532093513406147242514613712631510951452
-0.8887276372050830090976732844252827696562423549943563655941977230009590730545092912940382168839596932035652832464126494904184339
0.8887276372050830090976732844252827696562423549943563655941977230009590730545092912940382168839596932035652832464126494904184339
-0.90139973565295362723820664293439343332485039401172811304294735074040184713943149596109837168880876999717580510914897124625028678
0.90139973565295362723820664293439343332485039401172811304294735074040184713943149596109837168880876999717580510914897124625028678
-0.91334327745247584610711289808345916298378892393083369022622905630687782718640712877346797798078208262981111588388780469666787631
0.91334327745247584610711289808345916298378892393083369022622905630687782718640712877346797798078208262981111588388780469666787631
-0.92454860924909341884619024766401136375766914947279064511540554076873735085102527899269173482671008348226819705930862961707282274
0.92454860924909341884619024766401136375766914947279064511540554076873735085102527899269173482671008348226819705930862961707282274
-0.93500667435405832823392603198053957258582354335189551466885600875388103953793035615648783414491762014227050924440918144593700994
0.93500667435405832823392603198053957258582354335189551466885600875388103953793035615648783414491762014227050924440918144593700994
-0.94470902006833434668728847720598684854721061404283712390183623700536258897874384433784410991768767279222397010097233657732913749
0.94470902006833434668728847720598684854721061404283712390183623700536258897874384433784410991768767279222397010097233657732913749
-0.95364780452090875213817770809927367641425243058879389489437975043889625669217122981886468837905084212504764916478946796891052141
0.95364780452090875213817770809927367641425243058879389489437975043889625669217122981886468837905084212504764916478946796891052141
-0.96181580301818510605062502454496190254809065521071842303739469231003333396933949344286937383571421146645548869382027922019534051
0.96181580301818510605062502454496190254809065521071842303739469231003333396933949344286937383571421146645548869382027922019534051
-0.96920641390387935584148081003906718160800875272160388256547210249850998602301507021889822900117522677546262735351444158594219333
0.96920641390387935584148081003906718160800875272160388256547210249850998602301507021889822900117522677546262735351444158594219333
-0.9758136639347589195488130687592846784090235740574032618093335936140044449807328729364265455461737590503875820641785442794149559
0.9758136639347589195488130687592846784090235740574032618093335936140044449807328729364265455461737590503875820641785442794149559
-0.98163221319204052612442700160464127175829150006469060350654209582081223571144597035186426386256989984965268845249172916474397587
0.98163221319204052612442700160464127175829150006469060350654209582081223571144597035186426386256989984965268845249172916474397587
-0.98665735958847874666375391013007972560362263889928288703197884744886249168782958110477743845054938184085919408437893641839145736
0.98665735958847874666375391013007972560362263889928288703197884744886249168782958110477743845054938184085919408437893641839145736
-0.99088504315999525022720224377130378748261381350755243272755616775415880926826229279720376334966888566490837025482919038605329958
0.99088504315999525022720224377130378748261381350755243272755616775415880926826229279720376334966888566490837025482919038605329958
-0.99431185082360012106741090882163662776083819744307517284129479854639614359799090676438879500837732934318485368491299780506598245
0.99431185082360012106741090882163662776083819744307517284129479854639614359799090676438879500837732934318485368491299780506598245
-0.99693502469019116209158510210202927932394007772845474544268151745014351427071237708006734676970194619600317317632324273527040179
0.99693502469019116209158510210202927932394007772845474544268151745014351427071237708006734676970194619600317317632324273527040179
-0.99875249408940159736718249293126184315030152098386756882552654629545268785066352781736402914558615785208058263106018967911208424
0.99875249408940159736718249293126184315030152098386756882552654629545268785066352781736402914558615785208058263106018967911208424
-0.99976319410985328632167669427573396663283842887325933015505008590483121053636831466762025606360658826481705651049034192783382152
0.99976319410985328632167669427573396663283842887325933015505008590483121053636831466762025606360658826481705651049034192783382152