-0.033772190016052041519557831891439763815916115996201920682105177728262501319912988315403218535990837100190721107062987376493945992
0.033772190016052041519557831891439763815916115996201920682105177728262501319912988315403218535990837100190721107062987376493945992
-0.10116247530558423951585965700864939088187136050149373961951596045442290057049807328749377714038783981612684129241622733527467529
0.10116247530558423951585965700864939088187136050149373961951596045442290057049807328749377714038783981612684129241622733527467529
-0.16809117946710352860679673742770212744748928183646939673198254433038119837339749478490104205961882799760496774222770781507967107
0.16809117946710352860679673742770212744748928183646939673198254433038119837339749478490104205961882799760496774222770781507967107
-0.2342529222062697686260561155737924925740888219904980256225286351457074736563581262614009886006941380630179857376820382013589473
0.2342529222062697686260561155737924925740888219904980256225286351457074736563581262614009886006941380630179857376820382013589473
-0.29934582270187001548343925657790392935609231755423834922366658784363328187394987288857624641476030585414534254631884274112809474
0.29934582270187001548343925657790392935609231755423834922366658784363328187394987288857624641476030585414534254631884274112809474
-0.36307287702099571012370697851465168984738884285764247149798374968446197858460602915665580788311642768405711645506779022749517815
0.36307287702099571012370697851465168984738884285764247149798374968446197858460602915665580788311642768405711645506779022749517815
-0.42514331328282839732214686342856741916933776910793469168205628329840028972377203582395160463646812665473170599290069039129100653
0.42514331328282839732214686342856741916933776910793469168205628329840028972377203582395160463646812665473170599290069039129100653
-0.48527391838816466277232019370845480831966755928303870354450244890485851878064590938258185679811120758964107069555333692666319827
0.48527391838816466277232019370845480831966755928303870354450244890485851878064590938258185679811120758964107069555333692666319827
-0.54319033026180263527096269102887683603397847038491608539084024130646786034332526662857127335966179886229864477511426944903386098
0.54319033026180263527096269102887683603397847038491608539084024130646786034332526662857127335966179886229864477511426944903386098
-0.59862828971271515317717253360016731014846633456462994782216839947628378754029831145073587827128866450046268420446984193146477634
0.59862828971271515317717253360016731014846633456462994782216839947628378754029831145073587827128866450046268420446984193146477634
-0.65133484620199771510647715581685936722760405731847593944921216035593463186255848437079834740740004107876491269075769578451187399
0.65133484620199771510647715581685936722760405731847593944921216035593463186255848437079834740740004107876491269075769578451187399
-0.70106951202040569751212208942650045024957598314993864646843729900930115561799675787611263561721009596862457747408027987094724425
0.70106951202040569751212208942650045024957598314993864646843729900930115561799675787611263561721009596862457747408027987094724425
-0.74760535961566605400033650526800286890572218000254649496931338717575366048164208286404171796980615935207805936572173888329860544
0.74760535961566605400033650526800286890572218000254649496931338717575366048164208286404171796980615935207805936572173888329860544
-0.79073005707527425518914414742030241114796951308471110986900787968474710013891232280068355155259741341566798145823800354311311428
0.79073005707527425518914414742030241114796951308471110986900787968474710013891232280068355155259741341566798145823800354311311428
-0.83024683706606605303238530479080611799580625397038060803024487939995120159579717846168705538920041848063225898189735179340896379
0.83024683706606605303238530479080611799580625397038060803024487939995120159579717846168705538920041848063225898189735179340896379
-0.86597539486685806291588877681659843868730474433790448403030130548263463974411812613345198380493760769049480918188332272409191151
0.86597539486685806291588877681659843868730474433790448403030130548263463974411812613345198380493760769049480918188332272409191151
-0.89775271153394196570131995131978128945462964530135108998141999815817093288524709272332736559034959727040753552200670321572791476
0.89775271153394196570131995131978128945462964530135108998141999815817093288524709272332736559034959727040753552200670321572791476
-0.92543379880675395097749135769912425888234375643895584760120362665384903067543541227599206612853189699670512326981215313394555084
0.92543379880675395097749135769912425888234375643895584760120362665384903067543541227599206612853189699670512326981215313394555084
-0.94889236344608979562221353943691413952577138329324533278109356594892332088908691215152893605065996357661899209870639748525399782
0.94889236344608979562221353943691413952577138329324533278109356594892332088908691215152893605065996357661899209870639748525399782
-0.96802139185399194273774806637181550852231182635363010071532017388889576766078850924075303432339831408904348658902475218037514632
0.96802139185399194273774806637181550852231182635363010071532017388889576766078850924075303432339831408904348658902475218037514632
-0.98273366980416686347797957965918872021956337029842880064581916682988874644380628514510805029143217719984824151524918605125442426
0.98273366980416686347797957965918872021956337029842880064581916682988874644380628514510805029143217719984824151524918605125442426
-0.99296234890617436407309544466619340912110283090838402519884761742266411253032550124086056974004417133073795032877984347987440316
0.99296234890617436407309544466619340912110283090838402519884761742266411253032550124086056974004417133073795032877984347987440316
-0.99866304213381798112826841739088877458415560743463172609110554500267765981146541170719223445783888811615083447547931905351673287
0.99866304213381798112826841739088877458415560743463172609110554500267765981146541170719223445783888811615083447547931905351673287