-0.036948943165351775813095980037559426641708452249222531349645010606524170696083857530217773875697544219694960358827157795471132564
0.036948943165351775813095980037559426641708452249222531349645010606524170696083857530217773875697544219694960358827157795471132564
-0.1106450272085198683491225450026410048673440244836308074034761448800633088328708252925406909348536470975394047810493795607933983
0.1106450272085198683491225450026410048673440244836308074034761448800633088328708252925406909348536470975394047810493795607933983
-0.18373680656485455085275563938074294093332396162251510035441157135321197371152058846666883461200406835874855155024340995139059824
0.18373680656485455085275563938074294093332396162251510035441157135321197371152058846666883461200406835874855155024340995139059824
-0.25582507934287908396641479101870844876876645646540095466069816670764797549059403878094032183560864913886352397300226040281018142
0.25582507934287908396641479101870844876876645646540095466069816670764797549059403878094032183560864913886352397300226040281018142
-0.32651612446541151219715658937546566905841147049858452393819663381343621393320002297562129722732975847324222172949023535303705298
0.32651612446541151219715658937546566905841147049858452393819663381343621393320002297562129722732975847324222172949023535303705298
-0.39542385204297505767709395459437198079917857648635348826197551043823347521768174733802188547528434785416402469822061334006526667
0.39542385204297505767709395459437198079917857648635348826197551043823347521768174733802188547528434785416402469822061334006526667
-0.4621719120704219297590750299306359851096649084736086310928303621397541386322989729573907095723929775694802205247147682853041958
0.4621719120704219297590750299306359851096649084736086310928303621397541386322989729573907095723929775694802205247147682853041958
-0.52639574993119228759286755879190146143573976492990992892843235117865284233086607731561488701987984170964617952478132288436527073
0.52639574993119228759286755879190146143573976492990992892843235117865284233086607731561488701987984170964617952478132288436527073
-0.58774459748510932284071134547399571990543130482800164589825627022186978576429851573399398196412916820434148170301999412905377263
0.58774459748510932284071134547399571990543130482800164589825627022186978576429851573399398196412916820434148170301999412905377263
-0.64588338886924783395749630371841170116908654384014386468472621835418653748299305259028588063508265145835279893854548376581273974
0.64588338886924783395749630371841170116908654384014386468472621835418653748299305259028588063508265145835279893854548376581273974
-0.70049459055617121374156992905546553430017594180009318112756928038264572618529679003984096470898908387861728685235052369124361059
0.70049459055617121374156992905546553430017594180009318112756928038264572618529679003984096470898908387861728685235052369124361059
-0.75127993568948048956847217591465865550256451982954092485393123073617912874256129719049352772601228319708517524996664183070964292
0.75127993568948048956847217591465865550256451982954092485393123073617912874256129719049352772601228319708517524996664183070964292
-0.7979620532554874132327059525463766601323755112906541340580999385164149611421833697828851776979629423858549033940207851472160653
0.7979620532554874132327059525463766601323755112906541340580999385164149611421833697828851776979629423858549033940207851472160653
-0.84028598326181690092543999508609981782339857519356835680510727772958176039120172800734305691324221966334080255160260483176188887
0.84028598326181690092543999508609981782339857519356835680510727772958176039120172800734305691324221966334080255160260483176188887
-0.87802056981217274271198510347862353406281971624391859875586127032350419675320641699456624921037411327254530513167089723200923236
0.87802056981217274271198510347862353406281971624391859875586127032350419675320641699456624921037411327254530513167089723200923236
-0.91095972490412745258384787920850654231890035133945560387844813369315012265686213954215915379253550581591137325740733625732159838
0.91095972490412745258384787920850654231890035133945560387844813369315012265686213954215915379253550581591137325740733625732159838
-0.93892355735498817853317343362559197025138781845017187084180344942000909226209625553226076216372871342100463953942233412754131017
0.93892355735498817853317343362559197025138781845017187084180344942000909226209625553226076216372871342100463953942233412754131017
-0.96175936533820448874692715785332268117172128891403199897862970601663056316358403509863887020688763598635014688415853726749660704
0.96175936533820448874692715785332268117172128891403199897862970601663056316358403509863887020688763598635014688415853726749660704
-0.97934250806374819370898256654285609558647498012906292861550926997550439238282630645462954867344342073784909608968302481861041841
0.97934250806374819370898256654285609558647498012906292861550926997550439238282630645462954867344342073784909608968302481861041841
-0.99157728834086091979236125328086883345269326473710401757687904813164473149605570331376562506359025678104543677849508648332392245
0.99157728834086091979236125328086883345269326473710401757687904813164473149605570331376562506359025678104543677849508648332392245
-0.99839961899006241502286812684705027617787608352278125176485550254510168804585364372256021206701899342043400060582177998763238667
0.99839961899006241502286812684705027617787608352278125176485550254510168804585364372256021206701899342043400060582177998763238667