-0.013035172768578637617654646560194081525247563098364831909507762418222021030322455655635714777323169918416799792135999891259324052
0.013035172768578637617654646560194081525247563098364831909507762418222021030322455655635714777323169918416799792135999891259324052
-0.039096658629682162285889586333125527555124644103948233897738645216128657118994742101818139733942565537792267899225346157238039239
0.039096658629682162285889586333125527555124644103948233897738645216128657118994742101818139733942565537792267899225346157238039239
-0.065131571484321510537135042828751268207289870180867328614483532935646101558588567958436195319080760670301100614675242732658603985
0.065131571484321510537135042828751268207289870180867328614483532935646101558588567958436195319080760670301100614675242732658603985
-0.091122216063084689773787837496926525859927598395369190667910939468906412779374990976531748624943958721716253156430861245382451919
0.091122216063084689773787837496926525859927598395369190667910939468906412779374990976531748624943958721716253156430861245382451919
-0.11705092718458390263524551663612767379165561818652992700120951621065545887271781554677100355738021596642841171197568850671847867
0.11705092718458390263524551663612767379165561818652992700120951621065545887271781554677100355738021596642841171197568850671847867
-0.14290008176203125318064156248466093306332636371893672809977105938755187788640084543433186975034210002380692134824470676059665376
0.14290008176203125318064156248466093306332636371893672809977105938755187788640084543433186975034210002380692134824470676059665376
-0.16865211078120383709685663801123082687317826908677243368467041250328618056834818772448927666758202379081176525399937259348273423
0.16865211078120383709685663801123082687317826908677243368467041250328618056834818772448927666758202379081176525399937259348273423
-0.19428951124165710204860730463848955279411010223154650576546893663568806818005499212258168818531045608721749928520440734505984305
0.19428951124165710204860730463848955279411010223154650576546893663568806818005499212258168818531045608721749928520440734505984305
-0.2197948580530703440178203453831172051569549904773948487367317360365180372771305696287398036707502873904223103012396612229828509
0.2197948580530703440178203453831172051569549904773948487367317360365180372771305696287398036707502873904223103012396612229828509
-0.24515081587863870169214780899038482476614112463192040342054403304155414186822925306272805648433199723923681472966242855745391107
0.24515081587863870169214780899038482476614112463192040342054403304155414186822925306272805648433199723923681472966242855745391107
-0.27034015091746200295568208550774777868546133814398420387366447944305291638500732393149634857990544934773312716782525187263730512
0.27034015091746200295568208550774777868546133814398420387366447944305291638500732393149634857990544934773312716782525187263730512
-0.29534574261792228087939643667605135808685003207530811001900047630001221389141835006514397445931963098095511708713493421161271771
0.29534574261792228087939643667605135808685003207530811001900047630001221389141835006514397445931963098095511708713493421161271771
-0.32015059531408868316613882786044218648188885449991832086925240477002039777297500679371659662139977402353376725247589971914629397
0.32015059531408868316613882786044218648188885449991832086925240477002039777297500679371659662139977402353376725247589971914629397
-0.34473784977724081694920562306111401641058373128919196865408412687080668277582063381718510159315322407293532843997631171355394194
0.34473784977724081694920562306111401641058373128919196865408412687080668277582063381718510159315322407293532843997631171355394194
-0.36909079467465926468609070076347314032359129834605757431845308881354802125269471444862427085368005667838756819187523219528325882
0.36909079467465926468609070076347314032359129834605757431845308881354802125269471444862427085368005667838756819187523219528325882
-0.39319287792789503750732171595379724150945600140776430971508784177012222441411928556292728412819749776313911015307847184260225993
0.39319287792789503750732171595379724150945600140776430971508784177012222441411928556292728412819749776313911015307847184260225993
-0.41702771796279805705003259925766206442378755893783625502917605122925975816620823590318752184636806215530238618661225750816433193
0.41702771796279805705003259925766206442378755893783625502917605122925975816620823590318752184636806215530238618661225750816433193
-0.44057911484365832923783176465973057276155143692257627837084975609239509883134761024947522860771166564967742303953490371232421261
0.44057911484365832923783176465973057276155143692257627837084975609239509883134761024947522860771166564967742303953490371232421261
-0.46383106128389224385027929832950686508220084306738162731475041935466993859589843480793396496787377838288283201117013720941651706
0.46383106128389224385027929832950686508220084306738162731475041935466993859589843480793396496787377838288283201117013720941651706
-0.48676775352579034876932167284358454725359866568376777502240497779422016573687855183280417481931454744794391595441525420303389802
0.48676775352579034876932167284358454725359866568376777502240497779422016573687855183280417481931454744794391595441525420303389802
-0.5093736020819319507887539496579494252985807445460166521369833795147193157668032117729251529753562777961411094044172948369770678
0.5093736020819319507887539496579494252985807445460166521369833795147193157668032117729251529753562777961411094044172948369770678
-0.53163324233096592576301761282584528314698743979969750176836237710796408595892699855849502971278882267768312600834127230823864635
0.53163324233096592576301761282584528314698743979969750176836237710796408595892699855849502971278882267768312600834127230823864635
-0.55353154496055611631111212927764831030607745874928549000413526209662566706791689985786788286149228877984733070476504832081085899
0.55353154496055611631111212927764831030607745874928549000413526209662566706791689985786788286149228877984733070476504832081085899
-0.57505362625039358875111262544036322015270278401448742021704641926807587347575621694789139189062560570641489089969332961375852143
0.57505362625039358875111262544036322015270278401448742021704641926807587347575621694789139189062560570641489089969332961375852143
-0.59618485818828674281918120268033740973593591650470549898469676702166802883342743054874579854036109666670197624314631729863516936
0.59618485818828674281918120268033740973593591650470549898469676702166802883342743054874579854036109666670197624314631729863516936
-0.61691087841245374549419030416127621051223435890510004991440299085699479362038125825846324639362802550167235889770786688814844793
0.61691087841245374549419030416127621051223435890510004991440299085699479362038125825846324639362802550167235889770786688814844793
-0.63721759997325991863400644489172983458073188487710567112176541763576379430385200624345954379327155624859540773988493731278783652
0.63721759997325991863400644489172983458073188487710567112176541763576379430385200624345954379327155624859540773988493731278783652
-0.65709122090776547136810982342056386739920945804391874533336367430401916980862415775559350594350992265225895935491840138259213633
0.65709122090776547136810982342056386739920945804391874533336367430401916980862415775559350594350992265225895935491840138259213633
-0.67651823362057625236487399644166171543310423908685388201662723754782654195235233757103079146001218116200507209536552726941699299
0.67651823362057625236487399644166171543310423908685388201662723754782654195235233757103079146001218116200507209536552726941699299
-0.69548543406462192259838987271266725698424673287147965049085599318075998038002929103814010922178690761757896270532281449222224856
0.69548543406462192259838987271266725698424673287147965049085599318075998038002929103814010922178690761757896270532281449222224856
-0.71397993071562203346484423557979804276984706783571715246314967798065511012387910797457606148756607174495427857172417106655495216
0.71397993071562203346484423557979804276984706783571715246314967798065511012387910797457606148756607174495427857172417106655495216
-0.73198915333414085539143488818132509229260786763700726560796872669750328100104370668916343775076516574065928954592414441143546582
0.73198915333414085539143488818132509229260786763700726560796872669750328100104370668916343775076516574065928954592414441143546582
-0.74950086150927635720104326898537739365941071081521885866513031614519462466043084030311341676310014237601278683721621263063038263
0.74950086150927635720104326898537739365941071081521885866513031614519462466043084030311341676310014237601278683721621263063038263
-0.7665031529781774087969423984830611530021562051084918728824951739942635349200901697309717571776027349579602404195641359374380129
0.7665031529781774087969423984830611530021562051084918728824951739942635349200901697309717571776027349579602404195641359374380129
-0.78298447171573599851809359315116059986073714098551836209401180024151625089576910048657657147372595815421706031495909736292833166
0.78298447171573599851809359315116059986073714098551836209401180024151625089576910048657657147372595815421706031495909736292833166
-0.79893361578895796329302304844578003454709026121561030275169472621864282146507687794890790833587270467069605292910586061121755391
0.79893361578895796329302304844578003454709026121561030275169472621864282146507687794890790833587270467069605292910586061121755391
-0.81433974497067638655638582224499835373600954474262834923885638706913438854196393732566024145114820924597475372337358770497649488
0.81433974497067638655638582224499835373600954474262834923885638706913438854196393732566024145114820924597475372337358770497649488
-0.82919238810743642197063713392341943395065712090637100041804579516141181055648082974068587320484942161032562146649776842855263729
0.82919238810743642197063713392341943395065712090637100041804579516141181055648082974068587320484942161032562146649776842855263729
-0.84348145023654890301074387907520947099994719670424189221557023573403062657711365045446871865768194942464423177094466243851414837
0.84348145023654890301074387907520947099994719670424189221557023573403062657711365045446871865768194942464423177094466243851414837
-0.85719721944748284637694428919985677406592633840213678825968368781113449012157326544469370656289330540978494016596936096681107888
0.85719721944748284637694428919985677406592633840213678825968368781113449012157326544469370656289330540978494016596936096681107888
-0.87033037348294415720232658505846117201923173091306027710530971197834227562705301104495127114752014015123659291451442636956030411
0.87033037348294415720232658505846117201923173091306027710530971197834227562705301104495127114752014015123659291451442636956030411
-0.88287198607517007604162977769515260096292334015805414907084909219043103511830947559918097773680143981876101246970316399891226593
0.88287198607517007604162977769515260096292334015805414907084909219043103511830947559918097773680143981876101246970316399891226593
-0.8948135330131572319733311672827184364488705209231075591172612425637438003846961944431560639992025847063059222126823667947385836
0.8948135330131572319733311672827184364488705209231075591172612425637438003846961944431560639992025847063059222126823667947385836
-0.90614689793673750678190030793850851565294988480537406123821471640388361190543491667488064609443365969514460491019893690849816348
0.90614689793673750678190030793850851565294988480537406123821471640388361190543491667488064609443365969514460491019893690849816348
-0.91686437785362379174656791859639648409703081498339926140044039135390820931230135871843510143117386668990892966434183196774184773
0.91686437785362379174656791859639648409703081498339926140044039135390820931230135871843510143117386668990892966434183196774184773
-0.92695868837577369051160079562430837521988308715962823816965782864116124136550051316999302937628841156673288711504004227042732438
0.92695868837577369051160079562430837521988308715962823816965782864116124136550051316999302937628841156673288711504004227042732438
-0.93642296867167584143864827131675120461383151586250342170316287978951928761104487040248815663417377192509033891237945142849496023
0.93642296867167584143864827131675120461383151586250342170316287978951928761104487040248815663417377192509033891237945142849496023
-0.94525078613147563281958159776937828325629421424353164735873530723672045743538725372242440264977369730773207880125924243007732489
0.94525078613147563281958159776937828325629421424353164735873530723672045743538725372242440264977369730773207880125924243007732489
-0.95343614074227577316195004401523972130312762102948535374080520408909491077248444128423030296125920921400439318978034617071843131
0.95343614074227577316195004401523972130312762102948535374080520408909491077248444128423030296125920921400439318978034617071843131
-0.9609734691715826387895368082075519848178240192111874755090618083273004078642360026730599165773627698054172445019781486936625066
0.9609734691715826387895368082075519848178240192111874755090618083273004078642360026730599165773627698054172445019781486936625066
-0.96785764855797226867404967629618741137672294973160281690731254310454255390879459610543069235843891463180725492553756861567384822
0.96785764855797226867404967629618741137672294973160281690731254310454255390879459610543069235843891463180725492553756861567384822
-0.97408400001022800994592684873296360090372455810737927206849755330703176519889954194273924369993909643524900460343596079224298026
0.97408400001022800994592684873296360090372455810737927206849755330703176519889954194273924369993909643524900460343596079224298026
-0.97964829182104224488089132773167704010119908616412691975697598006754816132557888412854673465734398410618302539002602887037658517
0.97964829182104224488089132773167704010119908616412691975697598006754816132557888412854673465734398410618302539002602887037658517
-0.98454674241341055233414900584218000153242716726924797748634463122282956289518807283821627865061508236398257357242821625944244258
0.98454674241341055233414900584218000153242716726924797748634463122282956289518807283821627865061508236398257357242821625944244258
-0.98877602307152612459828870779137584994309858668090887681938071796799121853479523124559097809918626400258512261556039594071202365
0.98877602307152612459828870779137584994309858668090887681938071796799121853479523124559097809918626400258512261556039594071202365
-0.99233326061616648526193845718796718815493556877769458003992391761531502653559221254836174904343630219598744311498662932337876411
0.99233326061616648526193845718796718815493556877769458003992391761531502653559221254836174904343630219598744311498662932337876411
-0.99521604059890816641663058970601633139832179663345801753844119625314040393775679457797759539909438907999811086881760673556359884
0.99521604059890816641663058970601633139832179663345801753844119625314040393775679457797759539909438907999811086881760673556359884
-0.99742241361329052588031149024738538755550150957426150125448710660084822611091915331703811309728908564322124178095542325772542633
0.99742241361329052588031149024738538755550150957426150125448710660084822611091915331703811309728908564322124178095542325772542633
-0.99895092167403470673804222949002873354507047855591070176935834579266626300589201751707602340480306365779689869795612391233214515
0.99895092167403470673804222949002873354507047855591070176935834579266626300589201751707602340480306365779689869795612391233214515
-0.9998008656589589205718346664966735801877399136327118472902526705251764024424367324918277797915806887864555922424463638689993755
0.9998008656589589205718346664966735801877399136327118472902526705251764024424367324918277797915806887864555922424463638689993755