0
-0.23045831595513479406552812109798883521154237588353116346926149783716208368858195081280294476468012932385128024931634124956408904
0.23045831595513479406552812109798883521154237588353116346926149783716208368858195081280294476468012932385128024931634124956408904
-0.44849275103644685287791285212763986780192166744175787895828294745824409206621714364503820855473301009605263555713596857626397672
0.44849275103644685287791285212763986780192166744175787895828294745824409206621714364503820855473301009605263555713596857626397672
-0.64234933944034022064398460699551565007169739826157685738914240791864355314499357491438830011419155512224677026454719381240473495
0.64234933944034022064398460699551565007169739826157685738914240791864355314499357491438830011419155512224677026454719381240473495
-0.80157809073330991279420648958285989030561572479050002989738471385922211622664012203002987418531706025236160337609478507548685249
0.80157809073330991279420648958285989030561572479050002989738471385922211622664012203002987418531706025236160337609478507548685249
-0.91759839922297796520654783650071951239047479011168329589528534565965920858960991428348539034058292445105178102177510723069758496
0.91759839922297796520654783650071951239047479011168329589528534565965920858960991428348539034058292445105178102177510723069758496
-0.9841830547185881494728294488071096110649905619258749086940073204285952378756268418605692872614185884013163957673519758317180836
0.9841830547185881494728294488071096110649905619258749086940073204285952378756268418605692872614185884013163957673519758317180836