-0.015946289478309399287563567415446772238143406533048467881087401391612240099898621411875544176096846142217248674068373618043228697
0.015946289478309399287563567415446772238143406533048467881087401391612240099898621411875544176096846142217248674068373618043228697
-0.047822648462549322962767688127250424990392226971436827604076357675577257364742381745046648119442908766753854131606879470985435825
0.047822648462549322962767688127250424990392226971436827604076357675577257364742381745046648119442908766753854131606879470985435825
-0.07965036402800598821293362778525743798607237583225759800583117297011827636668867750383324144439869612263698500221328954766588808
0.07965036402800598821293362778525743798607237583225759800583117297011827636668867750383324144439869612263698500221328954766588808
-0.11139706220655361799820808825672867187119507596324882303715253906468854332258478517418846371347231579072401068966414473290908399
0.11139706220655361799820808825672867187119507596324882303715253906468854332258478517418846371347231579072401068966414473290908399
-0.14303045143794287516602998562552158460029661939809647784155490245464964893640922283181459441289355770507383354714356290915540346
0.14303045143794287516602998562552158460029661939809647784155490245464964893640922283181459441289355770507383354714356290915540346
-0.17451835541557656787496740249522236963218528793936543806768172131892568495818893021838130175557957224226452542867550536209381035
0.17451835541557656787496740249522236963218528793936543806768172131892568495818893021838130175557957224226452542867550536209381035
-0.20582874581505377030766454799645412092478401105212282616885626361502912555990094462204703555560442184718545311307665172018207793
0.20582874581505377030766454799645412092478401105212282616885626361502912555990094462204703555560442184718545311307665172018207793
-0.23692977487219215099222778022777765733448120186794724522826085610511575945039597274882176013801319882969470257713240033199905273
0.23692977487219215099222778022777765733448120186794724522826085610511575945039597274882176013801319882969470257713240033199905273
-0.26778980777739141373274692887774589521293910055656591234142175601979989194147288446210989695194725021447215656299363935170150093
0.26778980777739141373274692887774589521293910055656591234142175601979989194147288446210989695194725021447215656299363935170150093
-0.29837745485338757715882810396493708832307629687649433226551212773491871255558010188195992761313282613653429235221772285810665988
0.29837745485338757715882810396493708832307629687649433226551212773491871255558010188195992761313282613653429235221772285810665988
-0.32866160348366815881760888993298732401407529202135109445076257282408331949818211053042044423348628379507233519652059638406397666
0.32866160348366815881760888993298732401407529202135109445076257282408331949818211053042044423348628379507233519652059638406397666
-0.35861144975907196524841670670904780153351476854907615064110400501727515029580315021079623349529836906807432409790787818849656981
0.35861144975907196524841670670904780153351476854907615064110400501727515029580315021079623349529836906807432409790787818849656981
-0.38819652981038386372030425860145438340283486164797454043966621253327467138033716922504764630670676793116501764399234553281833329
0.38819652981038386372030425860145438340283486164797454043966621253327467138033716922504764630670676793116501764399234553281833329
-0.41738675079505433418147037204997423734103161108353106706093498811840232345717058360422216341624732582734284924396854854687830143
0.41738675079505433418147037204997423734103161108353106706093498811840232345717058360422216341624732582734284924396854854687830143
-0.44615242150652544859705695327322618961747560601364583903347335792357648045348191414117381253026869276573395212261819058926855977
0.44615242150652544859705695327322618961747560601364583903347335792357648045348191414117381253026869276573395212261819058926855977
-0.4744642825750288441270225534663890651780903840685333002288154022899188944925276427895401677764624302244311656548000311203001586
0.4744642825750288441270225534663890651780903840685333002288154022899188944925276427895401677764624302244311656548000311203001586
-0.50229353622913685982346242443755188456078046506727219511992081393198486439168596325502318461130446271490717812614397578671011709
0.50229353622913685982346242443755188456078046506727219511992081393198486439168596325502318461130446271490717812614397578671011709
-0.52961187558779487624843565846384349443471918215099151431743943492164530748604892857314199491918383807851290203145432945619663108
0.52961187558779487624843565846384349443471918215099151431743943492164530748604892857314199491918383807851290203145432945619663108
-0.5563915134530405864573975328382837590965845401955044310243534462787232252462180826385910510749286385837776524637005320777647514
0.5563915134530405864573975328382837590965845401955044310243534462787232252462180826385910510749286385837776524637005320777647514
-0.58260521057412395965329615950879140322899758736445996315673642769556335922744168786571469015581408786606265697121029216763342517
0.58260521057412395965329615950879140322899758736445996315673642769556335922744168786571469015581408786606265697121029216763342517
-0.60822630335427953351441693312073628657152257644428793330359279499651908733918167764549811669253315331699875736340058508769487797
0.60822630335427953351441693312073628657152257644428793330359279499651908733918167764549811669253315331699875736340058508769487797
-0.6332287309719698618819564146141782682594995758137213311727003946454805085517657016160027086813358097150949154427764760487275421
0.6332287309719698618819564146141782682594995758137213311727003946454805085517657016160027086813358097150949154427764760487275421
-0.65758706188901490516030519608608061202124566017811494883926662685912939950562547757504013560528569226201341787356392440624999478
0.65758706188901490516030519608608061202124566017811494883926662685912939950562547757504013560528569226201341787356392440624999478
-0.68127651971864632079603878274628681776345167665543732121792596951365645860774407952388368468882196733263058702055821448931158739
0.68127651971864632079603878274628681776345167665543732121792596951365645860774407952388368468882196733263058702055821448931158739
-0.70427300842717742365697674852131803052870594534048829367867607663187279295984827571598539359509660923581510288897485456236564307
0.70427300842717742365697674852131803052870594534048829367867607663187279295984827571598539359509660923581510288897485456236564307
-0.72655313684365848091256983724218507884146121612063520492710357510781208212553401997376102830786008330542379120337335927026791584
0.72655313684365848091256983724218507884146121612063520492710357510781208212553401997376102830786008330542379120337335927026791584
-0.74809424245259245064056664920918849892790840699835234024340266943987205394000815241893715421407743129448857140232579672087517901
0.74809424245259245064056664920918849892790840699835234024340266943987205394000815241893715421407743129448857140232579672087517901
-0.768874414445517797116596242056560065791105414921354637492076549402053740693487573421763041823056833987822814704215988593982764
0.768874414445517797116596242056560065791105414921354637492076549402053740693487573421763041823056833987822814704215988593982764
-0.78887251600802226670096673333604019928631443015078377846621004368621802786232377523723556849073322545656647897764890690211132864
0.78887251600802226670096673333604019928631443015078377846621004368621802786232377523723556849073322545656647897764890690211132864
-0.80806820581953435129490725173563027548172929235143380548875641618059678859912225060305898392957676100846784310844327014888985772
0.80806820581953435129490725173563027548172929235143380548875641618059678859912225060305898392957676100846784310844327014888985772
-0.82644195874404785510778528296337807985532579922546133018051350599194733994840836080484662562030393953307070426878431539857828407
0.82644195874404785510778528296337807985532579922546133018051350599194733994840836080484662562030393953307070426878431539857828407
-0.84397508569077046728595623947230486720640246836435559883933446820545277814958995714826844983644058408896208672703222526777138702
0.84397508569077046728595623947230486720640246836435559883933446820545277814958995714826844983644058408896208672703222526777138702
-0.86064975262455175315900723441226512349318277732135176010516397724621761424976750674214676830298363334553672558934519253622832496
0.86064975262455175315900723441226512349318277732135176010516397724621761424976750674214676830298363334553672558934519253622832496
-0.87644899870684410511291508504674239167811836125551675138266242883077594644242572739710782933238929653347992025356894516380353189
0.87644899870684410511291508504674239167811836125551675138266242883077594644242572739710782933238929653347992025356894516380353189
-0.89135675354889106643195699685875127323769016704838356327588083472306069218721352063215253669863272919686480601689426987110311652
0.89135675354889106643195699685875127323769016704838356327588083472306069218721352063215253669863272919686480601689426987110311652
-0.90535785355983913595333302622075311789539558029492207379594180272452074028060868618607817070653904080365014182928089345762091094
0.90535785355983913595333302622075311789539558029492207379594180272452074028060868618607817070653904080365014182928089345762091094
-0.91843805737356811719721365048939181678184836528748913693597743286936916607493351712382752905399111196651246842849293241944113813
0.91843805737356811719721365048939181678184836528748913693597743286936916607493351712382752905399111196651246842849293241944113813
-0.93058406033930704212449517004260140556697316824899139623755130078839413405687267688320419338245398195847965726372753697873833379
0.93058406033930704212449517004260140556697316824899139623755130078839413405687267688320419338245398195847965726372753697873833379
-0.9417835080627118210987962463304445900474706433526236480842213300537661945446909412783890912893743414824200763470739857672911891
0.9417835080627118210987962463304445900474706433526236480842213300537661945446909412783890912893743414824200763470739857672911891
-0.95202500898640150130877219198878511408129239789032388467541064570631942016633132191368073730876026191486594269683329747326123906
0.95202500898640150130877219198878511408129239789032388467541064570631942016633132191368073730876026191486594269683329747326123906
-0.96129814600289105771041760009194050019071438688663680421577429098778812914026839889672160324897334560561328841806485422585574724
0.96129814600289105771041760009194050019071438688663680421577429098778812914026839889672160324897334560561328841806485422585574724
-0.96959348710079447231986401731848763732960960324550579944306638094612716712664876280380710299089297162611891533891167050688714153
0.96959348710079447231986401731848763732960960324550579944306638094612716712664876280380710299089297162611891533891167050688714153
-0.97690259506388608249906943187512219068757832608618236066378717023127612770977024208179259870543290569070519952479047189701845029
0.97690259506388608249906943187512219068757832608618236066378717023127612770977024208179259870543290569070519952479047189701845029
-0.98321803629372299128533775926417861282577069031497232004068261490492429100386037285630703452677382287950838933319669930137738124
0.98321803629372299128533775926417861282577069031497232004068261490492429100386037285630703452677382287950838933319669930137738124
-0.98853338898915816837217299093567696621162640817927880069880430896616697171771119161939426812054732815230110534786867059426042457
0.98853338898915816837217299093567696621162640817927880069880430896616697171771119161939426812054732815230110534786867059426042457
-0.99284325153690673013188004739772165951164118533312829103281476743656037850908171144088918259460692429154001004427441646844487369
0.99284325153690673013188004739772165951164118533312829103281476743656037850908171144088918259460692429154001004427441646844487369
-0.99614325499685929606297970911180555420353178169281862031529370450350009811856063610055717766196011833584509479542071466252266022
0.99614325499685929606297970911180555420353178169281862031529370450350009811856063610055717766196011833584509479542071466252266022
-0.99843010504723045377869320077012116574923867998563786895138299193646478932574624222745339868256976816805349562387328210283645295
0.99843010504723045377869320077012116574923867998563786895138299193646478932574624222745339868256976816805349562387328210283645295
-0.99970198412549090363729490369970669882567678461073864897318892823410459130218886629270706671509093737536093159761564221473370677
0.99970198412549090363729490369970669882567678461073864897318892823410459130218886629270706671509093737536093159761564221473370677