-0.015030805704205808070244665861251230868260226783651119643676342227269194255655632913794671673112276395560461837655875789922536881
0.015030805704205808070244665861251230868260226783651119643676342227269194255655632913794671673112276395560461837655875789922536881
-0.045078833455377862647442125900815035796486326998544647330692459060195618302944902484308583482976692429640914731274786114851040087
0.045078833455377862647442125900815035796486326998544647330692459060195618302944902484308583482976692429640914731274786114851040087
-0.075086122510670317989068159410507611989363947168604941299588281213648579353048871253531462987715359664295809659453767965761266203
0.075086122510670317989068159410507611989363947168604941299588281213648579353048871253531462987715359664295809659453767965761266203
-0.10502555464786646703424078229504996538538386213676844677154941089247458563695396935232226957425090905634067204723138398645683967
0.10502555464786646703424078229504996538538386213676844677154941089247458563695396935232226957425090905634067204723138398645683967
-0.13487007296848542737480089475825258631480796632203584927340633323804518690715023046698907164952327792208283009790491169713756892
0.13487007296848542737480089475825258631480796632203584927340633323804518690715023046698907164952327792208283009790491169713756892
-0.16459270634967512818778833840279311463704281342603592157142035652418629400362530513978597747116811857994727582962623651758936815
0.16459270634967512818778833840279311463704281342603592157142035652418629400362530513978597747116811857994727582962623651758936815
-0.19416659381858811954330857968362771437639139654928895694597263152172346657990208535723779971928941085231157862491551659631294521
0.19416659381858811954330857968362771437639139654928895694597263152172346657990208535723779971928941085231157862491551659631294521
-0.22356500882721258997594606818490795486938685260228687641027969715413263157624402053628763101781909539329175207078811188184526526
0.22356500882721258997594606818490795486938685260228687641027969715413263157624402053628763101781909539329175207078811188184526526
-0.25276138340572094235212511361501313445205830795635832120749886221277713802355273686382539596443688396967730711268396637685475613
0.25276138340572094235212511361501313445205830795635832120749886221277713802355273686382539596443688396967730711268396637685475613
-0.2817293321725080688233136085624934977351419017021626014730758413580466281707334437084815363650767669264839291038390006723553711
0.2817293321725080688233136085624934977351419017021626014730758413580466281707334437084815363650767669264839291038390006723553711
-0.31044267617922098404378740458550546929511892413143781679067761727566651048738757396266958812598397337424426363627536597983463971
0.31044267617922098404378740458550546929511892413143781679067761727566651048738757396266958812598397337424426363627536597983463971
-0.33887546656923060512224307343247270793076165344946091606266150958792899110547408060534574790868498958485549224562427341066532467
0.33887546656923060512224307343247270793076165344946091606266150958792899110547408060534574790868498958485549224562427341066532467
-0.3670020080281650726216972650257623240999657052261037267348659086306839127202126800418825968111524423834910975585465933332954441
0.3670020080281650726216972650257623240999657052261037267348659086306839127202126800418825968111524423834910975585465933332954441
-0.39479688200531193751248252733867983065522098410529671345532448124620675219681230231045120427546162014866999699206082338985947002
0.39479688200531193751248252733867983065522098410529671345532448124620675219681230231045120427546162014866999699206082338985947002
-0.42223496968490362523143811607239762452460729533992666393645972484658591182794987967442026868956771835548021380169142894387644583
0.42223496968490362523143811607239762452460729533992666393645972484658591182794987967442026868956771835548021380169142894387644583
-0.44929147468652664375959885064789170200046743782728452701990424850623676609075196809858359253825831656882250028234795254207236383
0.44929147468652664375959885064789170200046743782728452701990424850623676609075196809858359253825831656882250028234795254207236383
-0.47594194547413982495389267067650472063381217709852594720397309797183137267541995590547506785274480748594556546064663588764151118
0.47594194547413982495389267067650472063381217709852594720397309797183137267541995590547506785274480748594556546064663588764151118
-0.50216229745345025782118193900254385854824357381726980485426949104768097771125509237099484533364918273204039506992257779196668613
0.50216229745345025782118193900254385854824357381726980485426949104768097771125509237099484533364918273204039506992257779196668613
-0.52792883473767725346517776673614241255900184698654276173970696583023123538474934501120974271983062557326880986147584842036937358
0.52792883473767725346517776673614241255900184698654276173970696583023123538474934501120974271983062557326880986147584842036937358
-0.55321827156203442289777582910157093748132074698062926493977384596123132150924524132810619323046386795847937178163358932632307668
0.55321827156203442289777582910157093748132074698062926493977384596123132150924524132810619323046386795847937178163358932632307668
-0.57800775332757748459238805894972118709899794130536130164901999966348855478629803118245781798006856591336099207010843150260718383
0.57800775332757748459238805894972118709899794130536130164901999966348855478629803118245781798006856591336099207010843150260718383
-0.60227487725540046814666279596975982890473393668469066772441565200945729496212978453162944883510389711070085403000280177237197233
0.60227487725540046814666279596975982890473393668469066772441565200945729496212978453162944883510389711070085403000280177237197233
-0.62599771263251525014050910389196448962197460728035235272995292040957675839701897297126550799387859987691452070359574383822440887
0.62599771263251525014050910389196448962197460728035235272995292040957675839701897297126550799387859987691452070359574383822440887
-0.64915482063111854298381542692137145484785074751646256043706172138630605260359153647063733145421207814578823242068608959144669909
0.64915482063111854298381542692137145484785074751646256043706172138630605260359153647063733145421207814578823242068608959144669909
-0.67172527368333624247166862305043143751440842309662785302629013564876330487003072419567926986745762144803335760324762053917480687
0.67172527368333624247166862305043143751440842309662785302629013564876330487003072419567926986745762144803335760324762053917480687
-0.69368867439393710371116246863035632980222832420152407553535916712286055877243318026341144634861823042663531886298640457286306907
0.69368867439393710371116246863035632980222832420152407553535916712286055877243318026341144634861823042663531886298640457286306907
-0.71502517397392573513340204743112864281198851096153303791319116724691196782728310870950081196220498708983716747915860484414891554
0.71502517397392573513340204743112864281198851096153303791319116724691196782728310870950081196220498708983716747915860484414891554
-0.73571549017835855902848789092015898809486211794384825118669637944290008431067823400296495128191499385498070314676755347146765768
0.73571549017835855902848789092015898809486211794384825118669637944290008431067823400296495128191499385498070314676755347146765768
-0.75574092473217538386611315420187930670545337729522267774163074821444268314013705402527177733050873482311136091486123226098683245
0.75574092473217538386611315420187930670545337729522267774163074821444268314013705402527177733050873482311136091486123226098683245
-0.7750833802283033031511720228960957612904553405269882087322502088923023052823409401017449150981505689529531775079081176415731216
0.7750833802283033031511720228960957612904553405269882087322502088923023052823409401017449150981505689529531775079081176415731216
-0.79372537648276857745531743701065834655674694554753970497442815081068505166417459880296568854609203655863834366803126321348104864
0.79372537648276857745531743701065834655674694554753970497442815081068505166417459880296568854609203655863834366803126321348104864
-0.81165006633204588595599703506406672173068599508744054232502484483134849527555723101467855166770277733910258656176607894499899072
0.81165006633204588595599703506406672173068599508744054232502484483134849527555723101467855166770277733910258656176607894499899072
-0.82884125085838296905148462051078954213403527650385702064793042343824448994517915097045783869605896133853998953894089588665399161
0.82884125085838296905148462051078954213403527650385702064793042343824448994517915097045783869605896133853998953894089588665399161
-0.84528339402936269700987956206357961345021173419310270107491224538035467061262758189710970066009738787679026772578317454669785531
0.84528339402936269700987956206357961345021173419310270107491224538035467061262758189710970066009738787679026772578317454669785531
-0.86096163673850509371884987540590927176722176160498034295781675071075068269016283901673945033529046400484151771592608903059785909
0.86096163673850509371884987540590927176722176160498034295781675071075068269016283901673945033529046400484151771592608903059785909
-0.87586181023427106189671447536142121568036361662559572419525616552768575086712689416012894072168402218747052582248950365546648083
0.87586181023427106189671447536142121568036361662559572419525616552768575086712689416012894072168402218747052582248950365546648083
-0.88997044892541185263562982849209751888313930702748883324393749934639137379638582736273160846429589995934176637283448670450804499
0.88997044892541185263562982849209751888313930702748883324393749934639137379638582736273160846429589995934176637283448670450804499
-0.90327480255122208805948454959244573233538068409145374196579985994029298909659871630029140587100734108042688177969139205292294864
0.90327480255122208805948454959244573233538068409145374196579985994029298909659871630029140587100734108042688177969139205292294864
-0.91576284770591573278971142637974238068429839372752130750172764210143709641592571709389217785307185447913946463289376195308542468
0.91576284770591573278971142637974238068429839372752130750172764210143709641592571709389217785307185447913946463289376195308542468
-0.92742329870708648999387144585231400472279864955851998984929209467009498218225896163510385377934607176751181892239241091179621362
0.92742329870708648999387144585231400472279864955851998984929209467009498218225896163510385377934607176751181892239241091179621362
-0.93824561779910427591696163416027443396662269003787045326315223931697715743587506081097311178326219511711652059630098426486112192
0.93824561779910427591696163416027443396662269003787045326315223931697715743587506081097311178326219511711652059630098426486112192
-0.94822002468348384997031330843564716866617912653678094838218287895963258718896613158021726484800067682929175450511657979685071489
0.94822002468348384997031330843564716866617912653678094838218287895963258718896613158021726484800067682929175450511657979685071489
-0.9573375053700733511995509677066847258474719694101626523647474020818220819373192452232207083309468802345778331842185792227259176
0.9573375053700733511995509677066847258474719694101626523647474020818220819373192452232207083309468802345778331842185792227259176
-0.96558982034615708551863438549137344883988677101656304958968379195975756190933279664761257455175198283948488959120986903367548991
0.96558982034615708551863438549137344883988677101656304958968379195975756190933279664761257455175198283948488959120986903367548991
-0.9729695120673583810237683059129426630041278786447858572810954970689640015943410474649813166277961651222511087552640908282119311
0.9729695120673583810237683059129426630041278786447858572810954970689640015943410474649813166277961651222511087552640908282119311
-0.9794699117905919780293289653280606615034922952614475949942587708814692365134916102296817071457109774547196372748759566293845309
0.9794699117905919780293289653280606615034922952614475949942587708814692365134916102296817071457109774547196372748759566293845309
-0.98508514581446205063590447588670854681160979589294026373125485536754945824598811724070252477109732264022074708254725297257432997
0.98508514581446205063590447588670854681160979589294026373125485536754945824598811724070252477109732264022074708254725297257432997
-0.98981014133671930582121392738716020173438755384058048699285651246329904404386954848009321758921874872522007880804018827932577537
0.98981014133671930582121392738716020173438755384058048699285651246329904404386954848009321758921874872522007880804018827932577537
-0.99364063268970305984354664461014928346651219547984923772678017519374050285977936094813933602747312591159098326823793453610584228
0.99364063268970305984354664461014928346651219547984923772678017519374050285977936094813933602747312591159098326823793453610584228
-0.99657317140603893860842138398973097019787651677052288697875992165575764695731440849640534680376646619623317971288657089549280969
0.99657317140603893860842138398973097019787651677052288697875992165575764695731440849640534680376646619623317971288657089549280969
-0.99860516265197734620769817574106788380663197964343546949395525946274947133683168462599645435647529366358050963468746698812989401
0.99860516265197734620769817574106788380663197964343546949395525946274947133683168462599645435647529366358050963468746698812989401
-0.99973522187608827031927194129965553781242195878116015292410378028430043170233147480431999007172277891737715393763615805283204648
0.99973522187608827031927194129965553781242195878116015292410378028430043170233147480431999007172277891737715393763615805283204648