-0.02991410979733876604368077607079992681884360824994698161985753939115171373196101097369688915440168649967569545646443138540053174
0.02991410979733876604368077607079992681884360824994698161985753939115171373196101097369688915440168649967569545646443138540053174
-0.089635244648900565488854691122399303169851287190198420484102629430721031214167831380425953528138253651560466954193833250331631914
0.089635244648900565488854691122399303169851287190198420484102629430721031214167831380425953528138253651560466954193833250331631914
-0.14903550860694918048863404001811357032226976188823353243557086554385415513585555998379139635263107361895267302540236683770200942
0.14903550860694918048863404001811357032226976188823353243557086554385415513585555998379139635263107361895267302540236683770200942
-0.20790226415636605968646612812234551827266281082820464693541281779460800579621873829229098802367023213668315222385988841007643353
0.20790226415636605968646612812234551827266281082820464693541281779460800579621873829229098802367023213668315222385988841007643353
-0.26602478360500182747297173059883988445592437496218466846713725720852137866747151720686719778346046092617295544129019282179397794
0.26602478360500182747297173059883988445592437496218466846713725720852137866747151720686719778346046092617295544129019282179397794
-0.32319500343480782550109906660144717905404753380657945793933873227826155579877247796372451949834283742343218987224438188002201668
0.32319500343480782550109906660144717905404753380657945793933873227826155579877247796372451949834283742343218987224438188002201668
-0.37920826911609366924668176693944888046212159135119660933601231010352733035818239529260128408197510510840819372536807628066408659
0.37920826911609366924668176693944888046212159135119660933601231010352733035818239529260128408197510510840819372536807628066408659
-0.43386406771876167030908656820978026074374585241840338581909725560659494594414553435217137634864976900137060205491013495484650047
0.43386406771876167030908656820978026074374585241840338581909725560659494594414553435217137634864976900137060205491013495484650047
-0.48696674569809607778245824134646555685045503971902368774263448042842110448686663277583119892739225732685541576276401845068227381
0.48696674569809607778245824134646555685045503971902368774263448042842110448686663277583119892739225732685541576276401845068227381
-0.53832620928582743837595116797535676382349014140308097340985563359376995932155429493297509666080252513919094049027566926649307129
0.53832620928582743837595116797535676382349014140308097340985563359376995932155429493297509666080252513919094049027566926649307129
-0.58775860497957906990202578155720422388122016653804348995978496117036885058924229719759058731540082597696520253419308346368052039
0.58775860497957906990202578155720422388122016653804348995978496117036885058924229719759058731540082597696520253419308346368052039
-0.63508697769524592429812457928880965359359898895498966320348379664820657117246674678244522387902327061737641831177120036567912749
0.63508697769524592429812457928880965359359898895498966320348379664820657117246674678244522387902327061737641831177120036567912749
-0.68014190422716770209223877973664100790099671016577591556545298876012070203283524576274142889560961681398709461572070464367058062
0.68014190422716770209223877973664100790099671016577591556545298876012070203283524576274142889560961681398709461572070464367058062
-0.72276209974998319367681667607193595478399390521472001992348926892971390411155903804651021941763939995864436985371097217296446878
0.72276209974998319367681667607193595478399390521472001992348926892971390411155903804651021941763939995864436985371097217296446878
-0.76279499519374496027921116308905084079183057450762154671864775467541722407101685419739074539725767445141636059510197593476835734
0.76279499519374496027921116308905084079183057450762154671864775467541722407101685419739074539725767445141636059510197593476835734
-0.80009728343046832433475875422580765119764185860770158058730849438319267934708358250350799616539545625468758569525983469639051992
0.80009728343046832433475875422580765119764185860770158058730849438319267934708358250350799616539545625468758569525983469639051992
-0.83453543232673453496172638962123868524593631266922605323167539537529356064378825561329633083454987576116178864533131654789606823
0.83453543232673453496172638962123868524593631266922605323167539537529356064378825561329633083454987576116178864533131654789606823
-0.86598616284606758524435851762420694089833895262429082393533454501374966202827379531448573611853128239913071133953468338806595991
0.86598616284606758524435851762420694089833895262429082393533454501374966202827379531448573611853128239913071133953468338806595991
-0.89433689053449532252084408826352755534558099556237649319269886222377916195769136253613568876457960338654452873451822793248395258
0.89433689053449532252084408826352755534558099556237649319269886222377916195769136253613568876457960338654452873451822793248395258
-0.91948612891642453989359637654188158502952027270247205718622286062730702027130755589978843354131801996796705301509357712466892416
0.91948612891642453989359637654188158502952027270247205718622286062730702027130755589978843354131801996796705301509357712466892416
-0.94134385364135905684357918385056700582876554543631919967003187189560692745619627317572920210450298055528723072933995997957108422
0.94134385364135905684357918385056700582876554543631919967003187189560692745619627317572920210450298055528723072933995997957108422
-0.9598318269330865525320251534250654427878474760376774154149939732436280601524582085756397191798231321392951135729793680751368921
0.9598318269330865525320251534250654427878474760376774154149939732436280601524582085756397191798231321392951135729793680751368921
-0.97488388422174450314070647039964555445992366394593839782844335056242980452430058630756012791145287526768848019893452221897396234
0.97488388422174450314070647039964555445992366394593839782844335056242980452430058630756012791145287526768848019893452221897396234
-0.98644619565154984064532285911839736802273903582732623279715297831659114357228298425581456290611363293849756052020786942984050199
0.98644619565154984064532285911839736802273903582732623279715297831659114357228298425581456290611363293849756052020786942984050199
-0.99447759092921602924504327179957170663191177609788217145885629655824967248891176845959458483888722076080646375228395559903873864
0.99447759092921602924504327179957170663191177609788217145885629655824967248891176845959458483888722076080646375228395559903873864
-0.9989511111039502780909614407165925612780132611153575616799248405004389142979138086614943179988118999109017969675859857247886657
0.9989511111039502780909614407165925612780132611153575616799248405004389142979138086614943179988118999109017969675859857247886657