0
-0.079443804608755477581917083192640646885003165106741933255229391674690640584320710521801165250504489547536688684626176345009945981
0.079443804608755477581917083192640646885003165106741933255229391674690640584320710521801165250504489547536688684626176345009945981
-0.15838533999783779992270106136139938446682623686514314046635275971942827945980385238034608524745631579289058471243506433439552937
0.15838533999783779992270106136139938446682623686514314046635275971942827945980385238034608524745631579289058471243506433439552937
-0.23632551246183576733600632733265044806571922479405759593034932012974607663712281342664794771342368151755198120061540833533192797
0.23632551246183576733600632733265044806571922479405759593034932012974607663712281342664794771342368151755198120061540833533192797
-0.31277155924818592253599691178562873960190560997753935026481762464100209379197374802010522006406249837987464925684310242699692618
0.31277155924818592253599691178562873960190560997753935026481762464100209379197374802010522006406249837987464925684310242699692618
-0.38724016397156145585388196563696269601257617271682661588014750519569092977990768262623307111338797902078360744440476645834749725
0.38724016397156145585388196563696269601257617271682661588014750519569092977990768262623307111338797902078360744440476645834749725
-0.459260512309136048663246633109572362938749153696017237876089938848579011054633898344382505485007843196542623598179143012697507
0.459260512309136048663246633109572362938749153696017237876089938848579011054633898344382505485007843196542623598179143012697507
-0.52837726866043747389634363580822250534071765348542477598529062836050265172278155070465453084635390217722803633165882545796226001
0.52837726866043747389634363580822250534071765348542477598529062836050265172278155070465453084635390217722803633165882545796226001
-0.59415345495727798869289007461910606816559154467812653537082647115657417418750664470252997340647623246700775745795023189525765608
0.59415345495727798869289007461910606816559154467812653537082647115657417418750664470252997340647623246700775745795023189525765608
-0.65617321343201091073442593497625618488010761157697043054180554677722744834089327474741534581966362703182674635117665284867044634
0.65617321343201091073442593497625618488010761157697043054180554677722744834089327474741534581966362703182674635117665284867044634
-0.71404443589453467913386703615183078966434528189369821519767544776761602001934765212534363867926532044894796313210978292912611381
0.71404443589453467913386703615183078966434528189369821519767544776761602001934765212534363867926532044894796313210978292912611381
-0.76740124293106349983227240422834294547283411345901066174765116605532532252229803966152022200537115215363662222327719499675061393
0.76740124293106349983227240422834294547283411345901066174765116605532532252229803966152022200537115215363662222327719499675061393
-0.8159062974301431043532326784096298277278140605209238573590443437300435924617962250857644858790855688673924954433156685420490333
0.8159062974301431043532326784096298277278140605209238573590443437300435924617962250857644858790855688673924954433156685420490333
-0.85925293799990615391379743912604237053508444531982206052615424053113580290447927446356749627714292143890887669624328718032421825
0.85925293799990615391379743912604237053508444531982206052615424053113580290447927446356749627714292143890887669624328718032421825
-0.89716711929299288784829109086081365106569207797562300249825142878351892117803714082100818177518865489796172586074104284063796944
0.89716711929299288784829109086081365106569207797562300249825142878351892117803714082100818177518865489796172586074104284063796944
-0.92940914848673822969781696435773456184410280950770352688827288274141616182166888745329815854771164192092958307069983314153064746
0.92940914848673822969781696435773456184410280950770352688827288274141616182166888745329815854771164192092958307069983314153064746
-0.95577521232465227711089189719108220300177179063887613583055850459824684176614912752696478130894264853100706193515869363585403912
0.95577521232465227711089189719108220300177179063887613583055850459824684176614912752696478130894264853100706193515869363585403912
-0.97609870933347105384485031988951849429074741268010170277760373863111164989588703065305439443080796398531863169456238712647654176
0.97609870933347105384485031988951849429074741268010170277760373863111164989588703065305439443080796398531863169456238712647654176
-0.9902515368546859836397751172470782047096938210401917962588294195834722376246862160419391535957080401970121989981987592272175425
0.9902515368546859836397751172470782047096938210401917962588294195834722376246862160419391535957080401970121989981987592272175425
-0.99814738306643290600547230285182044183200974004966421176121791796500921215733055375716313858014343055759209037661196935655588497
0.99814738306643290600547230285182044183200974004966421176121791796500921215733055375716313858014343055759209037661196935655588497