0
-0.20119409399743452230062830339459620781283645446263767961594972460994823900302018760183625806752105908967902257386509421189427928
0.20119409399743452230062830339459620781283645446263767961594972460994823900302018760183625806752105908967902257386509421189427928
-0.39415134707756336989720737098104546836275277615869825503116534395160895778696141797549711416165976202589352169635648002475847813
0.39415134707756336989720737098104546836275277615869825503116534395160895778696141797549711416165976202589352169635648002475847813
-0.57097217260853884753722673725391064123838639628274960485326541705419537986975857948341462856982614477912646497026257040351155019
0.57097217260853884753722673725391064123838639628274960485326541705419537986975857948341462856982614477912646497026257040351155019
-0.7244177313601700474161860546139380096308992945841025635514234207041237816779252189961010976031343262692359854938192511203865642
0.7244177313601700474161860546139380096308992945841025635514234207041237816779252189961010976031343262692359854938192511203865642
-0.84820658341042721620064832077421685136625617473699263409572755876067507517414548519760771975082148085090373835713339917746558631
0.84820658341042721620064832077421685136625617473699263409572755876067507517414548519760771975082148085090373835713339917746558631
-0.93727339240070590430775894771020947124399627351530445790136307635020297379704552795054758617426808659746824044603156844920095134
0.93727339240070590430775894771020947124399627351530445790136307635020297379704552795054758617426808659746824044603156844920095134
-0.98799251802048542848956571858661258114697281712376148999999751558738843736901942471272205036831914497667516843990079250193958237
0.98799251802048542848956571858661258114697281712376148999999751558738843736901942471272205036831914497667516843990079250193958237