0
-0.034327088034825330846991415813776899015247443785191077856821589292049042627254783546915889678031382946708416943234967709452050232
0.034327088034825330846991415813776899015247443785191077856821589292049042627254783546915889678031382946708416943234967709452050232
-0.068613713649625415750365222813810869908998905609294665179422869975980598017901436329360401996304489011784397390875452753455445778
0.068613713649625415750365222813810869908998905609294665179422869975980598017901436329360401996304489011784397390875452753455445778
-0.10281946211870772192062484146569566736705620762751194459943791685181694535486831526145677638444591640608726008245614894067045235
0.10281946211870772192062484146569566736705620762751194459943791685181694535486831526145677638444591640608726008245614894067045235
-0.13690401404882641602062180771535944820777093973849944113847589237359849322562424469564354064719998328129883771005428499782004634
0.13690401404882641602062180771535944820777093973849944113847589237359849322562424469564354064719998328129883771005428499782004634
-0.17082719290492516721835560023173380219192973199372915573521129321199424859421119799814217217286120873934047221319389874870180473
0.17082719290492516721835560023173380219192973199372915573521129321199424859421119799814217217286120873934047221319389874870180473
-0.20454901236748877365685106061924902996335941515458333527225876499849937825848732365053056642546980696338701588616230623134844473
0.20454901236748877365685106061924902996335941515458333527225876499849937825848732365053056642546980696338701588616230623134844473
-0.23802972346568211899255049597316193132615123562369941473460862118591562483515507486285866767574791832722182024329717213948621593
0.23802972346568211899255049597316193132615123562369941473460862118591562483515507486285866767574791832722182024329717213948621593
-0.27122986143071926939008513195201473738922132884583758025959165816652738711448348730921299589715396562735721383136279520039725309
0.27122986143071926939008513195201473738922132884583758025959165816652738711448348730921299589715396562735721383136279520039725309
-0.30411029221423531846259631278090142465652397051921799710001654065773837074033397383357027328319561582679616159267062948762515917
0.30411029221423531846259631278090142465652397051921799710001654065773837074033397383357027328319561582679616159267062948762515917
-0.33663225861682849101294244082961887944102157463745764382110917182205438391403223704559266278739702288457209594010935984409371621
0.33663225861682849101294244082961887944102157463745764382110917182205438391403223704559266278739702288457209594010935984409371621
-0.36875742597239956286238846332090367888408792257928498991724727718071776117868324875347477936476100376620178026391438673572037536
0.36875742597239956286238846332090367888408792257928498991724727718071776117868324875347477936476100376620178026391438673572037536
-0.40044792733443930503032520640641593353516563012585975024437941405573599728946872312679890039425687764979241014670415980595284271
0.40044792733443930503032520640641593353516563012585975024437941405573599728946872312679890039425687764979241014670415980595284271
-0.43166640811100180318617276308698017969369456257347333878525714024296991535866979787767094591230718218139199982718047068732580417
0.43166640811100180318617276308698017969369456257347333878525714024296991535866979787767094591230718218139199982718047068732580417
-0.4623760700957514516382465160741523230281614733999407104543231478839818446006892465322436333870779785937879202271711753619012582
0.4623760700957514516382465160741523230281614733999407104543231478839818446006892465322436333870779785937879202271711753619012582
-0.49254071484318341756182175560197309922850342318942010553913514883348403499637741229186743196776071928849570395507450329863457285
0.49254071484318341756182175560197309922850342318942010553913514883348403499637741229186743196776071928849570395507450329863457285
-0.5221247863368905884732570497000453183557583756478098583679554802121879370977295496936167357421928177107739704467445730183193866
0.5221247863368905884732570497000453183557583756478098583679554802121879370977295496936167357421928177107739704467445730183193866
-0.55109341290058355984220784511474139361953141192899657557020891115457989456270997989744890257792958039008453696852974750688129663
0.55109341290058355984220784511474139361953141192899657557020891115457989456270997989744890257792958039008453696852974750688129663
-0.57941244830246313232579196007696329795707461228635642694586600407782471487096511669476332257266889663552715555799793221500189072
0.57941244830246313232579196007696329795707461228635642694586600407782471487096511669476332257266889663552715555799793221500189072
-0.60704851200449605277823559498322918874432011490667947018382323362490617487412850504101914822622477844789372206814912963920215192
0.60704851200449605277823559498322918874432011490667947018382323362490617487412850504101914822622477844789372206814912963920215192
-0.6339690285091532814988036977319929669169400345310685884322821471490559611234868066236940642091460660125393780318181019750766166
0.6339690285091532814988036977319929669169400345310685884322821471490559611234868066236940642091460660125393780318181019750766166
-0.66014226575723479019026455244018560351485504414289389095303970966378625985172846096504600778458493655396986601275258557036156417
0.66014226575723479019026455244018560351485504414289389095303970966378625985172846096504600778458493655396986601275258557036156417
-0.68553737253152465514634420294114831387037378331546406791808592762727933679079489049528493617367643529094313104396136746210691415
0.68553737253152465514634420294114831387037378331546406791808592762727933679079489049528493617367643529094313104396136746210691415
-0.71012441482219387174314549579575292290095640162865288624356381957375321773197907395464731915917324523694050866850185684362856495
0.71012441482219387174314549579575292290095640162865288624356381957375321773197907395464731915917324523694050866850185684362856495
-0.7338744111110947822544678013137689180819579013047376653504636303423780658355157195753103305265771523659256960613598516722294969
0.7338744111110947822544678013137689180819579013047376653504636303423780658355157195753103305265771523659256960613598516722294969
-0.7567593665333692885926067316529729088095842013044944442671595873166524383123778939581307432355077630785732762278609858740797367
0.7567593665333692885926067316529729088095842013044944442671595873166524383123778939581307432355077630785732762278609858740797367
-0.77875230587612234469465291071602992332725438149305202329074144176733176160823803476256944356248161220638215499097412994929856254
0.77875230587612234469465291071602992332725438149305202329074144176733176160823803476256944356248161220638215499097412994929856254
-0.79982730537529224065049025181448369275065479541380370954377781403704724137515862571872447920798125267376671100347682324233219785
0.79982730537529224065049025181448369275065479541380370954377781403704724137515862571872447920798125267376671100347682324233219785
-0.81995952327328033397631816418684469630941675817316899111545191088413420651012905372831866353475574922286694642285280927181957438
0.81995952327328033397631816418684469630941675817316899111545191088413420651012905372831866353475574922286694642285280927181957438
-0.83912522910138703179611846145672638322293955420015447374523260846802057308939910336178443806211710835732251015007932003336326948
0.83912522910138703179611846145672638322293955420015447374523260846802057308939910336178443806211710835732251015007932003336326948
-0.85730183165264257907818441015891473190738911813891437244413445823597374100599027253321100345154829076434336325744333993262396462
0.85730183165264257907818441015891473190738911813891437244413445823597374100599027253321100345154829076434336325744333993262396462
-0.87446790561223038589360464369370120100187788131735301831469600824115901049661962198978426997559037842182961315449162793559740095
0.87446790561223038589360464369370120100187788131735301831469600824115901049661962198978426997559037842182961315449162793559740095
-0.89060321681439740379149866598567505135776067905444387950580970189901210288707490261680709122324739769669066256089736407920703639
0.89060321681439740379149866598567505135776067905444387950580970189901210288707490261680709122324739769669066256089736407920703639
-0.90568874609657186500258053275192609658989319207175191366676927175784841024291640167171563341190659477324979054262320371944551101
0.90568874609657186500258053275192609658989319207175191366676927175784841024291640167171563341190659477324979054262320371944551101
-0.91970671172345048814133060478945928780072499265445729859501099463078202183275189206678363021094321438145418654320035128859403969
0.91970671172345048814133060478945928780072499265445729859501099463078202183275189206678363021094321438145418654320035128859403969
-0.9326405903562644066122144878535069313601653089567850653479040597710351273141847160439380480264569450288963863345939807246520916
0.9326405903562644066122144878535069313601653089567850653479040597710351273141847160439380480264569450288963863345939807246520916
-0.94447513654571866806279148128266174958015288299389700312420748746368087773568081652208327955556856941467445307016984085421956245
0.94447513654571866806279148128266174958015288299389700312420748746368087773568081652208327955556856941467445307016984085421956245
-0.95519640073227636387402189727220542199034697886617698215063743851400746498843892041851215892766250438130673008230127182162045437
0.95519640073227636387402189727220542199034697886617698215063743851400746498843892041851215892766250438130673008230127182162045437
-0.96479174574727607577649510370278725546699007547238208081318927519512224715196928550328525044858064746941525809236228380590382417
0.96479174574727607577649510370278725546699007547238208081318927519512224715196928550328525044858064746941525809236228380590382417
-0.97324986183069073432246752375461367009682669030939182968391641319442637055951380832556990315046470754735478844863484853478016442
0.97324986183069073432246752375461367009682669030939182968391641319442637055951380832556990315046470754735478844863484853478016442
-0.98056078024121343903686279995775459236250940202937578204757983993675137767043851701134032978551225737068320082189033608318351396
0.98056078024121343903686279995775459236250940202937578204757983993675137767043851701134032978551225737068320082189033608318351396
-0.98671588572346978690793638593742216164131637194237011302328624205950970181813798385189072154401353162850729451977135053037450229
0.98671588572346978690793638593742216164131637194237011302328624205950970181813798385189072154401353162850729451977135053037450229
-0.99170792881727710156762025503223837464856502757795066042160517007934344256356722453684654854204146346571580843710587631203684548
0.99170792881727710156762025503223837464856502757795066042160517007934344256356722453684654854204146346571580843710587631203684548
-0.99553104250535245368938311820648743536825660268916589963136038547201533819616804007486383436047505943451766588690101953013856983
0.99553104250535245368938311820648743536825660268916589963136038547201533819616804007486383436047505943451766588690101953013856983
-0.99818079259053475467322014002020589729779915779428250711618715597748960227836176390882276723698705424867137054877038776413930187
0.99818079259053475467322014002020589729779915779428250711618715597748960227836176390882276723698705424867137054877038776413930187
-0.99965464507657613038298922751559756365683274307760515444805984927902206491034066064928387212706061569012475944303863194299286864
0.99965464507657613038298922751559756365683274307760515444805984927902206491034066064928387212706061569012475944303863194299286864