0
-0.10627823013267923017098239243037698091719543929560713628577527402216534375158464094300446062056541715101050586844379352994130162
0.10627823013267923017098239243037698091719543929560713628577527402216534375158464094300446062056541715101050586844379352994130162
-0.21135228616600107450637572890293749905665081771209514803840084532205891110801177809857842820451641362383692905358907267066857376
0.21135228616600107450637572890293749905665081771209514803840084532205891110801177809857842820451641362383692905358907267066857376
-0.31403163786763993494819592319104744825844881909082748129675893089444669742943344254051546750538015463384797063157433613236530067
0.31403163786763993494819592319104744825844881909082748129675893089444669742943344254051546750538015463384797063157433613236530067
-0.4131528881740086638907065860316168233234385187363139197783846652542833462119727970500394609262070245086368042339558371582181602
0.4131528881740086638907065860316168233234385187363139197783846652542833462119727970500394609262070245086368042339558371582181602
-0.50759295512422764210262791962752015335122384038458416418506430709821436636263682231918046729063454319484389307954679639806714727
0.50759295512422764210262791962752015335122384038458416418506430709821436636263682231918046729063454319484389307954679639806714727
-0.59628179713822782037958621118898978007818681038557763847346239323034283396173989859125469844883417473208992283668485445587737473
0.59628179713822782037958621118898978007818681038557763847346239323034283396173989859125469844883417473208992283668485445587737473
-0.67821453760268651515618500539198592638826293001464516272380985894936650320016802308380985207027237342393563546823962776436899144
0.67821453760268651515618500539198592638826293001464516272380985894936650320016802308380985207027237342393563546823962776436899144
-0.75246285173447713391261007721213819021259196822898660841199799152469213071768591348860632277124419392495086733547114713745415088
0.75246285173447713391261007721213819021259196822898660841199799152469213071768591348860632277124419392495086733547114713745415088
-0.81818548761525244498957221457878497563002156188229377113703427229531652533557510720305925779500300606427698805830364335465708266
0.81818548761525244498957221457878497563002156188229377113703427229531652533557510720305925779500300606427698805830364335465708266
-0.87463780492010279041779342125657854691061686311904137072722082871474183708631114683892470304084695310233980043237066990777189072
0.87463780492010279041779342125657854691061686311904137072722082871474183708631114683892470304084695310233980043237066990777189072
-0.92118023295305878509375343608310642540883934331229359846899146380595001328445027463851518693944003144599619969267784107399959464
0.92118023295305878509375343608310642540883934331229359846899146380595001328445027463851518693944003144599619969267784107399959464
-0.95728559577808772579820803698082356373755955395409707056352963615334160415432419786200529585666470454799154620175508599739639126
0.95728559577808772579820803698082356373755955395409707056352963615334160415432419786200529585666470454799154620175508599739639126
-0.98254550526141317487092601578637695610678194890643155902512009144667258571563038355217263471614692280369527636067354216809588803
0.98254550526141317487092601578637695610678194890643155902512009144667258571563038355217263471614692280369527636067354216809588803
-0.99667944226059658616319153254935388565177345325088000219815732375678558599441974433752396357941520361493184438791586367959750709
0.99667944226059658616319153254935388565177345325088000219815732375678558599441974433752396357941520361493184438791586367959750709