-0.012416946171923206672782458620059546837007362112816100569082231433529778629413649022747473267948054230331090612145589500708644663
0.012416946171923206672782458620059546837007362112816100569082231433529778629413649022747473267948054230331090612145589500708644663
-0.037243180589678537652247217902879597807826835602116655662452945997356099357042544611682860085581826904570775881856537295097113418
0.037243180589678537652247217902879597807826835602116655662452945997356099357042544611682860085581826904570775881856537295097113418
-0.062046445952047586596584967604650157865157804378924682083188288903984166785003063274738465568592838424069418602243567112515584941
0.062046445952047586596584967604650157865157804378924682083188288903984166785003063274738465568592838424069418602243567112515584941
-0.086811445295483295447169977825867459104626920102252743608628617919362655962815367266018303732040894360459139884102863766368563138
0.086811445295483295447169977825867459104626920102252743608628617919362655962815367266018303732040894360459139884102863766368563138
-0.11152290525631145998036924949358601783053127840418793752745198094808469136868895342311544989798377470441975542760415246114276465
0.11152290525631145998036924949358601783053127840418793752745198094808469136868895342311544989798377470441975542760415246114276465
-0.13616558549030065510312530761597154795206536801499513693775642394383797026957521897385734590643750508349817363937456152152018919
0.13616558549030065510312530761597154795206536801499513693775642394383797026957521897385734590643750508349817363937456152152018919
-0.16072428807186802715238303617024724198130669429730932714077112681443999630369442481854596035187267995516551234560258550173280925
0.16072428807186802715238303617024724198130669429730932714077112681443999630369442481854596035187267995516551234560258550173280925
-0.18518386686712416654103237378403644746551802796730418626467740546535770536542607383468077295347375999185588260314634771543181553
0.18518386686712416654103237378403644746551802796730418626467740546535770536542607383468077295347375999185588260314634771543181553
-0.20952923687497640863444144196017175139293737187848708762999389810587106658231102148017191579813348544377118806336970253244458376
0.20952923687497640863444144196017175139293737187848708762999389810587106658231102148017191579813348544377118806336970253244458376
-0.23374538353052961047320249957277686163949970145773842879653093457512674252056002420891347878708004687042137820812334496364168577
0.23374538353052961047320249957277686163949970145773842879653093457512674252056002420891347878708004687042137820812334496364168577
-0.2578173719650467037421127749583212930391796799523635036305950786959490466690721072167614696919563603832946644332044394385914642
0.2578173719650467037421127749583212930391796799523635036305950786959490466690721072167614696919563603832946644332044394385914642
-0.28173035621675811589759751720702862559861536320187761653481321143012650890726030097990078908220408799581667031365967014461770722
0.28173035621675811589759751720702862559861536320187761653481321143012650890726030097990078908220408799581667031365967014461770722
-0.30546958838683946510253685642220049233195031018134495001448151088270406821833176754140153476625171103241225435007827710306217879
0.30546958838683946510253685642220049233195031018134495001448151088270406821833176754140153476625171103241225435007827710306217879
-0.32902042773491075190862469944329616160500766655563004142493203600320302163967393042022943163864637989316532469892441994596690995
0.32902042773491075190862469944329616160500766655563004142493203600320302163967393042022943163864637989316532469892441994596690995
-0.35236834970844757064773387838257372148066556788506092454712738021710165684698429484656857613508020950032168913827995297303494443
0.35236834970844757064773387838257372148066556788506092454712738021710165684698429484656857613508020950032168913827995297303494443
-0.37549895490053562328158272444926607351704955897527049794009089616743519239553111745312360915442140209764835190868132521701062829
0.37549895490053562328158272444926607351704955897527049794009089616743519239553111745312360915442140209764835190868132521701062829
-0.39839797793044401292658704207925682493073387803237515804190198832598508322072329210960166490301244138261651004997950975058619151
0.39839797793044401292658704207925682493073387803237515804190198832598508322072329210960166490301244138261651004997950975058619151
-0.42105129624154039622692781059222781574870885661313616563649474800825963117609605621616905210740482565719210618775224940210304542
0.42105129624154039622692781059222781574870885661313616563649474800825963117609605621616905210740482565719210618775224940210304542
-0.44344493881112205391861646618238706256259720073057464649930931703777239752981683383859873009469494017494303095869047416446233652
0.44344493881112205391861646618238706256259720073057464649930931703777239752981683383859873009469494017494303095869047416446233652
-0.46556509476679126597534344727567338930274178203175685262015009704875332518914286018262073902083652752841676941808166120602986146
0.46556509476679126597534344727567338930274178203175685262015009704875332518914286018262073902083652752841676941808166120602986146
-0.48739812190406101828376346700462785534954844752165086711168831327697129829904700795883421835760032307188887317561636591919713667
0.48739812190406101828376346700462785534954844752165086711168831327697129829904700795883421835760032307188887317561636591919713667
-0.50893055509993798648818553848738280035023815851918477949866643107737638222858318565862946406586798656418952569448810846883615816
0.50893055509993798648818553848738280035023815851918477949866643107737638222858318565862946406586798656418952569448810846883615816
-0.53014911461729390212946722039382704997924098441621102870927541554783954715376395271366598251867904727486504614079281908798018271
0.53014911461729390212946722039382704997924098441621102870927541554783954715376395271366598251867904727486504614079281908798018271
-0.5510407142949037672080691638381847487259196772082643869917882597783157798205196303864326184585297887101477763602736340272411091
0.5510407142949037672080691638381847487259196772082643869917882597783157798205196303864326184585297887101477763602736340272411091
-0.57159246961809990467298216846117944213523638056869104342411739242107578042105927742741468708725792792775774104501634131812511084
0.57159246961809990467298216846117944213523638056869104342411739242107578042105927742741468708725792792775774104501634131812511084
-0.59179170566506447109903416240791066813731357352191948133101998779255760830587605677855783746617055019032339446969149127449285254
0.59179170566506447109903416240791066813731357352191948133101998779255760830587605677855783746617055019032339446969149127449285254
-0.61162596492385976923479316926333128366387429193774487381431179556554232764403689207214959728979591750450605311929336398722213066
0.61162596492385976923479316926333128366387429193774487381431179556554232764403689207214959728979591750450605311929336398722213066
-0.63108301497537543578928919953921771940576887937789556203408124768211640489386502498698909124789635621929148264646033392216085242
0.63108301497537543578928919953921771940576887937789556203408124768211640489386502498698909124789635621929148264646033392216085242
-0.65015085603745429583954300415009710347309074191259251216205738900213398859217727388734486441614174635416386953468619918140503151
0.65015085603745429583954300415009710347309074191259251216205738900213398859217727388734486441614174635416386953468619918140503151
-0.66881772836554432025238035883244106987670708554274506823326730179457740370774535998915805838919606300945842516822268159498279405
0.66881772836554432025238035883244106987670708554274506823326730179457740370774535998915805838919606300945842516822268159498279405
-0.68707211950531264601102088805978213939915315237779867871551346580262400859139645188392529827514902565543379620115618230042825811
0.68707211950531264601102088805978213939915315237779867871551346580262400859139645188392529827514902565543379620115618230042825811
-0.70490277139274896991500186595340188491465956789863679534419875765798474470651181296168668965293621573086825023280793773915536296
0.70490277139274896991500186595340188491465956789863679534419875765798474470651181296168668965293621573086825023280793773915536296
-0.72229868729737975189423304719856468030955601836398333355223693484592136671137385498086987921760501558991539422223401070264692026
0.72229868729737975189423304719856468030955601836398333355223693484592136671137385498086987921760501558991539422223401070264692026
-0.73924913860431151336547686368791166301190400907671531670609881901904058430569897184905266834473873803804990885208181359063230652
0.73924913860431151336547686368791166301190400907671531670609881901904058430569897184905266834473873803804990885208181359063230652
-0.7557436714309210378574781264393736469077251833850606761452183608730229712079004375085711957749080506788866170924340308308286056
0.7557436714309210378574781264393736469077251833850606761452183608730229712079004375085711957749080506788866170924340308308286056
-0.77177211307411242700091824307566423831999997940925353903181894429917268375321796006073811430370998398991117831374770844471966335
0.77177211307411242700091824307566423831999997940925353903181894429917268375321796006073811430370998398991117831374770844471966335
-0.78732457828416569061010157232470329461421478754004741535082727613866875255777814468957852290693146120465736316237256375588237406
0.78732457828416569061010157232470329461421478754004741535082727613866875255777814468957852290693146120465736316237256375588237406
-0.80239147536130881791483871112535240004527781006495766581453313002063109880432343345292896927536720218982765898250235614730624349
0.80239147536130881791483871112535240004527781006495766581453313002063109880432343345292896927536720218982765898250235614730624349
-0.81696351207125506296663623981607113624687980252906091921885530282863589293324806482277188698723450450790098175043882997145785179
0.81696351207125506296663623981607113624687980252906091921885530282863589293324806482277188698723450450790098175043882997145785179
-0.83103170137605947533210076476349840707643928372817715686219683416194669212377253760141540087798111841662437324342717633979819425
0.83103170137605947533210076476349840707643928372817715686219683416194669212377253760141540087798111841662437324342717633979819425
-0.84458736697676354371848740616375580021955039914656097069438439940150784035158123288711608818099249281764557347749672638510279564
0.84458736697676354371848740616375580021955039914656097069438439940150784035158123288711608818099249281764557347749672638510279564
-0.85762214866441427359941174554760624947667268305823278012870289670247147799744170673270619308068179847723664425572472084819922382
0.85762214866441427359941174554760624947667268305823278012870289670247147799744170673270619308068179847723664425572472084819922382
-0.87012800747616425502514925817799917918793459758228286464610466912526906706238150329147345193492783912583942930250511644668602469
0.87012800747616425502514925817799917918793459758228286464610466912526906706238150329147345193492783912583942930250511644668602469
-0.88209723065328260371289607975794822322283983199724984791484093603262017611098937847782026837138356807562199738971094212672166788
0.88209723065328260371289607975794822322283983199724984791484093603262017611098937847782026837138356807562199738971094212672166788
-0.89352243639803363646116885541018544410354584407447457100904032171640801951838866415552191410996019923793645298911817626102837312
0.89352243639803363646116885541018544410354584407447457100904032171640801951838866415552191410996019923793645298911817626102837312
-0.90439657842651176680225144061640499979442602062067997682824406151440387470597621208618243826771067782982211716461146331326356538
0.90439657842651176680225144061640499979442602062067997682824406151440387470597621208618243826771067782982211716461146331326356538
-0.91471295031465915886610201175037700227700798007119650736551240151256274969598578698853661130352799752993015364693885252346473666
0.91471295031465915886610201175037700227700798007119650736551240151256274969598578698853661130352799752993015364693885252346473666
-0.92446518963484038552693574082546948633340570769577125854336017963646388894437476366585833514343302963578230881978590396200260117
0.92446518963484038552693574082546948633340570769577125854336017963646388894437476366585833514343302963578230881978590396200260117
-0.93364728188051168884633662118541343019122957182140923363012040455045228187495612663351424379792074228724402094104709157966517477
0.93364728188051168884633662118541343019122957182140923363012040455045228187495612663351424379792074228724402094104709157966517477
-0.94225356417671286312657511758137860203325045082380791481583684842347022547132624365394290116533233637903033132148016417969418938
0.94225356417671286312657511758137860203325045082380791481583684842347022547132624365394290116533233637903033132148016417969418938
-0.95027872877434984289071593444269698008173980273168041253595592004343017203601242220651077702147948645723963874393083403499993118
0.95027872877434984289071593444269698008173980273168041253595592004343017203601242220651077702147948645723963874393083403499993118
-0.95771782632657219285845929933023914930406263491458931248729842298653176523207353115769341206735846088444646127457169192624260922
0.95771782632657219285845929933023914930406263491458931248729842298653176523207353115769341206735846088444646127457169192624260922
-0.96456626894608188056362494288295205162379430131452179249144126097946020468657198141748076442937519308352680529163176439929679685
0.96456626894608188056362494288295205162379430131452179249144126097946020468657198141748076442937519308352680529163176439929679685
-0.97081983304316549989935030310285642389366980217910155402693229088152922118486406973583312975301760237932344354893843070309792759
0.97081983304316549989935030310285642389366980217910155402693229088152922118486406973583312975301760237932344354893843070309792759
-0.97647466194617296150068820212273647967559466225824002010223415319466685268326271973474871632693401073036411049380810372050440885
0.97647466194617296150068820212273647967559466225824002010223415319466685268326271973474871632693401073036411049380810372050440885
-0.98152726831051173242172069565155448360996469105105696044718897956599401078076433071831471987774858899948337133138752169142761303
0.98152726831051173242172069565155448360996469105105696044718897956599401078076433071831471987774858899948337133138752169142761303
-0.98597453633310039577560456668960733882916395932000591445667996815880138276421681627923080269197404775811073061683641976185950012
0.98597453633310039577560456668960733882916395932000591445667996815880138276421681627923080269197404775811073061683641976185950012
-0.98981372381973861002486742893010760221346349460106107214258129994795652950991345245489341244199171515390826634705079020242084076
0.98981372381973861002486742893010760221346349460106107214258129994795652950991345245489341244199171515390826634705079020242084076
-0.99304246425096804346945387594278469007388848944534403156323662854063969190311552957101138852825013781335981961363436979984493982
0.99304246425096804346945387594278469007388848944534403156323662854063969190311552957101138852825013781335981961363436979984493982
-0.99565876936792079253761792587943577145301773143886446020522490127714485079446698152694403109755778522910470055722062027721291679
0.99565876936792079253761792587943577145301773143886446020522490127714485079446698152694403109755778522910470055722062027721291679
-0.99766103463595898470827702791314524266945088469649577805174635086757866529172357069843056790341110293825228079474280300573026807
0.99766103463595898470827702791314524266945088469649577805174635086757866529172357069843056790341110293825228079474280300573026807
-0.99904806296756677197678347636124586774460264044392559206954447343082018177201881107447378709398323293019166919319111590852691977
0.99904806296756677197678347636124586774460264044392559206954447343082018177201881107447378709398323293019166919319111590852691977
-0.99981930723240322915662107923409313430153307303480494450149085435861914154084153289887268456198046153020163439772909384852464089
0.99981930723240322915662107923409313430153307303480494450149085435861914154084153289887268456198046153020163439772909384852464089