-0.012616401494663604854791202203403533580986688428540606084561449670268776923201479395312208532422719820969960951243537951476663534
0.012616401494663604854791202203403533580986688428540606084561449670268776923201479395312208532422719820969960951243537951476663534
-0.03784117156294323901453133598480390036849824251448889225747575202645136913028797648938540159006276012891913449544083323717115108
0.03784117156294323901453133598480390036849824251448889225747575202645136913028797648938540159006276012891913449544083323717115108
-0.063041847982678155861759882907688194693997432104615655285881516972092061614327803391989522724863222582597153259963335063551996516
0.063041847982678155861759882907688194693997432104615655285881516972092061614327803391989522724863222582597153259963335063551996516
-0.088202385366908754923187532607283773195974970336888583637604810975667820469030849155783694970081344165656379833190977942696776785
0.088202385366908754923187532607283773195974970336888583637604810975667820469030849155783694970081344165656379833190977942696776785
-0.11330676388538512225542474586828283942239976894732127179081420322584296775564586254329949173613136953083424819269378967051792746
0.11330676388538512225542474586828283942239976894732127179081420322584296775564586254329949173613136953083424819269378967051792746
-0.13833899946446710802388044014341186880197385608524972707721681149605424771528741521835054879038639386419296614943906795921800548
0.13833899946446710802388044014341186880197385608524972707721681149605424771528741521835054879038639386419296614943906795921800548
-0.16328315396425801614165301227476506077466271167390873235221646205656473227753782796017646525339629964942110608785213876851571441
0.16328315396425801614165301227476506077466271167390873235221646205656473227753782796017646525339629964942110608785213876851571441
-0.18812334532649208140160703862806236272918591907102391065139771621903862930623760450798711390062930256219823527906896840159824982
0.18812334532649208140160703862806236272918591907102391065139771621903862930623760450798711390062930256219823527906896840159824982
-0.21284375768671453106575196010530764813730330449693910325619574502467820907888801671285463627427674233780002162712592720863413845
0.21284375768671453106575196010530764813730330449693910325619574502467820907888801671285463627427674233780002162712592720863413845
-0.23742865144431576338169751236952013907522321305943183760321381955529207706629256502534714976539901097204833503667798118211549383
0.23742865144431576338169751236952013907522321305943183760321381955529207706629256502534714976539901097204833503667798118211549383
-0.26186237328400801051611406077681304788400545423421365655972684117316675409645279608210147416815513695285311025320728043305236419
0.26186237328400801051611406077681304788400545423421365655972684117316675409645279608210147416815513695285311025320728043305236419
-0.28612936614236377086389727982008244744207303908880275853656107811640029765233785530595735177769319276779206737495021283980458292
0.28612936614236377086389727982008244744207303908880275853656107811640029765233785530595735177769319276779206737495021283980458292
-0.31021417911307027594952511464463222965300577437695063789843976228375770729774212541760346463621168886154785818376928785219250208
0.31021417911307027594952511464463222965300577437695063789843976228375770729774212541760346463621168886154785818376928785219250208
-0.33410147728459327794447129400554178890453072128178102767594837795389798361313746191483557777088670754773035305518572221011807811
0.33410147728459327794447129400554178890453072128178102767594837795389798361313746191483557777088670754773035305518572221011807811
-0.3577760515039864803782128769867376220230348853625134080353070312986425263629649138975099632663453282478389414110927129000615502
0.3577760515039864803782128769867376220230348853625134080353070312986425263629649138975099632663453282478389414110927129000615502
-0.38122282806062995957135066683060337393304968013348922035739135303445342285778128131518638930559078125131033998938434835512979069
0.38122282806062995957135066683060337393304968013348922035739135303445342285778128131518638930559078125131033998938434835512979069
-0.40442687828373190779349600792207911771340806169812385205152771968225618999088103206429252008243152021112849241411507549922674093
0.40442687828373190779349600792207911771340806169812385205152771968225618999088103206429252008243152021112849241411507549922674093
-0.42737342804748293876968080467579108466713146968972063947226218774763394094486154679835454495298628520867916926149974641054652896
0.42737342804748293876968080467579108466713146968972063947226218774763394094486154679835454495298628520867916926149974641054652896
-0.45004786717781099707497314615166369414579981259206236320330106774703772614220972044552131750183904668959409044134716111764496477
0.45004786717781099707497314615166369414579981259206236320330106774703772614220972044552131750183904668959409044134716111764496477
-0.47243575875474756786907610333287463132220334617197645371066007545517162067163518724772090430061976813596970557593571892024236451
0.47243575875474756786907610333287463132220334617197645371066007545517162067163518724772090430061976813596970557593571892024236451
-0.4945228483044823526192725482618574152558841175379133132912228285587502921829487332222218379240510905180211837737310994785042156
0.4945228483044823526192725482618574152558841175379133132912228285587502921829487332222218379240510905180211837737310994785042156
-0.51629507287525381785484428130518646408036979730847767453758924079616911908062846132167322933332423481041454245265682350149603053
0.51629507287525381785484428130518646408036979730847767453758924079616911908062846132167322933332423481041454245265682350149603053
-0.5377385699912969931726756661821136038776973233716053390343120461694571780237583895690187415459684045466485719738863253959398679
0.5377385699912969931726756661821136038776973233716053390343120461694571780237583895690187415459684045466485719738863253959398679
-0.55883968647914754497828575315848780560679062764508416350517497497215393889231604819652316817276222014909737759591499733229876993
0.55883968647914754497828575315848780560679062764508416350517497497215393889231604819652316817276222014909737759591499733229876993
-0.57958498716068243489075442072944004047913257830762686378239641773454853083803527237914576014493180281590656591409172005968518274
0.57958498716068243489075442072944004047913257830762686378239641773454853083803527237914576014493180281590656591409172005968518274
-0.5999612634073623353186166726284081056309005223638012736653221093201193888876862844284698894035716106830116196553338958051042031
0.5999612634073623353186166726284081056309005223638012736653221093201193888876862844284698894035716106830116196553338958051042031
-0.6199555415502293663414840917523510568080672807138861509094599454438971176824608283346782899561758447978382529753999317795392258
0.6199555415502293663414840917523510568080672807138861509094599454438971176824608283346782899561758447978382529753999317795392258
-0.63955509114030558270821152176974732375217029278501162309953585526262135127420577559410836472148601308689289366516027954838033168
0.63955509114030558270821152176974732375217029278501162309953585526262135127420577559410836472148601308689289366516027954838033168
-0.65874743305413292073472215271991177464810615984042006628011004377451082427428885022680058676145929842216007537022142155738108238
0.65874743305413292073472215271991177464810615984042006628011004377451082427428885022680058676145929842216007537022142155738108238
-0.67752034743929395387041820639533563056078285971428599310340586110077866461120765585285827036783479220034766952556146139963818194
0.67752034743929395387041820639533563056078285971428599310340586110077866461120765585285827036783479220034766952556146139963818194
-0.69586188149485474319244645312626593282753077728647066323308571039601698793589450352542619753643721896449387426975588749256444193
0.69586188149485474319244645312626593282753077728647066323308571039601698793589450352542619753643721896449387426975588749256444193
-0.71376035708177624477500490207408879315016816368395877789490400087378751301948844759088240285304528210368465879935971338467341253
0.71376035708177624477500490207408879315016816368395877789490400087378751301948844759088240285304528210368465879935971338467341253
-0.7312043781584490892764623266414568641782654124495667098743863169262725936301805130949892575571208202967995559347268566455126319
0.7312043781584490892764623266414568641782654124495667098743863169262725936301805130949892575571208202967995559347268566455126319
-0.7481828380366180204172543006672074320407468169937274763668462427684897422161515963284252350936658556049545995660440906196655825
0.7481828380366180204172543006672074320407468169937274763668462427684897422161515963284252350936658556049545995660440906196655825
-0.76468492645307681057020079176760771935033060832866301352819411605793625855398978554316364567349605268399265733778827954192429453
0.76468492645307681057020079176760771935033060832866301352819411605793625855398978554316364567349605268399265733778827954192429453
-0.78070013645263200982324836555086733015203184168783892458096554983058229135284569458810536453729084124705999381050399499538175405
0.78070013645263200982324836555086733015203184168783892458096554983058229135284569458810536453729084124705999381050399499538175405
-0.7962182710779543831895361972416331038202534691214651813206360614176865538113016634927495054570869496121504464875821261071323641
0.7962182710779543831895361972416331038202534691214651813206360614176865538113016634927495054570869496121504464875821261071323641
-0.81122944986206031483569190741692924114642555662191410521601291236006491943575973854116008439830878477174691924573357382136583147
0.81122944986206031483569190741692924114642555662191410521601291236006491943575973854116008439830878477174691924573357382136583147
-0.82572411511929179391289865708845490820213762839364962411787437564109104547596628799848431467141216586900027251032731985240210165
0.82572411511929179391289865708845490820213762839364962411787437564109104547596628799848431467141216586900027251032731985240210165
-0.83969303803079286205467875232248562712459522801712654396386097279763893994975340109306525252905580984966883004024352544134389432
0.83969303803079286205467875232248562712459522801712654396386097279763893994975340109306525252905580984966883004024352544134389432
-0.85312732452061266967150249546763367664778196351920694033126416720017849385795256566724126200365966349861965267320714996425246509
0.85312732452061266967150249546763367664778196351920694033126416720017849385795256566724126200365966349861965267320714996425246509
-0.86601842091870071756152946332667548256730856684043374485517048033138780536103970151339345773016689946195533483476297361995272675
0.86601842091870071756152946332667548256730856684043374485517048033138780536103970151339345773016689946195533483476297361995272675
-0.87835811940719876258167973572093003476567498119338999459134370148809862661582759809440425285834840052696118047172345278626745383
0.87835811940719876258167973572093003476567498119338999459134370148809862661582759809440425285834840052696118047172345278626745383
-0.89013856324657680868679981128352554267404958910428366265403711327883411295090997217440345473452048210509991370414845478591292851
0.89013856324657680868679981128352554267404958910428366265403711327883411295090997217440345473452048210509991370414845478591292851
-0.90135225177830860561829338246137346677356502407594181714384985585008338181619587790243458163997076712196412467695804202700354959
0.90135225177830860561829338246137346677356502407594181714384985585008338181619587790243458163997076712196412467695804202700354959
-0.91199204520093696456353725173542620413387995242439978684152932774181813607816668598335244803329286202137481784375908987036309406
0.91199204520093696456353725173542620413387995242439978684152932774181813607816668598335244803329286202137481784375908987036309406
-0.92205116911654429616847378804146948261666035704612660161944264816340652629889614460154765990722524472031334585976856808206969112
0.92205116911654429616847378804146948261666035704612660161944264816340652629889614460154765990722524472031334585976856808206969112
-0.93152321884482525244757140430730419935350422595291685930725949817511529658157219888610461588632921619784802466003388586305137885
0.93152321884482525244757140430730419935350422595291685930725949817511529658157219888610461588632921619784802466003388586305137885
-0.94040216350216799614855338095881847662944786521923789123333542775852660627799155420811421781455673783595534930875602327017962871
0.94040216350216799614855338095881847662944786521923789123333542775852660627799155420811421781455673783595534930875602327017962871
-0.94868234984341171829375413265241286574641012114683001576829673144267557984782396418849765525946933440261950661872746180590114931
0.94868234984341171829375413265241286574641012114683001576829673144267557984782396418849765525946933440261950661872746180590114931
-0.95635850586430848200809040136910496551509311516519983274520932472233784553242531278946736376896150741583941722173757946754972468
0.95635850586430848200809040136910496551509311516519983274520932472233784553242531278946736376896150741583941722173757946754972468
-0.9634257441632805323640581029161822468180769885385793228565930960891296732423818552340363079248245595184929196989237372501991798
0.9634257441632805323640581029161822468180769885385793228565930960891296732423818552340363079248245595184929196989237372501991798
-0.96987956506206477086412266403119372966377032422800927134247340133633663357002924772811027851346860117612144396103348261055587905
0.96987956506206477086412266403119372966377032422800927134247340133633663357002924772811027851346860117612144396103348261055587905
-0.97571585948684345385893571479531322256080215871774062761787122104658221823422566344947210363263273321792102691507914709576776525
0.97571585948684345385893571479531322256080215871774062761787122104658221823422566344947210363263273321792102691507914709576776525
-0.98093091161596112681084478401763177401857734331909284408510871310422045359726884208838948591748170704102681368232430062638806295
0.98093091161596112681084478401763177401857734331909284408510871310422045359726884208838948591748170704102681368232430062638806295
-0.98552140131156896391162533125536548132405635077516908825536533740670611844709284725786070224977039040639021264068997474383767041
0.98552140131156896391162533125536548132405635077516908825536533740670611844709284725786070224977039040639021264068997474383767041
-0.98948440638405363003035385994246026179211093395546421403091565293624702181889456304222784492204271584240656580782665812757714712
0.98948440638405363003035385994246026179211093395546421403091565293624702181889456304222784492204271584240656580782665812757714712
-0.99281740483941754781294627590557995942314586139355587026403696010075183595341113144446172044830206501902357249127323967386392395
0.99281740483941754781294627590557995942314586139355587026403696010075183595341113144446172044830206501902357249127323967386392395
-0.99551827764788908177466942775034799689877370740393398435659380151591979024899708766662088167267375419823666604958193412747619956
0.99551827764788908177466942775034799689877370740393398435659380151591979024899708766662088167267375419823666604958193412747619956
-0.99758531446783590601741045452235041020439240092837570165387157538609423811396163708802851099366610585505657292451843514966265505
0.99758531446783590601741045452235041020439240092837570165387157538609423811396163708802851099366610585505657292451843514966265505
-0.99901723820452555824883962339834919187692793630383294918849833856038873618668193912501383598234308630374518806869173107851215356
0.99901723820452555824883962339834919187692793630383294918849833856038873618668193912501383598234308630374518806869173107851215356
-0.99981345542605235362085257483322156467270488145356593330848583652394792946959099238390470735405395380196478059218791101012510114
0.99981345542605235362085257483322156467270488145356593330848583652394792946959099238390470735405395380196478059218791101012510114