0
-0.025435045385475839700229556077687536211884116051811124974188635535276159185417304882963961061683554213122092061329980533401195821
0.025435045385475839700229556077687536211884116051811124974188635535276159185417304882963961061683554213122092061329980533401195821
-0.050853632851702284822449261499456769019900077326714526148508031108265010112857457663731608291701605231633079558466244605257773899
0.050853632851702284822449261499456769019900077326714526148508031108265010112857457663731608291701605231633079558466244605257773899
-0.076239315128638859093560748061659653969222872333747853035805239288807619025524553335924527255275699058864333543148798072795293871
0.076239315128638859093560748061659653969222872333747853035805239288807619025524553335924527255275699058864333543148798072795293871
-0.10157566623777228286938401744223611219123747073653633571329847333902587982883611442735116482952127439794664752620785013290405341
0.10157566623777228286938401744223611219123747073653633571329847333902587982883611442735116482952127439794664752620785013290405341
-0.12684629212065793020604923434349374077236371666450148480152227024968629984219126760859098655710798287760981248019400235074199122
0.12684629212065793020604923434349374077236371666450148480152227024968629984219126760859098655710798287760981248019400235074199122
-0.15203484124680719794296713816882321784650370163613087847428854830650942398317775391549871114224788899978635732262260630413538318
0.15203484124680719794296713816882321784650370163613087847428854830650942398317775391549871114224788899978635732262260630413538318
-0.17712501519405688466120621662851566345654688866818800980350742226054523603008500447833277263047385627164879944996739775100363932
0.17712501519405688466120621662851566345654688866818800980350742226054523603008500447833277263047385627164879944996739775100363932
-0.20210057919457448340497630114890321898089615473808107549689524278732281561753631207679682415188914215320353019370909209162219897
0.20210057919457448340497630114890321898089615473808107549689524278732281561753631207679682415188914215320353019370909209162219897
-0.22694537263967552799201154658806513042456833702158132088830013860344886889631072877364469606386654582618121529236086034096776522
0.22694537263967552799201154658806513042456833702158132088830013860344886889631072877364469606386654582618121529236086034096776522
-0.25164331953665578421844513382711786801605760491743943548604586628341231276888614070711932198744891365096181024341521506206074516
0.25164331953665578421844513382711786801605760491743943548604586628341231276888614070711932198744891365096181024341521506206074516
-0.27617843891087212706034282629589770102340216905753622693974878321859539411996987580330478384835164679987046118260015137306201294
0.27617843891087212706034282629589770102340216905753622693974878321859539411996987580330478384835164679987046118260015137306201294
-0.30053485514634137302226331083189036570162791670275248330922644477701128442745768218708942817281826566446118629521552012034135849
0.30053485514634137302226331083189036570162791670275248330922644477701128442745768218708942817281826566446118629521552012034135849
-0.32469680825816612019204447956035915924880105901061712095996629088002197788049239211515126592431449686833236742697162183909180134
0.32469680825816612019204447956035915924880105901061712095996629088002197788049239211515126592431449686833236742697162183909180134
-0.34864866409014076163027462918380370430831435191822970226061409850045667354937100685663218521581093680741984811489709387845543833
0.34864866409014076163027462918380370430831435191822970226061409850045667354937100685663218521581093680741984811489709387845543833
-0.37237492443093925196222066417554344050362952777438835473288715969081529451781873151133805699806177362490038431332282257510662122
0.37237492443093925196222066417554344050362952777438835473288715969081529451781873151133805699806177362490038431332282257510662122
-0.39586023704233889119040189808248362925820172506426964092433343203345590751872517830728690304444526944210035315966632320796756316
0.39586023704233889119040189808248362925820172506426964092433343203345590751872517830728690304444526944210035315966632320796756316
-0.41908940559299130980439786972099783185666529290436437585552838364311203337692754810535279699105731870816749014200424129815990723
0.41908940559299130980439786972099783185666529290436437585552838364311203337692754810535279699105731870816749014200424129815990723
-0.44204739949131295851111324267238473786003982089681619693367549162607153146475121890382274331362171007965554773505551572378860104
0.44204739949131295851111324267238473786003982089681619693367549162607153146475121890382274331362171007965554773505551572378860104
-0.4647193636111326849383563819485068084130435963707430672283814077542559647736881060511667406717848294556894153849108395315439793
0.4647193636111326849383563819485068084130435963707430672283814077542559647736881060511667406717848294556894153849108395315439793
-0.48709062790380337642188270737172772266466619572314472445908410298296670465340141667459142890208255330150263491481619253898023667
0.48709062790380337642188270737172772266466619572314472445908410298296670465340141667459142890208255330150263491481619253898023667
-0.50914671689055811780610668227234711678274432723823410916970879762766754635586440583538905598514047740939538153585946300661918071
0.50914671689055811780610668227234711678274432723823410916970879762766754635586440583538905598514047740939538153585946300661918071
-0.53087335902896880884400041304624056936406008478053539667702152462997658772368251050322768861387600249912617222165006458097588113
0.53087335902896880884400041304624056936406008478053539667702152462997658772368251050322768861387600249912617222165006458097588113
-0.55225649594744665753740925152976637382046103572251112656937510071659972093813172959060848098849365992117155861227633087017206871
0.55225649594744665753740925152976637382046103572251112656937510071659972093813172959060848098849365992117155861227633087017206871
-0.5732822915418093614389944353313554251951207348958578722048971511591358869455915554454761741911294289643216609181501986172134664
0.5732822915418093614389944353313554251951207348958578722048971511591358869455915554454761741911294289643216609181501986172134664
-0.59393714092802905400460040861540212302477677924815091084568895936202150847479033270713211873757237791852375959984694317969399563
0.59393714092802905400460040861540212302477677924815091084568895936202150847479033270713211873757237791852375959984694317969399563
-0.61420767924536817074372240802359802175032998219397808174917598880540904436702337137866992256516244023916910162541492722588202913
0.61420767924536817074372240802359802175032998219397808174917598880540904436702337137866992256516244023916910162541492722588202913
-0.63408079030420722123899773006631478170098946581014847295356441248992562392870950680865993642387921997666509467522748289955067661
0.63408079030420722123899773006631478170098946581014847295356441248992562392870950680865993642387921997666509467522748289955067661
-0.65354361507296897720491285941376492992957534808869293488063644587810221996047985353522118427103324467667595840264170535563104414
0.65354361507296897720491285941376492992957534808869293488063644587810221996047985353522118427103324467667595840264170535563104414
-0.67258355999864774100857320104249227353464011088593923373032320025758560300989588744868133450630895415394289037274973827584584877
0.67258355999864774100857320104249227353464011088593923373032320025758560300989588744868133450630895415394289037274973827584584877
-0.69118830515556007943658709152327050797719935175988284445757320307099854356362440243917316204659780774484989213175709983421919441
0.69118830515556007943658709152327050797719935175988284445757320307099854356362440243917316204659780774484989213175709983421919441
-0.70934581221704462893308051436449692519655992869642917724552084827277344886661678032713812229756595322153022063483781015954888133
0.70934581221704462893308051436449692519655992869642917724552084827277344886661678032713812229756595322153022063483781015954888133
-0.72704433224495323566994917106214413160318115952371824443088994724401632050742172995023748977697064969521316414311889827844302987
0.72704433224495323566994917106214413160318115952371824443088994724401632050742172995023748977697064969521316414311889827844302987
-0.74427241329189372181885698408705740236992888167784345709435810280816765242740970187677230223705905719540321761970438782166589351
0.74427241329189372181885698408705740236992888167784345709435810280816765242740970187677230223705905719540321761970438782166589351
-0.76101890781130590537946534429225685826498335012189552750175062405272052501367317820070552148613058536680630705219600457986072827
0.76101890781130590537946534429225685826498335012189552750175062405272052501367317820070552148613058536680630705219600457986072827
-0.77727297987057708597812467158411590316332052466366796321047636254590683562551553256773975259579626817237937805856324894229853726
0.77727297987057708597812467158411590316332052466366796321047636254590683562551553256773975259579626817237937805856324894229853726
-0.79302411216253099146076842154834139978518509344604595154029205786465502931478029917613958969480118963260111696104029233931611054
0.79302411216253099146076842154834139978518509344604595154029205786465502931478029917613958969480118963260111696104029233931611054
-0.80826211281075512030027883020879299347690492470080590461330445131463891901824906797506948326053972216035393596007396058063058433
0.80826211281075512030027883020879299347690492470080590461330445131463891901824906797506948326053972216035393596007396058063058433
-0.82297712196436549336682133322273270331426478324373843607423573989742104036727564856669867643021263528600995352928481607751715841
0.82297712196436549336682133322273270331426478324373843607423573989742104036727564856669867643021263528600995352928481607751715841
-0.83715961817794505901148652689447021661625228663654591513108561482708125391209901376109181028012953931901175926636739700680798985
0.83715961817794505901148652689447021661625228663654591513108561482708125391209901376109181028012953931901175926636739700680798985
-0.85080042457253244553433341267736367088754557612406096593500072399533979615924913084571514929791227248714202818184268525657154437
0.85080042457253244553433341267736367088754557612406096593500072399533979615924913084571514929791227248714202818184268525657154437
-0.86389071477368158301757648761853267622891262166561659543562030800642757164767920312723408537106331523863222744847218716424962478
0.86389071477368158301757648761853267622891262166561659543562030800642757164767920312723408537106331523863222744847218716424962478
-0.87642201862276023235287704812792037718045333989888613433941810298120400870515618457985663308393808133922416527423472286537479679
0.87642201862276023235287704812792037718045333989888613433941810298120400870515618457985663308393808133922416527423472286537479679
-0.88838622765780723426952956893785232995932129498807740115255191736559305054377687688615865911903368221201466945559593826129114955
0.88838622765780723426952956893785232995932129498807740115255191736559305054377687688615865911903368221201466945559593826129114955
-0.89977560036042535424037272585880224015790362134075481366771986835378217498566863908941983720477389213526731649604732275585590251
0.89977560036042535424037272585880224015790362134075481366771986835378217498566863908941983720477389213526731649604732275585590251
-0.9105827671653508018975305265662472153120534673446871525306017061504844379838041033994765652337747043097293265989302271302219116
0.9105827671653508018975305265662472153120534673446871525306017061504844379838041033994765652337747043097293265989302271302219116
-0.92080073522951521712218968222971707437546772725817294155943028674806533298613761980064714062584294129280423557047145418546740817
0.92080073522951521712218968222971707437546772725817294155943028674806533298613761980064714062584294129280423557047145418546740817
-0.93042289295760740470020548482766890857832011949763734036194113918474630267255753774302035281014221356503921458099486835908001533
0.93042289295760740470020548482766890857832011949763734036194113918474630267255753774302035281014221356503921458099486835908001533
-0.93944301428136233664013718876128412778261772493956316160482288808727559869342302788434395626210902332219840751300200954169082822
0.93944301428136233664013718876128412778261772493956316160482288808727559869342302788434395626210902332219840751300200954169082822
-0.9478552626900775877151725373047851794317048383449848898481066508867656037335415490132037246140993574190422841593206086148385225
0.9478552626900775877151725373047851794317048383449848898481066508867656037335415490132037246140993574190422841593206086148385225
-0.95565419501023110323644703683821485306848809241451228517046311216885050883301637271673347335544279410964183819911948607513788895
0.95565419501023110323644703683821485306848809241451228517046311216885050883301637271673347335544279410964183819911948607513788895
-0.96283476493265393488864276211395306094355809200245784581471015290174496998743967091774375696339589588391582546572520364565873579
0.96283476493265393488864276211395306094355809200245784581471015290174496998743967091774375696339589588391582546572520364565873579
-0.96939232628673602665314088145868076786328081727753523479142796873584540148640949528754547268162390433230294234559044677046699753
0.96939232628673602665314088145868076786328081727753523479142796873584540148640949528754547268162390433230294234559044677046699753
-0.97532263606319084343559428918351579573128589977925433428964253008642788827969910708426458470952122553673666535996584824162499112
0.97532263606319084343559428918351579573128589977925433428964253008642788827969910708426458470952122553673666535996584824162499112
-0.98062185719148656916515637050858116103431550285472391702962803410658782059356081938811781197725584019403994733062593801983980339
0.98062185719148656916515637050858116103431550285472391702962803410658782059356081938811781197725584019403994733062593801983980339
-0.98528656108948341634317346378336020476056292659806773328390141872471773747590478348055134100416122513640513224246415475068572306
0.98528656108948341634317346378336020476056292659806773328390141872471773747590478348055134100416122513640513224246415475068572306
-0.98931373003485293947982130612447796122266631466023831309970727388689430441504249427755642076890877537883078227603125691921554427
0.98931373003485293947982130612447796122266631466023831309970727388689430441504249427755642076890877537883078227603125691921554427
-0.99270075951082034451503237371252135407888430173607596773373160099362467415357863071030583449457932256029534389716124373154529652
0.99270075951082034451503237371252135407888430173607596773373160099362467415357863071030583449457932256029534389716124373154529652
-0.99544546107320127538720888157257992630637796546384918728186013800228281022459522368481226565029279791479625291180856583099702182
0.99544546107320127538720888157257992630637796546384918728186013800228281022459522368481226565029279791479625291180856583099702182
-0.99754606821233347008046666962462283965901831463847797234805945509047813380652817571533466091801592182310756148855927827450409573
0.99754606821233347008046666962462283965901831463847797234805945509047813380652817571533466091801592182310756148855927827450409573
-0.99900126134760811552776992256773863852779630474796860686001367446059040048917083200169602618406825964716607717558703154224001229
0.99900126134760811552776992256773863852779630474796860686001367446059040048917083200169602618406825964716607717558703154224001229
-0.99981042234307911449592980642533082284089411238296666565764822649011827956301401694394892328716979065478193725750039359214882462
0.99981042234307911449592980642533082284089411238296666565764822649011827956301401694394892328716979065478193725750039359214882462