-0.045509821953102542749075670851930163831084150187205402024425094868360485394939637914324729332915860072226096628860655990505112946
0.045509821953102542749075670851930163831084150187205402024425094868360485394939637914324729332915860072226096628860655990505112946
-0.13615235725918297589442882433111783149728061776453628210580740238670902210733007050718309138049074641087163070973157919232025746
0.13615235725918297589442882433111783149728061776453628210580740238670902210733007050718309138049074641087163070973157919232025746
-0.22566669161644948386864118093434724435218972104798055299535325641700514232451631180024068475202219559228076240065269953259996619
0.22566669161644948386864118093434724435218972104798055299535325641700514232451631180024068475202219559228076240065269953259996619
-0.31331108133946324745831676565097799477122986558449294057150606632249500484519000463245001727121907045149734217465619347512064157
0.31331108133946324745831676565097799477122986558449294057150606632249500484519000463245001727121907045149734217465619347512064157
-0.39835927775864594063149475293235152934246212965564821464728079079255309923208235068050758574542517903520022186558976859793378
0.39835927775864594063149475293235152934246212965564821464728079079255309923208235068050758574542517903520022186558976859793378
-0.48010654519032703419410268050739710858735494890390578413410926306850867453245205157505058722049617101498939056338595864917292538
0.48010654519032703419410268050739710858735494890390578413410926306850867453245205157505058722049617101498939056338595864917292538
-0.55787550066974664273645988621627458133744137804535389547701762836302056885817147546569939860552129405487972355233571737122483817
0.55787550066974664273645988621627458133744137804535389547701762836302056885817147546569939860552129405487972355233571737122483817
-0.63102172708052854531777575551900827781089725407344353104519544500069338558528561707906746115829991172575707455906015844578833402
0.63102172708052854531777575551900827781089725407344353104519544500069338558528561707906746115829991172575707455906015844578833402
-0.69893911321626290793300010657577718263776403145575631042344540842848841502046528316079790633549942346092283499176578710092395185
0.69893911321626290793300010657577718263776403145575631042344540842848841502046528316079790633549942346092283499176578710092395185
-0.76106487662987301418740896897873683360449936672619692168001610040361332902976448738592331856562620087006146034215062763632583708
0.76106487662987301418740896897873683360449936672619692168001610040361332902976448738592331856562620087006146034215062763632583708
-0.81688422790093366459157890658697325839314991097425390211936409194174079387715607910684080902331541198418708591743637517685717407
0.81688422790093366459157890658697325839314991097425390211936409194174079387715607910684080902331541198418708591743637517685717407
-0.86593463833456446926357209067129984469663530173678306865959420774588424627773052076787886955534143864007429073296582831422180135
0.86593463833456446926357209067129984469663530173678306865959420774588424627773052076787886955534143864007429073296582831422180135
-0.90780967771832446880089988901928746016239757280315209404146319753338522581698129323930635082989514898524312700363692474147693017
0.90780967771832446880089988901928746016239757280315209404146319753338522581698129323930635082989514898524312700363692474147693017
-0.9421623974051070916316760254605729030062056923371175582135024016976182416715178180552164006070609212268839506193760352663969582
0.9421623974051070916316760254605729030062056923371175582135024016976182416715178180552164006070609212268839506193760352663969582
-0.96870826253334428176464657305599351096780874535347333599206692316486693902161950916953005423794020480869100191475531405727116344
0.96870826253334428176464657305599351096780874535347333599206692316486693902161950916953005423794020480869100191475531405727116344
-0.98722781640630948504975043109968497294877014866013221923440890065749020360031609108961637541173651563353433321746172898397325762
0.98722781640630948504975043109968497294877014866013221923440890065749020360031609108961637541173651563353433321746172898397325762
-0.99757175379084191924337243745462923140050988268492977293994429655257212995508026521641439711500621606055120149830598839582696253
0.99757175379084191924337243745462923140050988268492977293994429655257212995508026521641439711500621606055120149830598839582696253