-0.059230093429313207093718575198403360790234735389035582154272291684387036119973420338410626885787767819855089783997760594089321131
0.059230093429313207093718575198403360790234735389035582154272291684387036119973420338410626885787767819855089783997760594089321131
-0.176858820356890183969057748418344749977383763801264261480347699784045280055416087117615088263594101316736570820274495999869455
0.176858820356890183969057748418344749977383763801264261480347699784045280055416087117615088263594101316736570820274495999869455
-0.29200483948595689514283538207783029688471938696299037821234419190370162457800790758239570469277314751865165753336750161564526556
0.29200483948595689514283538207783029688471938696299037821234419190370162457800790758239570469277314751865165753336750161564526556
-0.40305175512348630648107737709888310365993740969931618258914113354818421704737065304975795119440732173321458336260481152025941669
0.40305175512348630648107737709888310365993740969931618258914113354818421704737065304975795119440732173321458336260481152025941669
-0.50844071482450571769570306472556917537630675418575081372110046960392739492935669023402254227475081805235603383555609201982425384
0.50844071482450571769570306472556917537630675418575081372110046960392739492935669023402254227475081805235603383555609201982425384
-0.60669229301761806323197874691688705443526457226590989037864331251992812689025320046583280861001070749940512075055487095541079514
0.60669229301761806323197874691688705443526457226590989037864331251992812689025320046583280861001070749940512075055487095541079514
-0.69642726041995726486381391372942469786075331779081915170455745383836054699583802879591384488732655601111836648259044159043010969
0.69642726041995726486381391372942469786075331779081915170455745383836054699583802879591384488732655601111836648259044159043010969
-0.77638594882067885619296724724228386697621825625519487216316842162703292864082664596942112765598803219473312368301467770751213783
0.77638594882067885619296724724228386697621825625519487216316842162703292864082664596942112765598803219473312368301467770751213783
-0.84544594278849801879750706146783816157207510209132956943017647291161691467123629495014756217938905730050879880943994482458424376
0.84544594278849801879750706146783816157207510209132956943017647291161691467123629495014756217938905730050879880943994482458424376
-0.90263786198430707421766559923121025134112400537290537255516565477946579910254598685766083025013746331618625565486845501217688779
0.90263786198430707421766559923121025134112400537290537255516565477946579910254598685766083025013746331618625565486845501217688779
-0.94715906666171425013591528351803675452071033768431527001826777960985764445246080777070619775140907608045470540756485365512053183
0.94715906666171425013591528351803675452071033768431527001826777960985764445246080777070619775140907608045470540756485365512053183
-0.97838544595647099110058035431192630544691656374731850248541486131650515074501247133893442124111959748729965642212055391525016814
0.97838544595647099110058035431192630544691656374731850248541486131650515074501247133893442124111959748729965642212055391525016814
-0.99588570114561692900321695932290602595685785511955966739652780940556629663327780645190658805683736194974338603895805362641009263
0.99588570114561692900321695932290602595685785511955966739652780940556629663327780645190658805683736194974338603895805362641009263