-0.02361813338592457053622332160196173219495815033020171185103322407500961458505402299320643712291875585669369219000862928122421218
0.02361813338592457053622332160196173219495815033020171185103322407500961458505402299320643712291875585669369219000862928122421218
-0.070801698868141591289363675136368799824914487247612601542032311158781483790720607161957009411037144009525267429742656046495433873
0.070801698868141591289363675136368799824914487247612601542032311158781483790720607161957009411037144009525267429742656046495433873
-0.11782727807867599711471430263306544725645428268841179077228780786521351568643330235580184355677513746032285457429781608743132493
0.11782727807867599711471430263306544725645428268841179077228780786521351568643330235580184355677513746032285457429781608743132493
-0.16458993856471460725365051875874424983337237221530433405517294134472397262604797688362959895940409295934899163426989134121116554
0.16458993856471460725365051875874424983337237221530433405517294134472397262604797688362959895940409295934899163426989134121116554
-0.21098533454807899347454114894668469970346321927665381793454299361515822730497533766807282252593498584089446116121166058305754414
0.21098533454807899347454114894668469970346321927665381793454299361515822730497533766807282252593498584089446116121166058305754414
-0.25690993976153022299419957911864779835749590689184215566971435583845211903099712530552181459213349627825718349230266762048544564
0.25690993976153022299419957911864779835749590689184215566971435583845211903099712530552181459213349627825718349230266762048544564
-0.30226127845643610001612891513729297394224616319193505291294004709238778659056769495612638125770923557884164069589035249629541912
0.30226127845643610001612891513729297394224616319193505291294004709238778659056769495612638125770923557884164069589035249629541912
-0.34693815406633754889975473432680921156065765228008059161638270636632381521084153989212718910803325109880814519434306547937172792
0.34693815406633754889975473432680921156065765228008059161638270636632381521084153989212718910803325109880814519434306547937172792
-0.39084087501618294975512214497483997249627527213051769618552417674481451766803889481656629461379880216890580327322369512795423199
0.39084087501618294975512214497483997249627527213051769618552417674481451766803889481656629461379880216890580327322369512795423199
-0.43387147717337066835769563615934736602231493708343758129361987836554962990616214125999787801940509000890245277211992207572392969
0.43387147717337066835769563615934736602231493708343758129361987836554962990616214125999787801940509000890245277211992207572392969
-0.47593394244423684296193001446321841503528799515822795153863630472559351633527742243873675252719631132209391500009266957312700431
0.47593394244423684296193001446321841503528799515822795153863630472559351633527742243873675252719631132209391500009266957312700431
-0.51693441302823151357257540217214627087489310491699953871377145840079330286208865632255696446507361324728099312528744577720695008
0.51693441302823151357257540217214627087489310491699953871377145840079330286208865632255696446507361324728099312528744577720695008
-0.5567814008517230642349478144146972673060505652700268805863655977461937342757776066479138351596058606952615485937069692536866307
0.5567814008517230642349478144146972673060505652700268805863655977461937342757776066479138351596058606952615485937069692536866307
-0.5953859917141384583279343619739175116297776834157221273917459880227544991585952709398190173527064377179983982388778375742707604
0.5953859917141384583279343619739175116297776834157221273917459880227544991585952709398190173527064377179983982388778375742707604
-0.63266204369096316940389462979096321193000139872385742739493468868910294177199373784117161018402169600833947715205068517442801782
0.63266204369096316940389462979096321193000139872385742739493468868910294177199373784117161018402169600833947715205068517442801782
-0.66852637935096759260428715951583912775155686607853181843325433940618280305691612877658018170397040606938833713757993714934981411
0.66852637935096759260428715951583912775155686607853181843325433940618280305691612877658018170397040606938833713757993714934981411
-0.70289897135887418583625924918633277383332485975964790763213365654330496826592728097978605975508935577880290213317340876491930125
0.70289897135887418583625924918633277383332485975964790763213365654330496826592728097978605975508935577880290213317340876491930125
-0.73570312104951279957923699885360808918135803969246595427821267818885298982959372251261291535298676548548812819586541235507375283
0.73570312104951279957923699885360808918135803969246595427821267818885298982959372251261291535298676548548812819586541235507375283
-0.76686562957531962586954296157216400190706266740890685276526657498855354654270344181286848220515225978222686144907667746537535413
0.76686562957531962586954296157216400190706266740890685276526657498855354654270344181286848220515225978222686144907667746537535413
-0.79631696124582457053272975298394271370590468977495496617379760293651405507017111383280024743770783785242391615132108151189487888
0.79631696124582457053272975298394271370590468977495496617379760293651405507017111383280024743770783785242391615132108151189487888
-0.82399139869558761134708196045628020761621768740323590108132033450944970669596425698352826323400180739899672970047803976305154033
0.82399139869558761134708196045628020761621768740323590108132033450944970669596425698352826323400180739899672970047803976305154033
-0.84982718953601621946209828276627299275346425333473676528995589179993157689555154631606344055472095201205125570404437225239421965
0.84982718953601621946209828276627299275346425333473676528995589179993157689555154631606344055472095201205125570404437225239421965
-0.87376668416694473040100522523884761407081781507247870144492816294487930394201083750970340207978690555387124666951122179360538845
0.87376668416694473040100522523884761407081781507247870144492816294487930394201083750970340207978690555387124666951122179360538845
-0.89575646444656393846083634211596791867452056395376703988746972953415487356432104670549794134448279683267768318293229538814282737
0.89575646444656393846083634211596791867452056395376703988746972953415487356432104670549794134448279683267768318293229538814282737
-0.9157474629452070159504292321856501326757364627289375404879556614000044560142454407003493809691229590260366378366315598488348606
0.9157474629452070159504292321856501326757364627289375404879556614000044560142454407003493809691229590260366378366315598488348606
-0.93369507254479249437263165466454424910157554034245580788217997078852444822197225162328465243042214748917405123585478408066357402
0.93369507254479249437263165466454424910157554034245580788217997078852444822197225162328465243042214748917405123585478408066357402
-0.94955924620623533909246677775308407256362666940472179545356089078628835459518368922515254222356307135274083016495238610589624823
0.94955924620623533909246677775308407256362666940472179545356089078628835459518368922515254222356307135274083016495238610589624823
-0.96330458685925737096486116412158760232214315854815498299662468144920870342541386053496059045414193319595967927736515294171372457
0.96330458685925737096486116412158760232214315854815498299662468144920870342541386053496059045414193319595967927736515294171372457
-0.97490042774628595185589815979557851009048418691021420500417543547594066788440146194193255885340948673971193882582842863119159834
0.97490042774628595185589815979557851009048418691021420500417543547594066788440146194193255885340948673971193882582842863119159834
-0.9843209049351401328905531133497304519546416063288518906564737301775825410157561300858538337531056910661470821935273308727217827
0.9843209049351401328905531133497304519546416063288518906564737301775825410157561300858538337531056910661470821935273308727217827
-0.99154503038337574553176268749150246523796404502789078557099160426577782153824295377955285560035396253395452979531642340886492402
0.99154503038337574553176268749150246523796404502789078557099160426577782153824295377955285560035396253395452979531642340886492402
-0.9965568210895526911221682936271655231474226098609549380060548798137929311369882702456911014115292512280512677667739686469302608
0.9965568210895526911221682936271655231474226098609549380060548798137929311369882702456911014115292512280512677667739686469302608
-0.99934620987217788207281698448975340384897981776124552233914911839428316554594547301925389245069151300324304087829474519858471716
0.99934620987217788207281698448975340384897981776124552233914911839428316554594547301925389245069151300324304087829474519858471716