0
-0.054607151001646824219830559737332445410442334359720780771809984628667403823045543926097859064876884192117069137722579127686203356
0.054607151001646824219830559737332445410442334359720780771809984628667403823045543926097859064876884192117069137722579127686203356
-0.10905133280878780097852652131097904945504513750167102688908488517270808532751692394267676602677679730276381721735136553820637034
0.10905133280878780097852652131097904945504513750167102688908488517270808532751692394267676602677679730276381721735136553820637034
-0.16317006259126425104328037832151206218590998930310571377923693379584589553802836166554372064706163695902650456418184432374340208
0.16317006259126425104328037832151206218590998930310571377923693379584589553802836166554372064706163695902650456418184432374340208
-0.21680182879612403641361397597955927425658329550447243835011318059739956304349850738951194483188789431057477359767545054813382292
0.21680182879612403641361397597955927425658329550447243835011318059739956304349850738951194483188789431057477359767545054813382292
-0.26978657316183876576334560979964334429905799435147475947102787460152630399695914582232517053472592951443027270210747819661546684
0.26978657316183876576334560979964334429905799435147475947102787460152630399695914582232517053472592951443027270210747819661546684
-0.32196616839537864059020791580539723937273946766280631593531453363650807262063549498351374332801051966756667274461286241656480776
0.32196616839537864059020791580539723937273946766280631593531453363650807262063549498351374332801051966756667274461286241656480776
-0.37318489008659445855213439614488901055646014609263353376625040015836867774282673288389238425669685653680938858576075544485227941
0.37318489008659445855213439614488901055646014609263353376625040015836867774282673288389238425669685653680938858576075544485227941
-0.42328988145156395096002435347152437901405095213458828985146966650271359446911330060495455330247937666823318964836782641705600473
0.42328988145156395096002435347152437901405095213458828985146966650271359446911330060495455330247937666823318964836782641705600473
-0.47213160951797570958806008204923474982223792569932668549061903620346910317494802756460225634649569805109118399698025138786359602
0.47213160951797570958806008204923474982223792569932668549061903620346910317494802756460225634649569805109118399698025138786359602
-0.51956431139118760631515381980621435108063110826951180647850185382151573586854470535343507986725825715059038823653565183862074203
0.51956431139118760631515381980621435108063110826951180647850185382151573586854470535343507986725825715059038823653565183862074203
-0.56544642926923675901898555280524042937002207422157972944323832995387957497780554722504196330684198040113798588170979007886562521
0.56544642926923675901898555280524042937002207422157972944323832995387957497780554722504196330684198040113798588170979007886562521
-0.60964103290871536542384890192474062432400057292396461352572253954300682157266387001829944066858151309256237793324809349209700773
0.60964103290871536542384890192474062432400057292396461352572253954300682157266387001829944066858151309256237793324809349209700773
-0.65201622828097689124936184079570828367066055697215481037719761090427933687699845985752567273467405135096856470151117860568566182
0.65201622828097689124936184079570828367066055697215481037719761090427933687699845985752567273467405135096856470151117860568566182
-0.69244555119951773904048368844401044565667663461414289000398318361175230201000030716307122425135763736453082193479438148700863027
0.69244555119951773904048368844401044565667663461414289000398318361175230201000030716307122425135763736453082193479438148700863027
-0.73080834474452332282734467073677831626312211950961220324761585831727487616735128392212147999975815614563302371134412872726529254
0.73080834474452332282734467073677831626312211950961220324761585831727487616735128392212147999975815614563302371134412872726529254
-0.76699011935945019549171614401813235523664841582239824251664784090273807965473640948453501034844307616237320685733676545535124199
0.76699011935945019549171614401813235523664841582239824251664784090273807965473640948453501034844307616237320685733676545535124199
-0.80088289454721824207600871879494856770180362015542160244357413526631893605370123457075229788741000284994248654224699517948709918
0.80088289454721824207600871879494856770180362015542160244357413526631893605370123457075229788741000284994248654224699517948709918
-0.83238552115043912082901089586520321825226565009663945477343547944357899712554669968282472435439782229694804180635334322169107352
0.83238552115043912082901089586520321825226565009663945477343547944357899712554669968282472435439782229694804180635334322169107352
-0.86140398326204694472224188180521475422193300561323961829160148517285787682623274947049834119449476553436059065069461080874836517
0.86140398326204694472224188180521475422193300561323961829160148517285787682623274947049834119449476553436059065069461080874836517
-0.88785167888222132951300014764186171613427578726703528227609120649091695416615577810391808685203609804249467882547822015645291012
0.88785167888222132951300014764186171613427578726703528227609120649091695416615577810391808685203609804249467882547822015645291012
-0.91164967852139121272843056161967031091824841039741330229704711198015508734445000045372078350807945414105301199149874977358416279
0.91164967852139121272843056161967031091824841039741330229704711198015508734445000045372078350807945414105301199149874977358416279
-0.93272696106710169610075415429735663806748863511663484923738465908695793272713656929284586363936660800292000801271772971452233989
0.93272696106710169610075415429735663806748863511663484923738465908695793272713656929284586363936660800292000801271772971452233989
-0.95102062644787674191190411060519032863779933966269042809816168512956237875169501038021639024614653442858617164433522913194305085
0.95102062644787674191190411060519032863779933966269042809816168512956237875169501038021639024614653442858617164433522913194305085
-0.96647608517188667911485858394233318896849009450238562033620253627617609874173472416463582138749148482033262270081532245385147697
0.96647608517188667911485858394233318896849009450238562033620253627617609874173472416463582138749148482033262270081532245385147697
-0.97904722670946871379882087536650775736093122376778068469678718910130077643073568182402105780141805724463944710162016600032046736
0.97904722670946871379882087536650775736093122376778068469678718910130077643073568182402105780141805724463944710162016600032046736
-0.98869657765022204884975839838385543851008408669894400588603165816685087689443515223920527971446949283548007445648261938501035273
0.98869657765022204884975839838385543851008408669894400588603165816685087689443515223920527971446949283548007445648261938501035273
-0.99539552367843031113512502736241900597506886891341396400349175650223998158095924783268552977222065423283887888196016252142723853
0.99539552367843031113512502736241900597506886891341396400349175650223998158095924783268552977222065423283887888196016252142723853
-0.99912556562526285057200984955424988499912758600701357536605252428746352968898413408579154507476825484815657446217265876914221677
0.99912556562526285057200984955424988499912758600701357536605252428746352968898413408579154507476825484815657446217265876914221677