0.009357936987654030782622577221925885269725792098164239801468267425086473187147348667594147251835002712882795137474835614712718418
0.049307475021287153019348825636310237262502357281019840970837625375462819050750828125688981243944517049239263736106852282179749619
0.12118409595521058922308827574526641361795312206138622294990119931037707179600262742949137152009776475251954518116526776601733922
0.22501119531874592527910830794029202001972587309325917057790394468624308171131905388486273179944704439420411296947547312223521091
0.36080146999619176628357955223575738590039676426906753312378823906334412068577033326356567434042637577732277520424321124023259159
0.52856944363660877527786643757816403583338178109896920772925755394618326533522731083434214981060922277576431319679239761943417533
0.72833265164674210475063781242787341750119146219967220781516411204969607180394412004664950695344825875873591288523011590850555301
0.96011187045257857983075694101012821562111070786073532954535743333878837757429517743865398131006521856222250811558088542588965077
1.2239311876283594932258396099050996713414340845158725653968552107465089950915493471907134068999323220907537288478742081549538295
1.5198180350570580474833317995602869414588192266306976351258459951994948994030113538762521580265048324944392947071551438375203476
1.8478032122015565761026363033284746413113068640283510942237064276006961348110417769000550258311545076130496875587638906029717489
2.2079209071084615551818488205181321102737895648295448542312762548154922292992131079257259379588278358845565869842720367128243727
2.6002087176955536411082408933377853915885193119544316552349864008782635458620607430593781290221695793148681503547062990657681423
3.0247076743038852455395983661108755290324005668668097787621696416005486686826742035431108576699693317886726687927803541893341287
3.4814622639425778854719909447846060325850613938724897050775677134932027515661561281351709993856293057726246492644077234763294147
3.9705204564395283380795026687639471182565012864022029071202042857292850471205327276329855732620922692667959179036250311357366356
4.4919337326214950137371018377408575023493737640676345460641072729942180421090446067850562777242998868613545066509383096999465154
5.0457571146078287042097401108856983112595148606723938898025702827379134592101135684011193291306993081581142348731179219710308242
5.6320491982848822699882828749182811488438163764969353059540163658939152890271533212789314308074854790104902176015236531069414751
6.2508721880211041376401267685899896748553345801530730441640735154924147596821353514624823220068770757146436840823718117884857403
6.9022919336808171170409121503045132909375616272647316194383429843639422855612001643411990916457375658104211188404756546157421746
7.5863779699953099027597741711227634661455988066967389658196623993610637415078723486192250290122554507220935695147855636099774462
8.303203558351961976231547727382622171820273071693437682820432382444753200341681564145148317416530911586457985277945700171271544
9.0528457310650994928209859402018277611268174938059739522166325293688889461099348643952176888090456465025703745334706837290347678
9.8353853381958385422900098031264981398900867293837221537395325143329304288233234719229008532489436896930645689824539319506418357
10.650907096992155033046112294723072413097200919825863654607180699155723137299038247495244213979758161033052937436559077527118002
11.49949964402474540183924544529629946254993505866768736771387623883684092546309939350759272056935160334510291139509511462910744
12.381255590098869016052068986197584456030516992671800886248039126900612293707642783592442739938570566625737270982454835895174991
13.296271578027274807945035771594142400225219019237931807382048456735218345659851113450972552702211882863976714131365431053711653
14.244648343354508699844039851348862892152959515884604592672665618220989259450165757652709836484661716648608140296964197406864
15.226490778128380855024699337893313107342192183778494156328705279628958857878501950492926289957139073979154069792039652112671332
16.24190799782015465105808973472962375786082315505430315295994984205744769893760597120450739901162014243769636446087569946710234
17.291013411501118614597137443560999339493610327611186980714123172944730997185889832213299625732233998339941937148517509347708431
18.373924795389637710745542166291198186409770417507530466758056044448315624806980205842057468053365819683545749540130464082690752
19.490764369889573416258737779695067015827745789741279454798236346994704853122931527266707015082960168263477469341883623738617194
20.641658880248137488942414321216864689677911314881695251029012077671186553788190785176422906219476103850410350548823712060314503
21.826739680968829252350832789080295819480377730747716252490967084000674975560170862431509322721307261459248737645229628125724015
23.046142824123129953887898898212060744546110973159804376081108973286190989266514956591359162470738863023204088823919109117683712
24.300009151713122258548492520285903110100995849661116369930757555950999392697347745582149132767117712731682856621876176917082006
25.588484392246202812146673867408122539761877366553246434083253763711682280681907343177732869158559526435838017049730305680112462
26.911719261692598506523679287760782104405921105093268063666196221246526822555542024967486541340947030958151913895813634009468953
28.269869569006523146380859964285217195486535064181004582701940716142835027488789639951070168955980722484263750691577797906617276
29.663096326402564535603658543143130069647987793701470266740062678603258005567154752532727292460219439522847924060810580793636894
31.091565864590320087221632519742886116588210201838817340953333613011601677405832662124828043275970591189491873972205942226632211
32.555449953182453395465256984567801726419529939662319209418585597217902416737656206139157441892756733459738022939590937648564273
34.054925926504280599661103868974333735440428310225250842046320701190054060682151173847309158564464126782784213232377971847627254
35.590176815046774362231999940418812666377445417674236352403952673161048632565717909384520391431237365093307348790756387599545122
37.161391482819560607130780166740337532983898144591297966606601128636610415177696834108159606322710044792044901469857960204709418
38.768764770876150236428759832036342896035353518104452493538295577177169732779156061096550645939679066588172975773880889866924805
40.412497647300372516419451633841136416982268551454561863781200137220889590011344573996146118879128821683618893352347047861067704
42.092797363960843208387340537252576653589130361727884895747719126115694255382794852534820713200667979529380580685584616107971536
43.80987762035940085509518600210289062619552745243586814931161605015633334822933213910885581260716420946476242324482858336426121
45.5639587349198792543016917740249858977048530453585061593279902050697730836643278110407555894976222207706844449614500653165
47.355267824085462518108127862660354802950903099096547875714454966867084625914514927910943784620665883458659315183676088033797199
49.184038989616310759875084115368288832063898389663214649504237892277679695210117249964667682680691995907534663260728545922061576
51.050513514504280003116358810566170521611189042669811178053390932579924345183165459338371184989017176073021665754576538588400836
52.954940067948532269304908655460522218850160654706679137465938400156908864221770404815971285917398093557758150413216603433221868
54.897574919864797433887619390294289608419528166371746902808069191243273169913438717022293700947972100340113355836173188360676477
56.878682165432178806950524878841836412469490207739635474880470257297021024130859696260512316269039979136593124273699527963866962
58.898533960214877582586902244844641681755555080333931189921382750067293235679837351108587124308281051047914557134878207579764664
60.957410766432253824045544434224118817194082439886157647547518033175163165621645825275153658523311927446950824741390308513351284
63.055601610989470481008657680895892337429573887125221297136217202629756743393057441210747495373604704644598120685000688221167525
65.193404355922831771243986796341144267740823991076730323289115781696293445212869592802031535141506623627250050852006348328903413
67.371125981959103085159782197932525661799183976798009300488402925093144108347051031105796804576365149824400767804410768460927612
69.589082885936889527676086287058698714660804673398480250330167354239104003166522296534389406974634403019033564211528531761849387
71.847601192890888825894776236081869326026435196168042366485581273174942931548900879598228803367878218412664510087528472184723652
74.147017083656891167265612680230506712928094257118882645818948614520502222240787390819706979487740965631731515524868194859367133
76.487677138917182306570983557761244426373107094950116846468339455066829211880341773500801921709219019151953218392831491023653893
78.86993870067296951021302139987548222094090182577955818339940478773921359161887821756228436512638245087066060181722763874263523
81.294170252203094182237225008226759379535447968371027308221438158164597264843771301530145773789207220843107571419869117692309375
83.76075181764717696682455566734260942912539360458502825748167908954548432901690469511586239241831412238683301755726320662126148
86.270075382437079189954470065554101986100085558664837649865110247490528223219627742730684708559613270185598796306539752989214859
88.82254533589384664845483362013413526415815553408524848519988343933342899903090898514903037694369586552370791336639748441178422
91.418578937408894221805530565714975456747058150102787454559595642403002849339333083498544355744597833750866761407448456318936905
94.05860680773894709536793726220880455992734319083063073424571618894674513937042258744912649002582575805896196475343533285740172
96.743073447065130762618043831819788021750288959764013942863257587431815841631292922335008629605829522483914386331298060925994769
99.472437781598664387555610990362559800637581959259098775302014641787173305882611243612711565107142849898674246473541660529637396
102.24717374066005523033177690418007654190990962124729355185526640648427321820082535085414800276084011058473326489896106325161975
105.06777086631685520742759946122940055645556839465568250384043954668900914176561314306029586268727992528239191694080743651979977
107.93473495783842839913136712644530335805936409420925385968533908184436597374513634873665312310722236064004490505461045885872283
110.84858875341648185751155468787961930940816660254645058100531973475807324278680389149131363393105712318614383126889364127481607
113.80987265180923632904960917195626236486565666295626825836708403358301330499859528667010051370942837227700058210963381298605866
116.81914547679720717727991069335981212347841106050629749215588266720277709478209195890201720116626329767098468251469491397903007
119.87698528759205637923989018372468426282088511805226234218058169424974316432291461974400597592837275604038637361304604245420518
122.98399023861961095751868561713663985777264172248063099212175800096911060780619599216133109113553101457238706542467201342796308
126.14077949240703531244884952587492495640097170094329427758372056000706572058996130099043529339040550275253805690717712400427501
129.34799418964583012593627360851430786426402583564450815612803796022407684548580634317733387484656737305364903047970005817374446
132.60629848088083032417476423802888725526177476489510414155166632488708820542284283298850513984276568474120354612603732461266487
135.91638062469527167095691303731949545297354810042011728996040055403723767690791545975478540299124579634433314989842824414133475
139.27895415772852181491594199923768587434462231100487603769963222618647055229588963881194437091313741779226542471651441202765238
142.69475914238221166106162046555688933630934572525628690182921053656537912637793327394708542016781702508352453867706151942481066
146.16456349864911601741606966887594520122039123962415608460056994499072246307144706963085677432311057297746212921038706682293346
149.68916442714509631201001569149877830695415036927505894411937549297878544046826243895945316995808249540573985058639207973903216
153.26938993114679928774917410183799324814522449898401401574012815161002143014166147265080455166052329946030144105407361248444747
156.90610044624706127799231722508702620893473729811497931628049336478695701394084777407077837787958380446691520211269081598742924
160.60019058714818642365928613321633872135371128928032632961498702808221019804206718071515663121987461416635815085877360573530431
164.35259102213445537009253942922446513930790183307963394591908034457130774609372217548378955445455662222874202287253430311874315
168.16427048691564579055373979294428837848532902871991195074426303238862382870111059819114039945517914592031826869559452165970606
172.0362379508319470663799309982054479291370791505524472148087107935881659541070608774919516473647245730147016835092394501406275
175.96954494987953562317343160377689826611100923764209732403196470196493713769093378839477715628029195683250703426396784134183378
179.96528810268111691424454724562552122872979200575422637800869118778463996180916626556523269979265793685083454776400278767864351
184.02461182741729583419142243382258585601447493576887707438180182276973108041301957550088454999484658010497968555868993809780389
188.14871127988843853106312529937405747581869141331008038541256432583903132432784364382018716900259247200079650440841862838758127
192.33883553533490431975137741496240707462096657501676577286697462777293415341403492759468718656409094961251356071380036922249587
196.59629103945607738154325656842662003694582869192338466396322489536855450294093327379762245955463904889989948562310398679910884
200.92244535729479688614551285452995469818221666434741962462982876851097470045096078423700801918113326959387902075106618747577252
205.3187312523642010444562429799589702593594060742437090629653775575005643771819280506512738495725715933945045593564421801318427
209.78665113267309944039906486202472230690576685727211283558763396388839171788886452159199035960482306572924688586710444607512683
214.32778190525506008240081180181446993632942362406068512600671346074475167938663064219714270924821903884894613061789112265524409
218.94378028654740190483527273016411839715245516922767342454730509324825656367705172314776871356541166857826523261537485859357557
223.6363886226466233332013296761606262100022169519211566296136574682774933179308721700433213831392430316719637086894134701696267
228.40744128126533695020655755018386500165831093474509059832982781513619657737609868622698513845853986177725395873398059332346154
233.25887168635045744169137278266054799911469908510749164690874420598927156775841996752235347538868837946933078114047033148150707
238.19272007705990151775854074418492215003246290549340472509929790762876281845261384261395431940122768251982293407156774692108383
243.21114208546324249129696351997204078666434752059564329962718557312266888425697282384975370141043162623658062181249545992362722
248.31641824233551931547548773489826641704922037645278953215952815852430575511368136857579297058315471188265340428837910533603377
253.51096453825528181447481074804456020677954341786066918076794586948958143668557131661284143654403409233543272060132326758986134
258.7973441885249483125266036871186808209129220970762280125343677526733744860646158924934496981630636158298150680461681880277778
264.17828077599015018958372610426685582733953077262912922880225747048973241130176685304549697675872492559652355981316380303586132
269.6566729766371517346420335878956993717537721278492829615949002928412946358188882155755944912014181457729344643707099604534687
275.23561111015293181520514297732303846912529833686789667344432599104194288932765534916577745764264017038587552653419704633821207
280.91839580304942477157711073295802062784094334648570944799263014973749221323759049890444825823349791398028245980478440776399228
286.70855910754961112186786152135161860171474260649219661863906430476596926690804933110747906310216391883938972072792198562178309
292.60988848788610414403521675887060083758631344185756130592173734943471311380632063790315628385518801705714332648809078008874456
298.62645417046529276583626095543027175670978698222820604475073822658069319620332241916628153767706300416487356392822345042051469
304.7626404600941632079931806515069516261755192865262340587542758277949659250834855993331195147168102283453857732684342740018451
311.02318175724117606480826155673539931121282400706602201503510792694889563006874257520403819137192644854601475059176142608643613
317.413204179251682244745156941207083593686473563915951500201967628728039543498816474727421240335564380695785253017157401639715
323.93827390256128806823054788289916571190088220112260289631589604911591747075713868942558513694816175323562518625338065527257234
330.60445361825212437563995067981178524366763402164686402490887880487630863174792845266547973563543423402963708094748708089441554
337.41836885046983905233455951998344132765593671957559497946805336331549686277085649838540826114810737222189917178523744185509956
344.38728635513399214833434307202871180651110321397525804070908559744866699418342885440072429621166774795953998873267609212852627
351.51920743581941026028068508983692604409898096898639601830471791086279265175858174225344663885342591478909944877723677773021396
358.82297984306911321260765312361211508186715368970815074507379736131169441354673660430393806611936612006156345155376801119696222
366.30843304759226139271479858209455018077032500696581211413689061514819958914369123802906469444468615144244487598456892256393509
373.98654322210145211339386759095137252214386763532246896653107345259823326787344951419025745303800396272470422928145545218880065
381.86963641916234935345605477357684646237579669234065084968602955710501850600757011075899684154776881709136601329063237193127822
389.97164148147826845899784291094598743561054839953223593597785015527929857667789659206053044057887089793536402179555346789076835
398.30840861683741393625351195484933255597439664172144722301784419545974619375750000165500115141867808921017756838068921855029122
406.89811603275087721057171926524224159123149482942259173256711041071550818437659657647216461636236027531469396442435299983384164
415.7617967373589019493565841843881174618528375309522633266376742469607944260023538869630369198268358791313076830585175374442515
424.92403256867096086133164741299759864385050356342562636591931677438177646203245647505490636937792939245280020698871282243696871
434.41388619228672320138290784037179426044259060016039643393088687081015284729550060858586349431500155105787727932627492854393602
444.26618049907728003801802950471794579788518659880513028535585348717235002935360679351711176731013103952605029681326436827380816
454.52330040070411003688152408947870922984322956576855552397853453663947664327749728233219299943232447648878482568456445380889691
465.2378079401819236491090103010281704562281632388215498561164972825654497705836174593031388679897234158536533939057196991210867
476.47637709750813676114649360425290913299449890821730279800440397381744796258388718989142100724761547557660297434471467101804337
488.32597998106762131809170125860200148233265334733064120977741864003946433857024395645238927170627805141772386070930162274116931
500.90415991348743389943681051866922434852079295983332630765162052618395377812358498136779305938982562098148164282147737607426683
514.37733480180035947226902493095561808289033161430822989555302718112080016535602760998508707110973504930271664877487279127511449
528.99662600374974230846876385786833977520335136898123063022062526107624463825182649377055037128352858342412547764714170580851305
545.17800176562588276206870539849751659019722051430542403333692451873035366646207713656324327107777622923527113137479228768630648
563.72285214880540909780472152446570122354204200301131609741714063303335695288120989607392627470097262316819543023035937035879143
586.71130034398660639562794131868628960330448283469643199423347071827926086377005772641787180617397911176144306904240118482680311