0.0062453503975301137688440164056188647750142263990649464230348270422116370978708876462889336444204741211298237397337373811643008044
0.032906695035739982763888414395246593219059737826792233898609135606623079690730923827416082964898125826456503738424216314991127438
0.080873789162456174149008763839412573632200650268214597443217307297663004622500127800048409570483959183330296819512427089337531179
0.15015949497196255483823963689833049981336153969445093764538281408049332076691378261452267343488359444761780859360860820790062313
0.24076830853062329795350397125166787034445401720948362399534190042928288273976394910163625730677162793998855236074202017221043961
0.35270471581447899802800766493560933347030050360516409767914568539204987372861523026822772817478721835323032568554563731680318606
0.48597397927091677173201593794894625930517187329179712995922926442675530432734281900454058123079022479619037967030984776371529823
0.64058228551377340579598390304930083154911284069124700362703225168330156006498262177063187158959670730265633713831438069311783145
0.81653678578449758992623687580467667795584862267650313065356048531127257521996392104660946600925541980971513992320614706338315073
1.0138456107002907957922010279755537898035965323285693434614142381325202995990269873914285895050511548209144596819805621879579807
1.232517877349973538814289693991890481664889347735695215612125968933128310152399742428915380030518561402556212110770190861606128
1.4725636938110448240421121837280745703596493315872444081606842337105311307920441952543789389113859698453868985702978880008647662
1.73399416277538148184196048551925646688341333140642438711098037554334068545811908408309047956035799885001505123064488193647736
2.0168213849214615752149845739394012913008486739088766801086381157918999638930125145136218707768924049597450948702803742074914636
2.3210584623001387321358424650756733473989683263383145647959902289163797972227781722428154060856675568896123842575198532977073295
2.6467195018557416416186592994908927394212094539148463747483471137372845253408054843293201063462984367295523716726886211615591045
2.9938196191424581314136525266029972942049421522641224805967692653678871616572630486005739490368864145896726614067397136818988953
3.3623749422678098803331264982620843252015387861352228767211389592892306888830186874170251987445056157573738444941607714806248469
3.7524026160814702396894288086300083881660183332203968284573877978509041779238828881930667661908155606113942249863548317826567684
4.1639208066208572892900828970207862279079220529732563825677470987475908629341644685786634211110796399693335385959010253474834076
4.5969487058213878217662131214795348825969899270015744242457109963963760707383667539277072036281734955211392660375693182762140744
5.05150653649739874100585129925107251872749613407237099112040639544697157558690907758255658375382779487158743192466581804169744
5.5276155575987477859013440812974176964753499767105359008539023170775711148944241338123390042925076727936304929212498752705162017
6.0252980697475981082531838102845298366343549769702957348396475892551527156991415698878801894631803120852105884519462487719821453
6.5445774210596616121662650031338300898854972548229384494299574589380650351577151179998488506549708003237927648391121242760416768
7.0854780132541100672056277484331545225847392529250551785491667195909783626884140301339260158263761960963380835345361343743615769
7.6480253080563969154145736193554186824569421147200094688005955300945257317365803822609039482009207812893968173702641142996496646
8.2322458338983296372473292617718579673465613020192415441574019374016237439111808019882695366256402855635599371596446411126030454
8.8381671929198708991294452208867212681959630987931101130391528289039966027643451060168955094950243595082475178920814573524936067
9.465818068277313514731180875081295645818945873420167065229199003931640477606087586068948606066790733432862969113084034838995423
10.115228231762661628730878660009599243423291443808767267484004601485094785396239641726825677444323837363770564680647443814112159
10.786428551739253633027449484577626524191464200155832432771203360995387973474452721638297621993763385545012557063879723051498546
11.479451001398878169000424454887034057557359148459228876651631011950204521433630104829041234224915391974655850059075163235468611
12.194328667345861334944408925337416674211644387137036485401369756004785705142526000001482351064148562643999045724136758024832583
12.931095758513839824026304504775703648095232109671750580487796176668140794438374439403236220991355019098766437602255054049712598
13.689787615421180563990972829216735536926304455418493000984778170022269077996026745517642946401458018231944907622450423517768332
14.47044071977126223277340823597516559755166302213291358292905853908467075802310595651883012164329521996688981732124066579487519
15.273092704404097717656184947563027045044335137657495253474545175692978970115267947839365798010861533736342408692526324663598116
16.097782363606049253646332677529266778043626742647760624043895656446363027055974219793457481642839622735450259893371452377254737
16.94454966378466981138863831470615128414299431931407822776556466264167546654572740870557932770545176251785475920972274429237888
17.813435754515995578563344627419424278861748119854260952926930907737000047676836593248781430762918329476539941658567203902680296
18.704482979971915425870347299331682964995396882984530813832446954586170736913033615810475768165412581541519075033796775766385889
19.617734890735554454158920287285688845594434291586412941338700886022982058087753495995415953209267758030336460092573356558480595
20.553236256012930510304482445598321959664085806832124071220205507749556036700989691363167929841599343950563285264238615547791515
21.511033076249475400920181875761163054608104673716557004600308030505358530760153132119847295893768564741477562032353289288123505
22.491172596160356924356057471780439031151321672037274006222790409369261440129230139329643752919943318723966540469597873709357549
23.493703318183894315040030785738047728833717097759623769912302244066498652352509097083450022274697258631310273903897088504303335
24.518675016367728814635939759406601411355855048251868490532589596490443635731958055018279350828232000849877074994347990544775646
25.566138750697793448540246877956330361510657757429771559326961535162154561012472457646143927588111541711738671756234724549273013
26.636146881880522323457833547375612454777754525763609074557667392707682654651129626545074338315614695976411941972576853372955354
27.72875308658915053539547051509202416343140689965501459698893297106942026438712085314484447792901483079470545252121854944425018
28.8440123731853817854970431406297094902031296529836631870372493906620293370049376861796392394752478153067788931856084888625119
29.981981097928142778235012907174230275259361324001472115493715528217819830042297269654762586596096227953214570356756324305812886
31.142716981681602195237150682537513242437948808434964354756148287657969940928905835113060650316786979387105713786617246383896198
32.326279127135108311240232193804637147382247071736203051224162226690407783575979387368357653888615306684252264154464666798184991
33.53272803654819400135329464450747798727751148185410571221482868728157394300662655755340837378625657268260319882847868801866634
34.762125630034311880612530595370778877778614978159759174108946370034384504901658113219255127438661434319726181995417070310736541
36.014535264397496564483945843498590198360977529600396729105957859358700413203631643798901420583007113828101254017086758152310358
37.290021752536706539150296603276298287045904495157307024931529870770916537632039265495205887897070617201584752665887184504801769
38.588651383433175932533736611897652031822266110678131971416204214988344608923634373129195049180287800344989760971043526358560934
39.910491942736707686419504055453504965030608216009399562703358596763998313361302834909293033112347052758841011816778878589681014
41.25561273396746541141937500701700492415382201887295180689436839969337147507094375987110807605689268684086177409255527313929017
42.624084600350472787395522940269017144884351786805036312420844499552884119995973049973241927634318990059236399095394667975642558
44.015979947300708046633024504687331185483751202530020278799103617015398442968927208605794199025740634763005863585444416128722853
45.431372765577388210611013122966821026336012656240243963922817080639412062628406913244891508528927463553694741971924450289547091
46.870338655126774784002882146272621169907454470091230289581999839386100764286878372847493715187607867474357818959953457006204339
48.332954849633601061761566070265592893221531404538155736072366804682999320104356408702430673660177670817150580079709755227898565
49.819300241802022681954689731184416858504001395561040564327970645726603161124700115762963386173154462380724228813088916505787277
51.329455409387829253811478736043927747964488993734305794226537323324511270198122706429199437031215125151957855790116546325315342
52.863502642004527598629768056645870755803527094200631526446481606762073425456397296042882571818966938555402603908820712577970124
54.421525968726818254292998926981412145212118331922702344367065840095264325769203119435339673021693264565619438506410943956363211
56.003611186515938414374140319275469116800316428801974859419527758090561129030945398043477228907855248273531293627601112251329009
57.609845889492338518074687222253715601978736040139433769631149841177961843130463298459566785906307231497314642201927859886280358
59.240319499082198518712545529518077036707214381051031896969778427411184466776530801604442815188201114345749536700435119195865529
60.895123295065375808576346659251367818118857922523589842214251220302715726162564661111605436936655382216244382485874881144823791
62.574350447553512379084944763799327709911784482987162744110160831910601058430942007658572393449137757951020925313359424499047334
64.278096049928216708913541226928302666089713310606198397229204628835266760602927809565693688266820767137701739026846776580769655
66.006457152770478919805690950994770126679493442112298294469218934623561376903313918851003724300833326960133490027605297476334245
67.759532798813778910741923155594157723914198313725484871188634765822758631651025115945965868355683044810152717134094636023120541
69.537424058954709647828657987999749765573547199025533583508651445943515624085418158395753614412156984027942710465918618539723725
71.340234069356364915159918844114551189835785206047257548261905365380664086258526208757010161419055063438121988555992314676867359
73.168068069681236193289990221745804616951747563534587329542426655823148870502606621451581919803310194576034659272034747878258707
75.021033442491930720223555196357786958764715174946033688832575237525731815138713162956153215757296104463066454177862853936186937
76.899239753859666234771188866575711330787427850341692269097214533521588539290892075247770411302124332581220386113688333785436326
78.802798795222221686417329406181032443866109908663769091865143973635394639594316498198596299345967857141626299797921866945539405
80.731824626534831872844273891888496514065460948729114540914423687661834188080747700891268813946470331510257985849942228634672871
82.686433620759412379078936252734064445713623028821619936430426258745932348523885406570813829202328035501496122265194340490762097
84.666744509739494494428296723598733659453568831973924171033186499630009675613130372931610922502877442131238749268895238367015137
86.672878431510343461164111181752631024187360385199219946914317918645632992051372347155820741169938740890850906589832931924511518
88.704958979095933305208709202574555268509393061943377476981815252069581556574625829132290204996872511750897888228898849812986028
90.763112250846763839369861661258412088813102057229879532015970715178886800262218597125114637018064008756466744698038890581697144
92.847466902374936850095652063092747174064063267233719318904928712227279474711858341621084282929689724263415294402605093413863077
94.95815420014546605627658103552109601891499796658381359814588310556294137577102812000162509329987891495436081710626547518474903
97.095308076785486713939227185210294148421347566008272085649087327923892778776602075905716554587894097536712543867657273615844513
99.259065188175863793423885443746486691026590941807425714764261318371712842072153920331991013834546487802002697416909328056779937
101.44956497239268108287973050704452455952855122355150986445557873402633056454147323825762110356425767814896355750749210791028277
103.66694971056923656964074357306816763243637917995323615383498989828932566315563822514214538972234736602720199836922309291598315
105.91136458975248184921885607493335301561607528425362825038452605371973465253082712951101935260552757645285618668103448361443494
108.18295776783133562301264399302704277367424250062406675088014893336919650141703660442885977607226265032389268440960521258795351
110.48188044061798481890412704893116921562632246021071076367850129230483386939176436740305486901732849801017600386030459792623853
112.80828691116717354553937040982846569856734296382475760366901049804824616949012810156331839366432511067797338226282554296185841
115.16233466142258286891846571574034788274704197346525750041080094585356755012740126678426399201595428551436071763395772522715629
117.54418442628373710039026401467782641079717975741799422678137284133814536368526876823241924965265886716144200732296594913139231
119.95400027019144972738607782979965212429717915711173760475553293384067205914000920014504353366131098761546522910885867271611682
122.39194966633466019952147017655077663327696201535507626050700005598517695478718910040434898573685579299137386544446299690863219
124.85820357858662856612962089959481616095248571239688777301292085513812159186259545153999244974130806989855857980688626514041685
127.35293654628386677126110123582809359047898353509000102036470218960069359232691465066785769373655301935034784720730347351397851
129.87632677196691293857907905450132959576410591637517703890808291525449562661215458334641756355552270470085569244134905926620644
132.42855621220811939046237781583004645730100925126479890897954337696072047720970637374680198124559454693303378635266552290202513
135.00981067165804921541267169116831353607226515727873011069318125222023194287230318496534265775871484420470574431707185662367755
137.62027990044888443699823835165324814323430323386864266082767899634128199496715313644426325779227442637801683485029055137016541
140.26015769510046764495014126043917013321681182840171336663920894267584247844511156045423551522151938254141170511947129185295041
142.9296420030822567734117396432269340092667139401975275957117412841175547316028704868695488386341924196221551755369259616822249
145.62893503119260022922483915283230052188346561689064883830293783355671677188777935197955022240753046419073212777851018484313375
148.35824335792536988371877648355953916228039429619396227165205759693097234509119899608241460369779249489593450596860972905266844
151.11777805000315828051379823343561591376928932262269778833556539630370030921979389078070379647138395296742722547463325013341893
153.90775478326599238642218912203270583926065422886464779459534184355357431900847045624479345364352806310393749834666357109074104
156.72839396811488105887932515976677624666855540183679993648757005426479819671528041154093331298351500069612949143696520296221431
159.57992087972054227041838138115493443207056749703507989354074215841977352479458879250323151957340361334637762115026214853955145
162.46256579321939789214267586742233284735099341674035919174043172760565739306239994259971029798347919384282662094644494076541728
165.3765641241314314357823576206194787450509112299345535244616411522516167422092871662298737697191070646599736373223435087489041
168.32215657424783497641349978487789353362821900675015631699476282118993541389187944268336591368213143987967645449879277297591556
171.29958928325058777841393620227186138134406778713468026261602533838613033070511283066162070376334670824099360081499749786306166
174.30911398634127850444813618051441303297897375806073686139257499757753401216755818682439548661238273096789512258663520193705886
177.35098817817267871499870702905764256963505103223452523087130772884422749735731455434591398205061476150613580783805139490943004
180.42547528339387747654098275771305168094339482906919021129175030852796474914738047763823237773470716791236103826337031857214894
183.53284483413828212456996796302314657338677777099329228073625839324574922918275161605474354077326547187876179871981877494694503
186.67337265480357312149391022450853154597860713037314532784977191696223724457864276803095855449709307545490828698133206572293348
189.84734105449387453705449891002051316811633276390593893907405700056740662706898735989415351681460231115712702273724190046908459
193.0550390275170783194753899754322672911345613185539101651068279608661588383443181390445976304291666809698223746167056769084813
196.29676246235456285447935648992757364449158781482593893900455552777272136893296739093693407045996711014561640859996144778417789
199.5728143595466082903274712192974418511067852204949162455803888310724451967725441005739001033749348607980764527661694977978151
202.88350505896477920301360775142914278531156545919747795699755415866946838871277202634002217714725270902349088372881320128292056
206.22915247697257965403034904404641890073170567781175768611456107407595492488575676817808913684034008670436223660742161878734483
209.61008235400796208182169917999414943689327453875614883357140012541977263234319035077088593672067921994435860231651371948328459
213.02662851315598218272499912726967965611278521190985258773061547120974298497511021206299398614204377968291026349305150158636214
216.47913313031724809985481429972280893167749948145498477640562088784669777458072877355483662492517810998127813440213853083714155
219.96794701661804571359172007809633204992154733791954564090049107133936795967529574632752695920791408077219427926142305467747908
223.49342991375138750436840828745747904760934711981195040815952497551494826092438418725050105941699686564098888446710244325760693
227.05595080298501081174498906890021141058647621727295066937018765319829656668340292282219437810356948856429263954507908875547083
230.65588822862285127939328128623172281512579969605961744079652680801171830763377097020304016806353837853413970978516338247403867
234.29363063676107948643448614857067384307807460068012183156637074259427947889259845847630384783187806520195924078178426626619666
237.96957673023878919452663239478586664333378410978414695703111495965617868227270928373827479805496635266762986460983307406039364
241.6841358407472797081390789614059099287273128218406803498129988737433683705342424846066882633484162579527840157947381871824692
245.43772831913104205952875647708044832430843114789759324102700750960599626221412313695411105958306867659734474968872946035495438
249.2307859449885479262230367573658270122448666904243649958038248023346572209320569727631535450316919717799008588214292646886878
253.06375235676231546825784273638144598226890684030423597768360598020114153151701482436314384909116740762650936328873045501826326
256.9370835035961137292413082745368706418728704904184053786315305973171879870440152309404939754098645896131986999385748354335037
260.85124812033326260524219495295923517594177247781481277326825984650219154691020752716364686109861927164149902011718668508733986
264.80672822713456268921669355095307678159531221261023926283395215761118816411210656333254252008746825224449046853785112472452797
268.80401965530831078810502222783147024400534319014467266955226444285501094906037140742412970397448596404765877503097504864235755
272.84363260106908430079195044328051744737621645395221905132922333649451422510698090500094443056438084972538878233929894504072223
276.92609220907758500142747216895809723005140928532871154012230366908441024349681054897070244324770294333422077721132472949881643
281.05193918776202123051131790728504678451742707152254355605914000572307756954000857756874304057426962390985559947564919964460804
285.22173045858362213503459411611985870296218016763361200183107070348047284025677917933534730056765028304487496329200150746546855
289.43603984158642680123925751648354610606013104246617405479533214315245599764177695827368021700410842763434815919167055684430245
293.69545877976616882971645679112473859839631087492768985266304853232428029121913283052768804731221695358722233208839658048004665
298.00059710500678823908367848191825943062476721425651162009700983369472251293096174168226869409854224837698155578795530001539985
302.35208384856799342835158566704830165937790515968245588853507556841072811381075656356117403334794244963745361616926145993138705
306.75056809936578707557918554247347640085024521145236490708579837456644344686324525632749006583304111904688527840498699122576037
311.19671991357269658146157200865176268772442325182757506081313961878959448238992145761887473864077020231426668015783981629214632
315.69123127937870764550605504759272738454213850189978562386022833183282478103576123462486347456097338041597675392011532296185859
320.23481714110109819612316705713433683165853134581081720062377505535784266762259827559024104277000824748301056561156646790429836
324.82821648721549448621170587797316428031127838021141541665981014709295101985867285967245840338175379028032540057943804546422145
329.47219350730605545947770888707027890625397739163362375043537962317939738012985804965194807103043274899736142618353504570705638
334.16753882340490254966702115191849705829986086937578692572207940643199303495947588025178816097946588688805887146828890905976532
338.91507080171564976636972966688431776562202571027979721894251541217796498263244112055214726410588170568804939621009632313199423
343.71563695129990284641638294021629867061172841392896794976217061184497076841616535012348577410813251863008124732750049024246347
348.57011541695662344340511712347393088495857430318931117357771755951028524556898277009922245745508922543849000383147948583988664
353.47941657425118184469808319803249584924348353352100824938117272840079953626307904201100990003677601670744451084067051913936705
358.44448473546397905897289032087405022686718576285885520705094389066929743303944213013210271661509970962884558985397452748933685
363.46629997613950663508898266999613538767131436049256700673358146487790138483859547250616401211709770926988057665272968309991271
368.54588009293927308708093676274584932177557305756819031754225208070557422777186640644937141935977910651750860015559063575392477
373.68428270465196878444155957794989893231908939685455972758815535236212458487361025921185689529577478258874025226067709361962679
378.88260750950993052841462502859084349857761697399251103402514047291713759198948744640908949490834773250344067712306645187578187
384.14199871342378641020964455092770296863907509080916792031654690636494015723797715268239199994446243689621967966809465703384205
389.46364764540207427004033266462593388504010954467472428349789536348265398966281552953381687739193455254542151242268457197453201
394.84879557829885217221819007284835354856474373406222053890624369431188742577767210328395195412348106967546398099743785422890865
400.29873677516415017675460453039356927610836408918786244037358540117128989313245796811267156850256775679735475889987923475883904
405.81482178389991186100901569038530306662763931326094161626958287902551285973868998545689712064564910623946703671881669479523241
411.39846100569548611001845366346099925861638017291061289370957966232444336861969061864341252786044023624110313586528359068856531
417.05112856588816540887327189360875699787439303373030685975038267762025773597114156942788269467938819840884773423471025949028501
422.77436651953272587849210440412643448913357004146046121390390732270074448629585579175987358589604269101708584427009554803465339
428.56978942814924224356399559400518578456290215051846239384419055578789815750636900534580081994028532128135133841904905369097351
434.4390893489460808147118565396323254179471564753365177370118558115519940731763667031646557177259366934929464518616316826376481
440.38404128339944260908048802474436967830360887278951490150774328700449518506536685976765925164284344370186247210844454112740818
446.4065091385500531404575397501972360621530549522159639734533216784474928257827626623931992816283936271722463572170098038038082
452.50845226191829022683577639264786557243246884982693650430264429883396543685567895791376932834112563002443309549964672356735179
458.69193261974353453296575400179628738531222937108221851810809483901355688962231424202746831781158338801174043646206474771472096
464.95912269856838569427809078517859120598533008873191570841292869699902608641256904966211001217903501228899635789234154280050471
471.31231422231538606385036437676193491139185052401510388254642656171937142632522947018042699435137496725611072380113443236556002
477.75392779131405233482657384011068708715683767754062191051502459748761722608798203134218946469892342848518550512956093592274455
484.28652356668763534731406023071060368650395647954004009554559558461044693049896295315815635229342951650291319928010124160206141
490.91281314367103391738043536212370363057148469426115209445646135702831237229495672263003601879190817018285287779975485686118982
497.63567278151358760977065029938168990650117321929839794823145987753548575161625497829545216880577825624517282907207426935859099
504.45815818651371696291660449757177446283466135037649896836738092120171971510907399705829033834476193145040424869442398034162908
511.38352107956036808637100473612317275888731086626389549455243531799445155246548784805210179792802907768046262457005820050143319
518.41522782174546304022589663818913226704714923895005095628938417330154254929121093823029735663511534656356628069871488286649186
525.55698042298429216960691528209672325477145492796817305224076213675324465646056460035870626349667950180245039484105324072323169
532.8127403214802996539328053531588760059901129750756111305368590257117329615773460234329806690532030270769446240830393977303999
540.18675539933162260781609307387085712701161042251156243863396627633040453271362298831553845805170415753641060995451267654519402
547.68359079555829891395347095591881576291698932542314239590854084278944846330417880940346806409668808972128591148975170123759066
555.30816419753778440687343046201274196230023069656699373431420029142039720074628496533741914615869888831965580984817891179370923
563.06578644217659847577074389282443694722217592252374168705815641880332065337605280468106294445463882566443693987484549166795549
570.96220844835507748385953346212290169504802837414624735811753922174756258663871991879820512054882421091287430630294491093678118
579.00367574473745330229983394995315250864645423922207802557456957449784155404680798819839627398311609253616160996912574873476782
587.19699216896517663660170373585471383262332274826683405450296316347822132009939861498517578506701393990654812936990053470148571
595.54959471902980331266952363178288181669674310190999787663156237634696395576752332677520167390275709569678708810123379053918401
604.06964206802169285657529398186988769243252028321447737654381562896848372028398136689741826493918117584300173969098745729644776
612.7661199557763718200421589019142605543964140659326143012981214360812095424459043919803821526000154050463112675390049756569116
621.64896761151176345457699986282012070787423146145403497407112464991849316917134728857573595637171255302389130039101657179585638
630.72923063675379856615797106315795217471028615948594692449314489716456645159732337605308319797974035105933790653791669136983015
640.01924753001277695033734040277250437186146270223860353309925080182814203332800070411643011901488547753063178143863516261714319
649.53287947763110465049396586456377898045882979324668336462297815598359905128853151953829810906727468696589387786513563150516573
659.28579649637977888344729314750915381892857434087177952211732805055996330734539370952671763446762286594003901390340951524796936
669.29583800458221994079081985771179793065129176987835313935469961000094830118028392546501727405362266349288145283571628614795212
679.58347323860171415735133997311163288056904609110882188021061249076635589006084581057590811722122655372440357911803858640429763
690.17239796422551648090571531524821696891071984145020994484124873530352941863982863317775857030281038518443228025375251814560603
701.09032092706974247018951913254315861001242558378534939285234608223215060642289312351477610751173780904758133802487135031808516
712.37002040001241130584382640727512828319634364088357126368122554559772107255418722683365409882666943592795768690733044620868617
724.05079517690753922700628455269019561332878726312194299846115662149309769936403986729430132717964478957020935878031598531629709
736.18050893110688500834848621139743435311393643982255211820421376007031221797046564016964459683170656547612562634180010548439967
748.81855873280879149808663722495569603669696672454126208109144760184694770598803196454616924906406014110555561814619260163150953
762.0403437157641916292531227707512399277642302694828632277523731268011764853440365562941621117429548288400312780325114787149999
775.94429404124211587799012369599165722632032706633931776614263254315186757311692766359696547744957414216894864596307928766226974
790.6635495190190175871289825803873878459181447049850715272401798308810405320202875946942165618778235956104657359841393249228294
806.38677839703897856797335150428444862047445039348443618446743704891710638720935090768821371225809639353573434302893755805714131
823.39895336853749296696920635040635698900697411265740467705076313129952952538018344236832740598244035783137377616671008420034236
842.1726164765867108287531757025068113253020182371253308620991304066951635801652231183187251564167057973744713456004153677659376
863.61922921272462657638387939029934408241104816890713498944902524803180992030454690400770886668136350054056060038531768104797582
890.10787476700177929191086442904254989801364244123349436131098465912364342797232221405396314078169084970664959267675010020802913