0.0078363134868853679773424861377967750694439655543030696382048332221518046821119744324280461389442175533603136393764475491137651756
0.041289692852198123023972152418951308256349713869357220201513782755619403221920064889039377872029969786901482670888383370095655595
0.10147743590654619046325682665040972968606070928366536651963957665976734596646532352873455598740365275278384882958435410803394238
0.18841727381291670546085839447496712956831604294399466911254120396139737467517200439172849584889141471231177256027878382140593398
0.30211714953598148292036356921451808156364564106217987441212977170110204034182499687946192962235114414561889208860624019424650403
0.4425857040082433003061747324960124022022866752996419975499637337514732859739187174277310220008304645133655456545301189035105816
0.60983326502818931241504619917573633332015870906247166867264111538816437524567778624630903352811172668601431220584776197277666152
0.80387203501397819780561035993264143873251538122212211793032636704619556092296915505245831968932021740303289937346400505791720889
1.0247161446767579713535421278644243494068458202678347160982530612008203368836553647365442781694304766383491767814913110548223821
1.2723816749047302850044595860380037894787702930287774347057689669578053328537977178256251656057027517327602746689002146300528124
1.5468866695235947782057915618155371277897566156680982193092931371908311640250053824243397781869353659343950079294389332864446096
1.848251145303927903812166828103262240095171752104256253462661190351725582116714296154597390126399635657063299916777827438554091
2.1764971013380690027246144406446921144643551871194636826457770039045827950512718700104899869776021972679200537010008620254324226
2.5316485285927646392157935310201620917767782702637745518209181927584313358930833327031242069109736612801311459855909641179963925
2.9137314199791111973186044362219006488065059890079602877855290778820633937656764803673096012249344689165317145617196811206856338
3.32277378109971324221240492019594834777893851300184014734329996705388573923924680837445671540412397386196885352028619293519025
3.7588056417560599167806340534217761553800942936475218718418487103133775800710498212043155289896082941501357493527128456764063794
4.2218590682644586688746983873815295938108916003103540207022956026283833624878282632051052484383293367850170503255589167756303997
4.7119681766125388723771664751365403839737953499231411037371534750729846486087885374069268361237200468776733174718047926835208663
5.2291691464804784125398702939641234204656646675324277594707207652002359302390862391053739438243150370503438794823142113293026291
5.7735002361473750581150017951659415366694241002063535885485511882260342302386801855649963513270135642734593766448958409469750584
6.3450017983015670637535617395263221332881372355157555679283770582252545199444960346820162332651302342124153661997665360883845976
6.9437162967732236659682441177329015818909835374773494575523107203912071870776048649517730580159281651151975226384792231010787439
7.5696883242076790221903782812918017934820588995861654380079070769695093177997243237143292797025922488944438453557348211591156716
8.2229646206985117480730356709144104959376318243960547082647018926514948711255449773413227476549844036684288875556930712407793787
8.9035940934001353729214509733361268682130430163854073505585933613483879879252367126493016766126564169639927029371041898198645713
9.6116278371405845682043499571356518453036619901691227434160122866491206469344098701633146700751168097959427513478350307404695692
10.347119156056213899460883782032940848601059093985704627332802727968525961233176056890503906007110002742508494177486467403698144
11.110123586271145206738467962057990397729179682731929184022331833981908543965100524867495627103506830113319192658284199159965524
11.900698919645492621628374907273805103039391999267851889263701767889497412250772265589066431804043005163929552023418096956809191
12.718905228617653266672728354560100697616481194319202149574609606790073238288180750998815116110761100227157891736959606774770705
13.564804892167273396269998895295523884525441068891282836517183071833834332996214402125133523993629097953784496117654385665999342
14.438462622926883151059901582892110112710260622686967391587162164453349986049464813698848872356510413363802374134648168933112508
15.339945495471638850547558605464592926177611181515076497578619223127941444217014095451945376789255765247191252373400354592574096
16.26932297581812158067961870841358027762544051973259057018447913877630676760335799880749699975331318024540168444433960973939177
17.226666952164717269778744989477874763322337757019007903872185794411206990961511472126455831261248251667924238874871073241465682
18.21205176690774961033028961602668832088885477208200692827690266712796297002929469343408562902603886935715563211983669069920502
19.225554249969256681635372871339506120618112172178030375074548715887365990862524814116475323020436694126547470287272917634273979
20.267253753474098982268538173839843540922366714257374200676352674958466336512609860761701981946672257250526709943684111826809905
21.337232187815965195268872015584028914928327578607477298685992837209346774983307718345761374467919642966566928110534755778827566
22.435574059153807150994407683513491603606052846003370900303143773004134166137285268229399864608801607876269462500596020573368727
23.562366508382292251805482105242712047424877050887966316553544439977017376061444578540571261686465605804390763231870086325869554
24.717699351622015576143886232724709347586799993206080418388459970234148404692764505165635207077328784789812277083026559291881447
25.901665122277470865134531358762706236635832238348523072666651792828235593153192854721404530927590016695385896688421431122009401
27.114359114713145890354081599334868470396722409769286042724539560341689398949534265151421409940729474467680886667491775678007372
28.355879429600590007675762675094518420462586905627198234061524310635977444061178454193665437012379711818592191896689743425188055
29.626327020991907169966208119987815428502366189377762908159544908433827040826737157982282846990378423685485099801082937878320973
30.925805745177863932478678415386593007504370334865323509178029239950040440529757585090036817872555796352009361059230500063027426
32.254422411391677185578262399822607422852147335942140700442097407012405860260800061504450961275868429355043841368602986732159096
33.612286834422569189084397583700162660293749421199550647128021298351452229115271263982477094485043430467997929226725630817771953
34.999511889206357254102448886480468313809706280736970250927163121719111062074209474504108193848788258937673884052334460021276429
36.416213567463692053913752634786982934676830622545900614461816011658355831807150015756217140681111572203986621897843343842860323
37.862511036460082665807482915584774065353782793661259213564395233737459486023145857764368985470069420122787197757574444990232627
39.338526699965559413127816862656351159612954255656673008101452152920828148406277017325412907876947791932738228925296940019717956
40.844386261495739554068351300646174951254544617222882467413574652470061629513980340151759791446547898351708100022488763204642418
42.380218789920188877541989738609465029002186352066215767695681220952026473862894117725865553305145570337424782492451010236930197
43.946156787528328276515481421705469856130283838270635688586850992202225900408370995961268074314568712764382645637523558180048098
45.542336260647733343647227996392146391934919955356370250757132491006953755305187981657226787328046819400700648197876025647111899
47.168896792914533031508306148489860285824928236429529321990802734383159182546668936011314352429344738337476688368092135548385409
48.825981621300747678658998200448843149698481094977415330023798688306661847101163319460240150435934210228159267158181255387699151
50.513737715008835739502516088715813444974008910005997057571868766117645349538684834635544638696942560018046800900069985737050744
52.232315857349462270305096036940103822972479116323727481506151884542891421084651796495855830012802953299773276461044165998654925
53.981870730724582016588232647308066484267163182072168731309448423172719030281919286315419017068886159634641133434264626397605102
55.762561004844368846275668358824009037625568007080287433199401728293030334185682424403835262248924027984130085249097486275729134
57.57454942831334607300977685709846837193654494637657165632330456685196886001587649963561236687024138325386780151575531218077025
59.418002923728305628035664103322964582471853980059608279223900737339247899824380761126935853760407431739130081281402250497232208
61.293092686438276865274773446886317991236770656428505201558295136699702192110761259246889122589002395437304069857931806655117648
63.199994287124949088726981096099033113907989366001354636587285212319617512937047620383137495535473958591377871570362173506337833
65.138887778370599208213788939690848143753074286238730952038292300460445852504251669601659492059315102092450311653589812603889364
67.109957805389763480566618801596256613177306065420738882944752684422980910602337071412052716971379303581657120469354177876430442
69.113393721110659229766857908923221131187853181199429252257676756536328180514517100959590573231804639510748477328715079103626155
71.149389705802751107002595461605271525605366214417601430578879881548993266667293554691278319638262940866119326372278817680135522
73.218144891457912682538840934006255249141597484336720630496287026833573598167322250821085984779963542729544840241045886913182961
75.319863491144407596351651648653076035630584292914039447747945797217879318015071662018779949344554432834628039130480273117074074
77.454754933565458936904223052552329651914440202118450951848186065064716400726661583342270133864281530559100435712186194280651875
79.623034003067549323972251659481911971075065413953289829203024045513292878314604651388621270334998780526776189640490616774273487
81.824920985357860683760663191732318802116049775787892101737886716416659442747990317383187614169783667497219435360494615429606119
84.060641819205490726146502273056389406014691333715661947411537689184963730966796457708360019344602300841512444206080415919764178
86.330428254417347457199041412308570612198576825479298229218260317932007393743190063639865160211743786419738595283189758442443417
88.634518016397005050282539212611891942016040419191711566799332056500191872764760027793177820240146299434310549062882564358211929
90.97315497761339264043531215022426456228143643828451616020921819710211555658039666542324237062740126371194172667069910593585913
93.346589336326078620122747366202483919230851135128777171159408344848568932406763768734812816534527679268854833050061345555644295
95.755077802935212053072006749282402912237357849968093387464638449704852282376804088675967540603041608195792190701277683053865507
98.198883794347004756801551538751763834358765833641190609757483752896215099524440298643734306406345864356679444612850459057106073
100.67827763677010790441720045783434501228794658018159733309443003111926995595195213922803307816795218141813004677600938634363446
103.19353677738449282899127758608287028494549454094356866940417163237073290284284412188517122532093447715782895246175222640903206
105.74494600535263716283186867552523829788443876573268910427105499494333961093360717132179367269739575877564711036135397380595089
108.33279768267310887137105206499163602274019416076347790117656942282567582342101219720304633415897012446775392172403549867759531
110.9573919854092123093949458870894236499192279490612223311435060174411075975840923740273144772103588312912878313843706952438662
113.61903715586040979893791001663044821161698995372532647861573865559575957651896098130779628576250174886282545469295591949963451
116.31804976628197647130085334820183641933364260163049146543131283199030065906790922352208115340132740790115340442237418416971402
119.05475499479902383691537895538355108847191249664679359707534093564763881287541908855432797926974496660439845094526554024895621
121.82948691420490128541341782911371809004432369228555347238740023381137931002276596694533495460687611281018297407627781033284165
124.64258879438134363540496009107949240357237384288470272989668299186532926622361161834803429769241413856477547897520530561130822
127.49441341912889575659950594728661786645860431590557434128459249972359509469769683754183290171190069011234543515917983892989898
130.38532341825146403563588008617763410579016951589334531987874024221059471746826619237245006506474740611091891523468218723376142
133.31569161579870780301305091482480257975890011499966816683936157354707179202142806197140894147791267987420726474910385176911155
136.28590139543482176079048705003118708353418878182032655424650481197729459970361308677849857134252993033059892533183073503524834
139.29634708397254905609188713921281085737466582960483173070002877430732715269987063299733731334676887060473900834259723317162574
142.34743435418753171603201533341758318009972954685869203500108520691872511090833404947631658157279437227017902527603452821180346
145.43958064811093644108929424271110736386606810581591870365908237727799217403886227495238917804198001109349588932166318057131929
148.57321562208834009317201029512227237223352920960474027295625225664511661439587844886334014205598201459974514225164657387372868
151.74878161499084467434086456438530888798424629871073925887635664310226175964293219980663912011087035606413678049005027181497382
154.96673414107112268841866656257507965535783821919785464090805842563255033397555617995988706364605144830705297729185165112081803
158.22754240907347001267502326661865543123293124053479411776934340727349661582400553270714965529290930273542715129589236507737093
161.53168986933396929636377886312578211130834625967416970515022810173497182726682846209491322435543229890833716558554224791285086
164.87967479074566573364982182575036113557854740086344628355144985525592515571315896625941120561995607263615051126957619266667313
168.27201086961548664745536646042323993843575830360853126371736300204958459874930556632605002458794730422996983550816265554040531
171.7092278726059071003823975878154697930200547650035775259346892908627933033742464381213476375632442880025641752796182962670586
175.19187231613665955485840859570507289846145713092382312309938971973500289803986910379217765174509354727575297829323327468583894
178.72050818482188761307197941590015330496060488128949096372511840361943191519389244633183937481675788429369629289990814033259539
182.29571769173805820691612645725843655661987143868138944125484140712281826279628546115484008362368387429042763548037429782459735
185.91810208355993627126125108674874127154283896528457838189853527796980785129633289601821034261756945014040859662177413177393175
189.58828249386854772365920641491629977888191032760457826939475937795426363301046844198071798151021618475852769690952004042811659
193.30690084822920396659643915393587799312025847403734964167636388695478800010045983164942017705493413464867620142463499817594505
197.0746208249626140973302375973132297107411444598587348944334841166212880449611873853131487174180076015733324015038434479355857
200.89212887589159405564031337438497565680516911205235601096296685414124903604120153770371948779270382280748986971581008110606051
204.76013531174413182478790042846965538403263146098667526259393707495055946363534328270834529995726105810689211500049911543536671
208.67937545733541278280994216998804313885556044153992852483424437507925424973768389456660419543955289477179382789475791694158066
212.65061088214236201506015027674425304086413068513946376884550347200183912916561909881731842657483723670284118157111406950532447
216.67463071243062699522629074218274695150779959889098846192180607576671676199870079239847624534962301633763492609195149986119004
220.75225303170293272359956253200658715518133499733376832803586827412028369077973047083324631768189220347092732729691579315786828
224.88432637691769418244678782807669780515399826139589678824279609268032699603038639810061962332776921394096479483470408433097285
229.07173133868722323526569197120634451572924465791780219175559779721138987690566947373824344181220381867628500122959084435850838
233.31538227451684077596147942909811356492567072486357986300924887327599087497717042024634085411049573071790745372962040295454386
237.61622914510244198815513843562401817316866854367719193519160491840613452245291708803616327242777200782548461401928290740479279
241.97525948477932746854890511063991458146609257350216903602258616032913321436687589042878668463107238889040380247603316265484017
246.39350051842655449884183237782645892172222080303596133755370513787857399757303146365335984859341064356022912194286520566194966
250.87202143849864816717574490659089720185851327343476260897621842455483608914870069898161579479426318216072373720321975888983229
255.41193585740354945665911304569545650735065118729896300530083296552023238915109858197903335293249897088904572867620929283414765
260.0144044521994464306451846983684006301576678009882914405175741767093888865772036663968290410447004845670338410401167537213858
264.68063782057565000192086762284158688725763642123676479056612724941364824337575746047130566454411799543085153602751566609592511
269.41189956935161525473457960751244009930063791444073585965303545769837808710411605457993912047215439257927059634790813524856523
274.20950965931804496139321404847009446451985906760741345903810912644100686384379944301501773127164428026097932432360405526940936
279.07484803320739428892299645779742943742398778114719958521171839208236363675457310897936304329061642522850160765440241543258461
284.00935855698055343181136935186413021099670009054202967325662757860177267988983224010926274956695484281156444129334458826491649
289.01455330852652038882006404623021733049258331413465742091930211031654799013930574130159211949044869400825506063227413131535956
294.09201725238155876313359907001925647475745544514352406393531594029919042719623059980266961982141254588026305820598018613283199
299.24341334429052487769079082556514113236662686748243168903176843826150290986409561057491571415664603353866230912838046698887805
304.47048811548441709336783767360096908309368582881471592184540237183036624696513294656548354262168085889559646330258470276417665
309.77507779359027653441210247424606933218803509017168275904951171329587766733599296755220522316623280901759710677470655498528719
315.15911502531108918897716702375559547096783953264478248958823547419227635438969265475530345419605255585012215913579726537988192
320.62463627564428886972649285503073991860576094034289908682118306273330643967209240300538435427292337800769404856337561141046614
326.17378998972929705829543736639146238575975526429187707510248378029924515799555283599560176142290068020930757053384122131478423
331.80884561677326845813921026676392672275739863065577765636535633348255045266588790205288429044731255242191802010407234803531821
337.53220361132721492920695033124274728200787842331401657248781738641942403775774110079566091817810099598646930305261179460985321
343.34640654600244094199566800897083109731942272984109108696074182246227026424106356962594647348673462626341022545758115138102689
349.25415149219162894771679697922868449070579074227200766854393822696763454888613601144492487637263899752613368038888773752065115
355.25830385232029666080648110155897935607411130335186426359020724337756761698585195762850436596491292147045660402253628251146883
361.36191285965031233616209561458890663112776756887644076782117198474507929892753853273309158694476085564897311275990856189552283
367.56822900101736979233886246380449722052157591584589299065274098864815243215035848404925900451504917593233766321678793162640801
373.88072366580717123875886511511049779473992181521149136011217331025582769774319681917389464182564299901325848919280094897181912
380.30311138314436614358500331528892566421110279597774272677327469589999306526100832675909832637960426229929834176097111695356477
386.83937508151189227548645561559713019775863339324026729171887607955665512443020116867483306032915458186471973811663114779318761
393.49379489452540187976523557848391161102741006900029745451892773335282199749823423679054260210051265525389661698470507644782504
400.2709811482088034879037747718200864908636890827041150705813777845138523726818813834196040190329494693492227464213417405772927
407.17591230528466121501355901348562952518154840160544629495662559227260928996343900796533644434600112195921839008974117644585018
414.21397881931216436748595746355185548270212633870134550812366877376038537814689225827828837498017960298757871123734551180917375
421.39103407759709335153559616545200376449732923789471124311104596467019129578694504984377467311463888012475919442799804805177144
428.71345390251806321583580524105574790126160745677559363187040795381847314237186024291996012753383881354353512093726443147328565
436.18820645812897923332483089081666702166956181675333229708762522345680824233823946718680134273031149298529537834972015502412798
443.82293490312177525404057631578178826547982670725747228222861784674388153341839176911092892781153349742485274088444920521773921
451.62605578557782729212154907379913552610869885723768571362104342065517773052538911154088715668156508389538062049623440603930171
459.60687705114222635966359453029639019689553194823981569471903130922622748172982006470354829801349622463435316953261324881197915
467.77574072404555111184889665530811822442226232468899456262266778026757931108085948642354749339744919103745997919057786439829472
476.14419695224617290130684225808371219646153488168062284973758924758294852073294878451653441330118480829583102402340392194084358
484.72521838287874593481795813762758688248090566436492312674876228241402265613422393550265414631765631103665553177565401100793037
493.53346705684170767403771412659796392300684697366434395270301555896794709519481825137826664716675792870128811236286183805352398
502.58563065798895292619536582646606121309712537929398043766143306722259531748575594678942378305881023227310205674316802228049525
511.90085178479090853108309250360550896077768438419498425800183380136629220517980963015113495814888008761760556021915124033903047
521.50128418054267029135542564040864988218619474307278729948973473208855061710892142070876137861510724926448329895906393237271012
531.41282567293089315621765685611033589779044909782738156942640616156405364881868206815462653778947887150654310069398550426914816
541.66610261548795381558722491411368663584251838854481780267055641544953748523003900642700061923705061708466758707864770140923873
552.29782154848943916525256630767058687941904366442140883564834933110191046691830668558188920872249790487292371041040461276519233
563.35267315793776046804583152691585176477275809232325447781387042749486256959647650114588094772646292011941962082526004301368861
574.88609625671612649977451562613750005444081528371265630078445394576005452397706827407077481157969137413089514166722174583990409
586.96843750987320010934898315627921837200687625939175478048736531698515120607868174573380013322048131559668566678328236462816633
599.69149274759547146070647813022970157417939883685474184770906286210964410799857344849178875944369306539558019921407849049077836
613.17937240133662130156986503777906219688719861793990469550365478478629689908382962221633128228865760891381807240487903774572743
627.60786515431278313655844417736376670629778723108129083612403357674681189263254589668337456090691904978039635935239163718309447
643.24235245944330358880730808111608439922552561590063062906050130400521716433478522859717508472962695455951824494118313824093358
660.5226415317849278351250814816220411699986000060847982708786015474881142348944590176613277789069794057276161547809722439042613
680.29651979272000518149823702582127968031473173137246612347976697059353666100167083965293540717445639996859904778148664614153007
704.76596215703064463024132557371353276078097589965844518020402755599649106791659720329901462472730736430242159317032119076963651