0.0086316450885270484302523427520000800036871601850835377838735777274391705663923352572017241939241500229816487211570062514739572751
0.045480457583214240342335231366738651510475728735753242469749431616783527550524578004543893325290131131020094736049564051744476688
0.11177770201625364835765558320740652864144094027248985785822173130322939901958002979967144529747030335625237606289198137142636036
0.20754393480119380558521493188091511567402676952681047953698972024243140597321400515032315205706723001510875046720841292669777647
0.33278938778982483693629205845355545554398177930756973426833972110774094254049035668762566385004102434609695765715542298100521457
0.48752552000858252655350107471054962413774496278971450837502007564765924526751264155444845981450966522843188647616931996505280113
0.6717661086384167341656342623453363067776652526585566628887710991842221577431670916760123201544619491122126900317826587676212164
0.88552745795007518889122700688196541929575637380230843552552729321929821974011513298898080994560642960146115938901212524083696047
1.1288284609637645297189280914883778482856109742429817806447178565303058308961382656877119905038141481908253381632839708898157769
1.4016906265100860931606285850820676901725782366713701994766331845171649795732025560102358856460002188775618469267596788244335945
1.7041380966630287437921674538784446783235300264731086712627329092652748414499897142504678990203163797722915457420984502944100978
2.0361976615676053488152775548067008700863741032106973892942032090551601093456370628177573333999858207222865869992670655159061153
2.3978987740063143331203159700732400774063332763810817485207996903172213237805190104261790887872019700583416353954633116573867561
2.7892735645994175466089613194708978276729147005407403684610943350757381755959888107264630098433238030554055433450623592726665299
3.210356858022895958029490625053200723791407820396690872090037358234045324039198407810601067206056156273008738694416531437560449
3.6611861904286551419083665230103279957776879202036313387763472030888861447621983313599742856158613128570960156049050804118014159
4.141801828167619889131675439375913746636222657250609616410825518736199745626184746491121727259098919126960369422000495266933068
4.6522467878789901572303543109599774413633336421980542990590542978747728331623056404025451317890445841737191133653174694041271919
5.1925668579917880605162746676373054071600451236706832457764395276367581183665877635247139906760672740827022408693842694835160888
5.7628106216770395391136329620698514204579894231727342723119860197812002386972153071131710344153804530199715532492310605906143824
6.3630294812857279751896332335679644043491791487829267683395333920319504901620584691222431637956010395759986316279650075781746311
6.993277684306814263754876128380098605893852699782783251989391042508443884634764998802155217359932283113383550714930597505977943
7.6536123508800618203814426141986967957292098622152484645900096187290772105877718040609916348901751119092690837166017333205257383
8.3440935028995913989601943699048558286903237458024910881034384163036607522285294156521921497072604335643348155567202626866470244
9.0647840947457351910237663424706352754813056678461761526413175579374123340765201584067952511898830408836328039874912515374755514
9.815750045684710411629365381776150640973777183959353775715697073313201042852252542601205905591256927400755265535734180520274457
10.597060273977806943571881095431727153420818508920370718068264062418614275758030134516238569697695699943233276344447835251191634
11.408786732744136983791811001064485759978333053793260180127945211172887238973973548778955162238529758347156950599030072937829091
12.251004447623503679520129575327485903123481546767435109346668905759733785895535266031425534191438136771358931677538274438494866
13.123791556288599494613725593153817667069754031360576144794998138640832528783390501961980959581809122023795039109989931712502382
14.02722934985853999306590618289996374616842675285911947471746534928520151139546088415543051881629863543507864509458658834365016
14.961402316268676020506426736401405211861353022393634236073779891739781503850178254139773124900118405908388503849774811294081571
15.926398185654711134664230274254742723807370777018285914224068792089670330399789899505496231477938080206668584767933644404732938
16.92230797781238796114592913160640671877769779155581934423629539893472055832162423934052039263415207015123756648742055526223903
17.949226051797404921284257020754337391187579695501050580250455595778350677674442846358374066143306802328543672536193175360440526
19.007250157733792784785382322408336190571003822304365147522812476396434832307735933066036611779049788617321843594480782558589589
20.096481490902729161381488014036369494065962800818036612193516243958647307834959258041948601451350398596797110549375418569949549
21.217024748187709827102135298422426024831130580362738745453732480099495526550828952028659933429446092394265940236161818934299705
22.368988186956141161822920408195313655969408127795028819486154831171158778182276225411698059090723173296383363784144188688837109
23.552483686461781458480126896645032348229228268812502211170022018060127156918084896815719608526150817590626410262583232678278561
24.767626811857055011431508042855896054213972101628081364890879427510224304637750331171518875854453472157831641172959832307385715
26.01453688090910737410647023852229510408327208328617278917293328378578356124830217955222366812590300681847484259315725621014111
27.29333703351857984769168694538477610729926352342963057352708795841198448868142988518194975518814830457358178003799497366759416
28.60415430414547424081376837087370897436601502472171480461707713192782788625547471324449146298113032951818416556728923387298966
29.94711969725217470256763699302324855453085139411589880655507786737173612236270667396578132057768059693132977327558653267528287
31.322368265879712922894607518991584715663108699037559711615482601906417885749869271327504402109239799502158899643396382836814081
32.730039193479728747749729796713249066828054378214797009837638095975322263697750757011770122844307505537742378921138732740079544
34.170275879131314524267436310248201307528103593071543356135357286222708859835191202332618618469615660129810824713876307005370008
35.643226026279064392032112686482310127781846367451939303213447006531198381345418093704506748491111402887018058525676384784633081
37.149041735136207416462607335265901851744593513986003284320703330691055915775489974637312459356623512116309194443437963455475709
38.687879598904716268970866119381860189208436802993547891253754858313813641977581046667058817599591990717812362440216077722131226
40.259900803972783843812689174542958965608671310307092411765856268576897654572080393474311904647072587720201303206626009601589909
41.865271234259084122837274673300551183564027321877253654276215923178924558558607076422909287604192094995238048573832165837981051
43.504161579882818962290654785337994837710949404559469688551082822614263649592380731861160118262354175681099999887143921497132324
45.176747450348740590329992111067235393950025319696270614308696196512349794535907528087691805049584410263418200045668384927599928
46.883209492447175168117494961698737484317682361082987614240000376414212853606349684352735432407788335396551253552465984285494637
48.623733513080604180467957271389169805061558820513366191944742942144431927374023781163155769312602374175589964707884822080809967
50.398510607240640128939656635254031058680625706977627410910328388952129924655998616481469845597243043633382567019948177743742528
52.207737291372317871851312810474311194372083145111156111720814232833904372572149255679149234306065038321139589179254474598304819
54.051615642376574708529008113935154456259591971590089681686285464435626977793947611654150471837775250054835874896713537892293154
55.930353442516677965131148746159109533677135478951236655349567456864542971018468771665149234055888344258429913041146411260811649
57.84416433051025125496084091525768987119119003145372809721021993503328936825966675975051348196118724756488039034188165575506542
59.793267959105528995509800333833279703987951221231232850706368222071637216158905650393438749234717815655322370203311329773775169
61.777890159458619424712700232914310006938615909730792438458457905864086408454390112377418247107106334184468542388656101520586554
63.798263112647973243440965539074179395887890818636034272407924891237396421037505740340680717299488616680504966389294462151118078
65.85462552868304058397026316788777394058885549760566943099927672076045926635077178355715021846395081834398551253787883291156118
67.947222833386365079415459247251830408374526988798031428504658533873325885117672147964811255950676505284955758551787837171122172
70.076307363552232508541096401126879133362100527633813236678899789365738601907579020439499224300522213701124212456564175924945371
72.242138570810596307786909607770198676377743040717004528176372773825009345423720007246012665324507126257068978213279451389817085
74.444983234652489230917660856165259004695499772663350639132623019675160708251878443488113769083746353655084904243175510357001589
76.685115685102659533086487796590957570844468710741483199742647084197002486713412021656552650495721585626924736734158043295696675
78.962818035556916559574200411469651861104806864012358315794408664964708360111481727866849743569789456513349602541854602842023846
81.278380426335826845660549734215444843931611352099677659885968120051115942173610959358091238006156143095265791556694542614239756
83.632101279543178966073826258243726153234476028914732190982902305952492903237958903997190333732067132400335316111115074474259854
86.024287565857265535182332917195340770884723162263085844566010430768867249812934485916837908880282614410026060173946105730390377
88.455255083925769346671075429488564457365523899193687675215958376801665105861270508566996977346359619659374158042942147648992548
90.925328753081168931483073425172654849886620471810378018240760301492601487828011854500608059976065766882186577503920303920072791
93.434842920143406906437191308725662217015942550102069600263087555449599828105882866339892485387972186945063692173223002527345629
95.984141681130434618489712023475512996465045928871827095126376350933116437121785792218696619371999815733823157256662373625360455
98.573579218755536863214447527029289541079444102930650416995022149608339955702574932126460675866886451048398938132823640724738756
101.20352015665346905349530616375284574550061724649456306873121715028373911476962272352705296214225596442877562051656620778785752
103.87433993134586916241117295709557382013800658662503859609636348004287431754380298323093224484392356076991526060171903707999857
106.58642518303065132544711345517046683117010309001038876887119548320246552754423168131891309877321571489730718764987230734341317
109.34017416636071677162564283594288238238694939594495537271165822935786663030733738757838801325687764892176088143478445657037003
112.13599718246496365600877946538385473722151345750498675376482256085743550861893358469418225262399368383499980541857531872344249
114.97431703355994445340778454072974713141056362584414311607013439666558417263512922927048369440928195720135177958986364968425207
117.85556950160439205995626905761253152251604411199443716079156034279630425679909363281492007346173265657187191629116847428182253
120.78020385256208823507686552849242958196138828731409331896940884289635711077507560710362356518526064583421886799293774627669727
123.74868336796215717421637076882078443995680953197370988373861239755259091812754873541222786277064766276671206672546071494891217
126.76148590558092494724515364349767623586383022367738590977764403607953728063324311861759563170647285370292463220769541279084277
129.81910449121721513980902070574498806384763766201582533890539923369366636267005967529861946302689054157006698008836548824494188
132.92204794369472349627430572127787856736028938651456190401323937432684289968906750804023486633268821961660723791867800416580016
136.07084153540246941380918779231780929665557226101726371168637261169558507929944002139789016829100534098074860482834592001051296
139.26602769087899129652801743293009451375040161240225733984487894706331667117765293445441487913149555683726373565998592928141556
142.50816672615988618314171420625573508158333297543937988409032047142441069659006703085607729894951354240097863828704564801651217
145.797837631843691470482862039159561318469578402342325905447406262750274110533694566712753612928972996359229913079127885420978
149.1356389030904532483571623463892849667092873975957628348210837374601133045273106673583307174812584253652829717765721383943388
152.52218942005343418202048683649125228270836752255885012563421990196362270551228179573196669649543139619189840516198984161935251
155.9581293825604720391751922201317071336628566980113304973246336280304467051313019493294262452657610031216764258510988251194593
159.44412130321112781728661111134362226346685540136336431097795231332948716283608524312892364859390034265995151589202211298960349
162.98085106344307769252097690912481131178029090338544521447622822882501832008684418596101651403288347061220184192790879316605904
166.56902903755089811091742366862833917788704417705110882020150949489503053402042260402359771428989582336141140919979968082706667
170.20939129011782565135387764876424664682539103029891646965662930034037872937170781929560737852653113414677541224205525792462791
173.90270085285237114876096143644687071382439141001820482358036337708892015237584425698211692491817266952644672787562064552798109
177.64974908741385513600851194435657860191423181243668232698181803169754562443044528609837872289933169648870747499769133833692822
181.45135714147207632618677653102511487596633642913516743949149465496174929697336489336261875189226410462222071493829950777497952
185.30837750598571166491529636137267641792010267377895862681806352862167388503946675408941298811405056133895707967963247748825187
189.22169568251238514338367363439964725007010352657770420674007089934259724759451992848371607233295697288308116262920153001458985
193.19223197029301369066237293517010504512119227440300970274935196249431154944207553935327025826373398574946385448309060076634978
197.22094338389838732982305411531134823559190842855662555810351808711476065179265680661973780441084940199952765327447526309987009
201.30882571340362872418538364756671286798134266622741432615036732600592761804889279165105269685136602066864865604003104633347708
205.45691574038560326327190982269125853930833972255031094975553576038203829289140404026502595140236532743725226361166765872490168
209.66629362454215895151847880278286955476434554889169244450697862637411420958280834609712163271026700737288415063047849032625676
213.93808547743676697415888519052906378921610940556108703286478876263688997704297663574945716594883291944594495553213004642226211
218.27346614180880931618770697314488783415114753259000489058763951290031847902937245261865648131894400904141088532386051413538555
222.67366219709501958886878779635754166158610657953730474995088909759207573027055990996065599370050431183601011081987239478537007
227.13995521432462612680892266417091838015301338696475546523409661743263066248357650764942447213165076898384030615340607576138639
231.67368528643071375247412440379356626085809203116766711817277930621785646587504784653878207958650341209124890821155673626364902
236.27625486332394652491391027629810546823779713443969801262750825826274758765314373166417049485708781173309779965874267079091358
240.94913292487443982869066911230327668423297836840720250611243327501676541795287383714327936366950233752654067621193549567234944
245.69385952932974317118136471410518964901741869632356138204469475889349508349427659808263083895335214607119668315674197103634187
250.51205077976537635220012051130312281598692795669432264423753937035731869868714419379140259612419876167773691019489578581016697
255.40540425704411239974381053623403409185356993708969415737849892143981165584915429731203803085160131313938306250028491114574052
260.37570497460225779264605379019793173328336169316259276064307527300752761745077892685570877688023593598830224180960646237211131
265.42483191836882317450141742461562331994312262777634867040621223558806833756506234440859517975462580979545748404887088921614067
270.55476524448003146489664103279446913548358647623053389679755448979776138261692396391269896497509484335097124259459602107179358
275.76759421845037350840775909819366092037963651565125379664114959425750437477678085269971818631642068513847906456632948452666574
281.06552599243835916408565884775832158678804414425086142675629234486062469646980594335116585799985255688337397256407686570522933
286.45089533261517630012459035964631129416417268942108057841929031764310496857566274338595800041372457150231549234098976072361271
291.92617542692270699981586953826916348991666794559011354690745719804830905375976495173173077378597073615342425309066562990793993
297.49398992533635719254305174743106135738453058940061248960329386865341077691438728482811613207154656451639737119632636149984233
303.15712639093403416907373082963865969262384782715737219157447373773837155321507554141696623806997287628037614497050728473326791
308.91855137163234360395204642789331478573688692121773878446446243085378245187016303583802257244082994294134198882930476389892704
314.78142734067543398378973173912550539933924006443201738344725848302277314276888947574572185018291061965307963430110420551056726
320.74913180049950138485961004676548821503955599575166843408681419228579321633881950683317772753509299322802133009609200749510436
326.82527890156652030881388533295362388222734960806198966427224622043029525966784740822312250720071607756361543895726982682483115
333.01374399790903052801326491494446947982700698529020289445955664479036247476627517465196665039209419893564220231727371149803623
339.31869164803436194338582963407853460834836988842324696716415290396244266536639705644782711564867279472946788241353532092314494
345.74460767820943321660400765355029819844712093477249554961208743832375391888714048035929363129678142469647652291157694222378329
352.29633606122843685976510706695425642574646485793086251106965004314915283471346547232409864433390761565757942868638375948545937
358.97912153590588673901296962666193964588605187591231816785296213804571150447513995304748641646230085300284948192719322271901995
365.79865911201413302193176889544468566873789906777424860164761377445524096643706482806182259443845969470445947623576384608699597
372.7611518875829098232580938266362370830407005224252438337739346582092353799473450294470449500084697474830625072872330424917978
379.87337897161717421057834562311212821156860466722512645555900637135632047291471057837795484388381476186008548913566323087132618
387.14277578497378835256977660443262717894403904402461106159324339975354397467113897886252264815059255009906766965737459978657515
394.57752964719523407012121042330309835093766318351705456378861976803846455919764119476605800490117280315390822255089944997530809
402.18669440742912788904981986582822813156949581924366519512939195355322441106321651208693440924065491668530167783730209238154244
409.98032903020837624400344892440237839659195351580863010643256800502606255310307010089626084471519960417230904830167109789135163
417.96966663033734408497499144983295414754910867603432781716001535177488616559865944181233025664094434828653775969362016182801702
426.16732265846557214997465544168517620671610441970744439333003773232307099919424330347187182722956277590542913799997089415870661
434.58755406565506406857206403799089158819722120941816548242573564841702044514093912325450154511095921953992204140907410416170874
443.24658578328701686394495282458032346308012417382863212857113072423755209075420835270304308576136558548809998960268946257517024
452.16302748284090139233652720085862718333851431028752430327105648878063167199587575744769910469507404093622729792033545015936404
461.35841354073043378548003812435782250164889923145607292959432289177295012894528981633524659102686164798488494126107017718942196
470.85791447338950500261341357619272772212482026748338327334909791019582986756574970178733685645834359148687551194953750810311031
480.6912923961460086721036820166389404174994053674260767015029858889318027323754239225285293232484071159253070809631816763519805
490.89421275043244920748337530354235829900506392989578210342584004402624133530732025538248118756880286206075769082058789012444077
501.51009180864328547818357851013734123631185493357689875827226182935343028455377199850711429597588886341597305286980321546166702
512.59277839576512291256629622855258785193165298199290467998965935253220091815062337869296216172626283060043554298324836042216557
524.2105893404336673002077797889679485311868554021411316933140524041045653757410754045991729775808929240539899224504204213193623
536.45265458465398378692834908484229344314365841567231315272353944627819930161276618987330482587824053102886008596001611580564292
549.43945536799478816840053983625072336707900240606085095655002512699385077174000760738272899063252575605849276277924507490006428
563.34160214785583289699253499226339223181197103862476444873063232346759107012427962692315296566867892164245105750561107092311613
578.41659701629413880311437843729139147795032716105284938055648157567225682199716186858899396878626265177639673599395529193436645
595.09107638958576199725994685302361000398574338570514800079487623802465044268317506088273220929777377582860456469137488526196244
614.18719667252740619374973558613800565443908305908660103533878565563029982566525062149423609915358526948395429000126867821819392
637.83962872893604761128942657860434087189212049901115768948827301267372636304979057682043529767281364841965373590182331084474315