0.0090645828838921420430939955954932923264620936530959907567281175643056232752933265209664781218211126119146175569980431179579254567
0.047761712900298706720342589509424197660170218220222937340391752442139847579292081488840832471934222351978839170971390912888891962
0.11738476054707475107963751080267681860405148808670993539095246814337685758828258575266103805337746180721368065955176641134491656
0.2179559434175784062283618338347570907959751571225326261999408721305016085907157217320551911301902421067079795675679054522307737
0.34948691761542131289998372773353622427243529061934802586036062478873894687775823956522846999831224762072955875100688987982754166
0.51199090981187844659306958628355786408576415075069447208591057129374539203710002394871685325549607140876358752757780999851324946
0.70548386416184162681661880228282237560196860336077072101210852774810287372592119486931611742341687404270653836076349442138945344
0.92998466322580970797453519428614048300867234160456499152218531633464313339752252441846259291417074938834584852664903761894882966
1.1855151945229260775701978101638799999506806683720798041440912653803526213153073518659754841907646160180395866639405131598564517
1.4721003810467503034411131335656814315944691018284163867407499437187036809960676888254419921030840269823984622711425751609538684
1.7897682019708907543512611012943831343294639274139957951998726588851400157222929722372903514942920302582648629854646751025499751
2.1385497109237896204735506542835612514874229263538648531310222677738253504126734418766631807870128912979257274977254269482574174
2.5184790542994826384340155515538999094406682239992881399210732380811918409713923834141717346852038174805131459088172699955750476
2.9295934905498822370551107384733221086783339907113294393737898659039622241289042267663098042291662855493481651708247316915168105
3.3719334108679866842615732499522016071649408702250868666699655918936837488799529651306632562334745806160059242470104469797089724
3.8455423614627720195706387566962928554377314013278067480287275766685950361652767512485823354785497003523100740164689312718731797
4.3504670675390420980368774279553422096098074332724162350905831690106067792470833558554859129916483710231620694978238949343556772
4.8867574590569554498465367202895897671186100518372595261330720696785485539170504213109313157183722499496899131191302305173340155
5.4544666983286561050725206363656015313678084871224800784050135145207031634187966702719102138825777563895366615052803734494930234
6.0536512095019982331587707730455592254361214820198529762894357721506665630244492789156456010279187915796761736339695600559194654
6.684370709978757624913858293995183802669280782285974929987610429029976274961929868127864670570841447490671409551615803559490509
7.3466882438146421922895835913093345714061755445081802392708739834825770414066671189179088431143032341709236594289431646564491497
8.0406702171497207784030395336943623281426420157931805822762461472055787762905253858689867266952800103253826148847776386149348725
8.7663864357200161022705646352921355125667674161234312369682372950208249912605795528950545116208963917065748286722353510781435832
9.5239101445036584099412701902210826922581134699772429037889918015180835711685864160261326456571017342900073486845828675562864104
10.313318069558015144960446516423626874151630399382686100188021118569584275282393512406335798259844617691548326310119848399645772
11.134690462107515760691378897437795849884517864060628333034583807013911038457417488621813685773192475735815415660502724089307051
11.98811114494543677953993843602823124481075513368571262900920587990025821457595336694222327402339590746093011126388146838396262
12.873667561216680106714971447396543074615192217817361054423028883274922352254869270131775361726710129029431351609869155252524311
13.791450825652560473653788884025000121783597629605703322155013215404131214992540510085101335456331277007248726260629499863635188
14.741555778332816917285396244801498531931982013400766799098888156429795572618712041339548704052765507956464126436445662561305316
15.724081041054484861885350393542235421581267888515124903330645858253348973575444928843901060653095359823505558574856474238747874
16.739129076391919752923752707904024992460373123789250941980217565385283331971825210221688891445659184460457325990090909198609036
17.786806249537163080335006884491573882856213763312659826326160096509113413257796238416991067057851525621321291741721319714038393
18.867222893015001969711516587830352497626946517102293049501648478953078977721160441602554250828339145634627977854274676623749352
19.980493374372511143673000940423753445245703624715728848243084290255009252961053169238977834796557823096613963043221186907183086
21.126736166948599541199776637873557652742706136141971476433472209879283128914657854790658508743577506006374598764852951731576354
22.30607392383513352160437245946617270231691490372054122439435799649932880588214283513392580970763934933751183594950162019063327
23.518633555147596402607276587237595290006419466261601677556116030525071679293411464292424677947809975586994463420404263613894659
24.76454630872999392959122028733718400095886702959235465445392550437111619715826727907481502103710368311080743947401373340869168
26.043947854425852902010934592816077653173020313794889638584437114837322955087371392032377443092740242816854239466314173398227174
27.356978372054713397979520589390863043900327241272917730964236636582581219691898670341365610138754046471276683336058518222804272
28.703782643241513849545522846907698699692897089180241704209912907632749704450209784361652995332025373207811444987129289620773799
30.084510147254745024824726657311852224716446831613150901642862161768476767528175565253975960926023230894473642914283864538739791
31.499315161018238752694255459983348737492729854869587809253940369803266897193674114584618922923934702081293192103728658461756912
32.948356863470997778992899859682202871337219553332450380432590271219472924242565840386058019425311008565364146103362862042347082
34.431799444459605332796271299953576553700163426778907001927462065586257282763872452644033683082710862550455085408226734670601866
35.949812218358521012514143730029077373851485441707070981558102238812960881279784881370282517783763916697537780890569100067068322
37.50256974262502132866509397623205422063610060330371489200391022335107378789552393246468116711926082101322577762820626375214146
39.090251941507730505592609647672732064006661992881449839572643240967777349023933429707233086991008014206606256944195036901980815
40.713044235140666152653369517727867945961012609376326580744898507050227882370282168421946902084957355449037148773893700461238518
42.371137674268556146692166236063057849602115534546433694056144856343926884995868863496254069444369995196156277002625199019372578
44.064729080863933734697566820927110040792627410665203219443398137971500512140955444337287993309030259280746278877962999671992228
45.794021194912259419358941445332764648807032511558500512727578020118542942078096853086302603111412627678793864866412689399680033
47.55922282765812887962450597906290065549608698477879675683739571184288204211801371432962840987689060333826583750314300082381485
49.360549021623591170080897379030544430175450383691853892832259656271424561635866481455909017017791381687078001036869620173626155
51.198221217728813509529138480164882908736951130492325919194997679159819630877329010701285557258567358644344232307031604138896651
53.072467429865889252097243688231342948357068613185052955924301246531228370430560955172815309291115854580050525601298939485276728
54.983522427298604492458131445752163531327964856129185040877831189522403576529694424566767566238750997186107910926749633601036909
56.931627925284576709683792667735744429632119146494367416561767501097647193272594808810361093088907817974982713560233339595545625
58.917032784341487632289646912897080589719898472498398114767549740412151717549496627556085324766709661571194064900645881121831242
60.939993218606296221740370792600069995115978816461600404677601804101864130847935390516534230257386761881297856343340868524221384
63.000773013765494121842745019265784883537955639604039618617878419260864631135244054895135516009960039319099396896292019227241344
65.099643755065828051268749703971211723529694869463285475948025546089443920853493298474949250912866713710733809445741941487255005
67.236885065948651146209708315507879841925609073764344775043529240746169840073803051279240726410795279381387718219522869985892273
69.412784857887386511318541087130087845634644085801443862282177822135295165051193669448191094904367367445615443332431253405817414
71.627639592046720177546365728760700679873881464116716277419741269977816011487557303594587275406061829347218442813184140937587848
73.881754553424339204148995343241329846124193620698199354078013719366809579710421151985131936463831737388336131677052436971107606
76.17544413818157122639648878921766710466278469894649973747510782748817733236286921731733610341535712778675832909853556738827555
78.509032154918470184769699724771528227413766919872466643815765893072356112149832643521971261230076841782748373471795129353173254
80.882852140702066800969783942607851284662012988002563054156886795679846029873637502232563305493087469633757650301725220881605881
83.297247692714034476895270777272906845048541448378321986108263013615781519434382904623296559519285196769145575060702890116945912
85.752572816446324085682728127922500142988694824505109940112134720913937041438254650493485359442531391024117409130154193574230759
88.249192291440851210426506040738906703150956034837508815650175865800943574129704376876027413912621157823307470517737120992075289
90.787482055642582903686311772443229499588583183688425596844523955161812938237702836046482309596988193567034716542841790831238045
93.367829609514929677497852539794843877516541908089903147961440746252548719042969027250617809766700947680493534929956603136945529
95.990634441152826266900690401147375077510016084732229037063866821190935485963416219879050484236669418338329182635784389828313236
98.656308473722975980751054423319605716490319331023313637593443936555507842950168699286015917145733181257683120987408510303866907
101.36527653666321141544267488362637820091534890476610217991721223391748974897465667467771080697981566535963074165985548446378857
104.11797686218465131647046279943261724150778569255068633436017298452583876574986352272174086052449320844428893409074502918841276
106.91486160874227241013849377896633402631184443810247452189831689685719318813952934142267946183843676964345968914180246354273793
109.7563974132727428752385843123748315230716483786558941321314401720915815583739558302608614913640313938403673203529297692304634
112.64306597414408646121098938100431648719229946737901111539938080821401003849748687740184964744662421772067820784339951631245951
115.57536466692131498254525068712105200221764862744773412368960067410963207650806864869566123435664205431092436331694076731055847
118.55380719522710005455074623550496746109989692656663625376084006815117764813832562064228774251073735326766360038657686480242881
121.57892427916855956161307733602713386992925614180947251940763575377171733518823553575207012356376784100959886152670820163109107
124.65126438401223304069341125486737043576969914339099958308135604249687586843856305908010572813192783691056042676474470967735684
127.77139449202148155037752461726580789895690801828438248874030334744187931429918110221801572809051019050633228732513710150931151
130.93990092062632174536751505625972338244609696728753174607539741696936610931312990141137910045441454609295639501538700481227814
134.15739019037786333274808321750367354319457057198653486836203463571238906618675222467975834946294825278395437459723331411932162
137.42448994645120657888063501660585084770828168752423509651917629005236888021784301248922424045330764279863233958559126953567474
140.74184993780544054150079326531360774746532631807574277508545445054081347176578042790108187034359606744956112882093074597810893
144.11014305849132229674859653798004775097031139751079974189105212274290855728307281519070324769944737769968268594001391768081672
147.53006645602093814543184910650716951405954895055595966192006288526674901396031706953767052127501226479754870506824851238715881
151.00234271218443052227449540134879042845290553980464584260519015610583729898865551432729830357077550111350522422292119128869172
154.52772110222275985468102890713772990850297274336955262850513988671660053589641675799349308311213195384907015139872390685796659
158.10697893884938257777476227540363752687766076111976363244289597147331224052624142403348855742462212325058693172168731358820574
161.74092300826561671689039819273406738173601170965252085859750470174066603193824546435201752908659255714044762288868679510485163
165.43039110604348676530237994523377907019017188453957039160107432907267709760563693684522056093427133344531967487678608682592512
169.17625368156654591504455168750417534771681735362304118270692308141491903710263507934933414011322383540128109250254720512076859
172.97941560063576863260467066060566182562787922536417886166389158666052951060810603739859273905974799943434508059898326594020346
176.8408180368782288517353917184164812877680887037927435034240255055001903461210139924785265884512252061779415193147679619709075
180.76144050375734984903712928603609266101632962315363964404755917732969218087771555358583530786688501841960896797055417843550012
184.7423030402941501967327712651674489826802269586864105081752303000024966348527475830677461757300379904366330269012927064930929
188.7844685650914328321168665157772351800471316895278400453034450264411299782667656801532882839190382235742014636164234806015461
192.88904541493338919881478030346258187058538115894844237176926295383851945998606085377624472306686869720196320445780320174983506
197.05719008614226742663660278028472960962780015538646321583557698609931104289118145397253441452439093009028904292790051334590307
201.29011019904765208829331247469946261036759323518320580119456295075113461063433820135499941541437149792704594800245660375689934
205.58906770840509461294929354938677708305995847238285768232917642628210755463576832901200332453547493576004893865618760960383317
209.95538238543971548441891107468158750929709878809339435647315444891477284182343220606802271675178132794919161288092612408461662
214.39043560044682165131064078059789640156591004597661046186856608697780050609790079310597686741310538194400263231646069544132029
218.89567443862685155308514141728723376616027228045752529791226093023398332086532486781849275639184078415034608568794262656264272
223.47261618615131965656363133169472123341908004057115037101606565424264956216656353438543009866533123537345069215547649181653812
228.12285322845214648371607082906811610716255096080565689343281834512220747307880859128888495431680564124031273459132328438308231
232.84805840852196064732708910322253015157242208264318096221580722038927409818623295514739644178362238903480969479813014396374435
237.64999089975646937999082973535796418417702516728682105255680949622898509678352405822152864666931900515095651634723780687874027
242.53050265574240237731713832634188473306923304429739255759173581267748050126525766536778434165247249772739696729492417769491455
247.4915455086158834489624556203950612256275322546265918465266279547306636901654971638888969467051115078515351266608233944174965
252.53517899845565149125063344742467233527837110314403822249029690667327816233385708799590459900307505318297082918890317665247134
257.66357902896434998628020426685097961238329717067374340191570119282397148149432862192635806496985912803469582418124754539522446
262.87904745983796052840136163424426108370806696871668390877973127496637074406800497949224190375442498967014673157192670532340458
268.18402276423580398197124057870278859466322267689786043655401815273335299794274112551129286890220593951746889810419694003151972
273.58109190127445967870429600226144614784627978490341244548569145115482890042362487069459834517878232458507857400481864735930845
279.07300357927261198903643905841712021932502232784473767317787118748372416703397298518806435349936216497462801217820108916056583
284.66268311657211701418483117383500495769589917362282339688788855407278483637763598263505532664901009976898907212901102443192328
290.35324914442506363007871493910132247468114987204842405149429704517445934420740589250869189417863926452892670404141470875716956
296.14803244229135059873935484066560775368638031308542105207955849391990239750495458159942871139177856727312492717855029067200702
302.05059725202445221387384186196420965810809061402117226282408101016896441420414415150913691470744936165338099209298455029754472
308.06476548653836230830184674633798163309326417084379143216877890452324989194315732901783087478843001149955034616492002667465913
314.19464433417322649278525190307831133915297937155940339334633362284567088809707855728454489293570149219880488530123070221647604
320.44465786674830481027381174309132421147278282098118470040902061846509794880191233534022309571755992995471131879183023878024241
326.81958339335724783087755216614326986764947519435363457480502937562408028968527403207752802992374624504619947355807416772281954
333.3245934715473397774483023834814716987086124827061204844520656904906547662368606374795807544350158255703062306037930165551294
339.96530470373916607171325746564972481252006380063885535023918037250356882591570953012117048874052433327139147201505431434773524
346.74783472473961629147899612701182490239377106367845426576934267032875716452416769720554013843394964547472148246731138415919573
353.67886914687737607129517143265851516263069765207789697721061304311441538649704282600357124423908043183464324821963233374924455
360.76574070180388035556338177417936399195178045540610245898908899075521656373549873121521756518938011568551105773077433041743677
368.01652344354844002192251320339714665272904476809976906167993382067299236899516168539440690186603079357305322844322654622201914
375.44014571498493481031395902881168585312238732206052442329829857537192121796276466058648908197627661872398376932484938527150497
383.04652671517911718989881235288890178216223800609670364622205414929876312010591721747517766405188165659140954796553193269165704
390.84674306469325370956127773084073322599229360218050048585897387493088582279648723139847972131912403222818381648068362740644572
398.8532339399265035075444272887172738605147983732724432993634848608032372171181490918111621229972636869546446596835711221402899
407.08005642697413742067075268141892760173746690049034636358301900443725084424632275724032287684421718610920799451584812809005231
415.54320718515557596343559075510790749174337346768771987471480667531184490767876707724936730188937858634625445866683835065176551
424.26103303779662992461902182949646765629438206503702236433190449546505729044454936013587681839333426834556199588694129788638259
433.25476291675465680165586942774889043951855974591620000787955362772150440297542956508521124620198704631365619278936883871675297
442.5492086929443644861491256823113884844816746341257542703809816978082916331262768793685910522231977046108558521345232510228394
452.17370634171577003175754009181498033716120316365442155370202876547223236106862359844584040028372758023146018721117621297468021
462.16340797398560884575095501438600623818230293043592457124980173527376686612820714607510378845238338204038406535002575342630922
472.56110149422920315237296273368006324007557618041264443082048754165499883897063548918715655233269445302739187834423476278533913
483.41985174244755866563089082282943988977799405416981270286437969932062998971618227235881759284226636293707626969699633074801138
494.80697463309289643290097110832592972110822421504943264469331403333872957324242598610614876970063385283237500987385353271897291
506.81028545567064182747089779833338679218149032222628053673038938903619757341487672679108490887712622914583124899647697824742366
519.54847557145815935737655913765160298479006371596146008712768091166656552331125347105192872641630620288899730774741907284675754
533.18960126381929072459320489653546114626764426556168877342524243615700849519772312821050213217913735813325215544503520555894068
547.9872775022533328171213806169065160414479609469423072936437876342152853832079378290803334212875236332445805829746677889945583
564.36164195279214248783723514262823644248410808369990962859992731618588656712512030359856532315565161812132136617742571575417263
583.12220136087069811885618555488631988971349880542219815967427523591140795131511033839562813363967234030959571076492216233021634
606.37040125939492249910578517465961516856280206127477058835924338442864568525045129727644708299001305767837955101692402986378683