0.012738373009078297637392613810013311154371943988639634247489898795409349871784469656179512338704671493484294966115177878818683373
0.067120408593401829341513400759533410563936926311534345878885360414553571510359757677394173536846876249191233471760910523945377904
0.16496880232990038473232258000433461764529798117730178356053139281992965628664953854996199791023897689366052007724378119959630609
0.30632403940493254778648314522024047985527064613175152319979326252006405290258967430230722993967344414796909534276079641371876228
0.4912158996294573364028660527078676345003826988904570454183695081979711410886612005900042319506247639108746792402274128393051796
0.71968052770918790420310449539837601772498159480497838351348876870677766015399737694643476380615111289881884222002694952084508498
0.99176207297110816731434712961973121506184390233858522058723232274207444040916360022368020374671451123105279519011767769262240507
1.3075130345588525260509401716564198101523195148188299262270628840957091836542856047627026643784743888083132751298146667556389625
1.666994396550139792530799575056138265431496259138415829616910973361946384389690180995581644197338065399342083260415261951798851
2.0702757194107403962834691841988329024385588710529894712040214109907245627928559156723757207622733471318321433395224927829265729
2.5174352247885781291163425198281287477988551566481658212859838975793206995655212748224626889508433002676923630745387793731943948
3.008559884187580693528903344490660927526903956789263593261583987374265926892796819023888763833719504843331066217280173000100478
3.5437455151808527154348417024315302563560452712343974489041667063487458300106009104574146518260404751432434518470815144285936944
4.1230968867092802828854432180356362084322407163833083221247694804298446311869209092883060663904547277455249281599929479642586139
4.7467278342837278971158547359597276257945651833218300555152555062167275603587590562893962127858023352211432329839589547752406623
5.4147613856425530460152439954739468459456276070093620456567083870022861317270019819402936199379927913247028013322028778114424131
6.1273298973214366073123314603831524034599157143170232827602811880640005605804310066217934656155103270314693798583880353331656016
6.8845752025681599383300795505213071428543211412003607631665650748146838397049819439988648688191090723615287389132455139484960982
7.6866487710422631890416548735024425530770142940296837482441096357878481617851986607231900348025261774336764177629897057068981717
8.5337118807626549708959668418708431486264914607939588057535710750996028118813902617401759136366757998223356854575472259100793449
9.425935802798378640101415217728867258106149737267753384684977511113551415144562849066293825803775028409225985250745385444695084
10.363501999235841135591398813872484636726060237819859767820694857172486095682187099248366658168191787956300430263397010590848976
11.346602334998545614743488375009238856232548582074543837061843100316700092252379605117439297713236181863746699855573256928987307
12.37543930414221856095032348429564911266513519212228364294256018669205231456718874698785235071348703100736312020824208758946638
13.450226271299076482386375908287508555480206187920836189090315205132113356513877945949928288967315077443969268862704358074974611
14.5711877289999535500414743704943851576985277285641709677082246849089668008174853073478700171312513130907668105112852412142464
15.738559571662363646030949725157624092966700547006513049105485233274280016210431951062489093918290327888183736592123240122112997
16.952589387096647257750689059076178925391052834050361520263326249050500746618190520135823860329072650856304697206777736182564241
18.213536766451579602965903925886546743447747115392506675439962623479436334513944313265911711227983169528144084879259590840107846
19.521673633595682939085857202322814377354076913953440265601614142759885843365461126358646304146192781473490868209123142678608211
20.877284595011551245825428464016228265311264283093197760640843764296173099478294274178903426130937463201178224254365448612791382
22.280667311368386772634696438174603300368232546112502871729104764774199236005159285684214118789911930547899317108665501148833343
23.732132892033367706257495915152632714410896303628457141936560870363304637990793764078202870306548472014915650619486308693916304
25.232006313886199582398563594913262180431643339049873714879728560550542782447731883751746000011765996739416724783261971723239057
26.780626865914127538459843246747471379242917622240836322859290337805948192096957517848255160267362824947760805006714935677262714
28.378348621187783376994388521422285605452785639865929429604592782254680822746586692807790712876250992215358949432366663960634138
30.02554093795260914499948143853026307679709386768633442941888772842848527406742131642714577612883746981266721480092833777088006
31.722588991717468669793244227602165187967231520155568733498832649491222356812812842503135246381471508822738618774111927731927796
33.469894340382811962277855396849534753453518167714059377547662987224898623283895011877091097167760349237947157124587113149545621
35.267875524626947631122432893622277246956436482683873798515495061364015471047627739954258551560715260626054487705464032126325524
37.116968705962353679181880036981299263689669838900888927943146404864107591319242652019586745295098835670391944872177511985323918
39.017628345086488364876089029780848404515128207468322043223936227207404147613436302594310659849305150835598867067613497950638509
40.97032792338547617762327634677592452969887534211942945372125377454269995102239009641676985823265159399903595569148425526900011
42.975560710706857408442898556686657504341688420432745133089306461628673057263663897502942442910795656801574418459547429026577631
45.033840582802156533263821792434566762889669054753912581019940940839107589944724520306364465857039815720462285312166761833195787
47.145702892154583433308639393429093019146656742228318465128848793685132215868509535261835130464477163169084478587970456114071337
49.311705396255415348649561616530962413006483327199471474846025218572701807504399236598351722005547689357595174100679306375239098
51.532429247778712273648583035246514426968083516943988350962505624017536462943781466492889504877915459859004726707734849840506076
53.808480051532783483470984441070859411894800849477343378255472591482646380973754989150583046604624463379537298072194598786917383
56.140488993543725141458184627973117904233197670891798981926964650723699237927784895600583830914738649662367452684989887420666373
58.529114048157664793505453540080953355106705123272841235292946046556775029016213659705990696510127845068303413189879981413366915
60.975041269641284925126310889938054856796142522462618614097439254397825553790310874629002431560002950207598000138072446699743952
63.478986175423047645818794843462952610631361221460543462752517551254163564847242419966141444559690441285499585856168461816063251
66.041695228859869532453628382905414622837201657441633475011750443351313378572543469773212822984633977054536632656071416787022576
68.663947430246853239380361646157955226914464416967644148047362271987923731818562755420244284792599195910383656087917638671088264
71.346556025723875881395970122418574108870397777492894570556657045593564239272607763568350043016853768589174390713424194274184349
74.090370344787233345771775359038777852363185623412892444257524610915233673501431904411249215878166951180528237314093509225167748
76.89627777830445474236839589984076402042461841033721983315634395684354325990230377361594446879967272954905188904850575729919504
79.765205910276034330552997329274107541021607367682383170079448950827840654785953282916282340313528765503335763724372421493684015
82.698124818112818947982433801459098360992459022346986211992970175312427428520389700274160709418877491855401873858247356648792908
85.696049557929874213466327395101340692966989660378234805113454421956037342793090920237656965155347657789708615864576952676463688
88.760042853329469146856326461792090864168137055607136388207636163805329028012250499577705360375375584537610434694413025226979551
91.891218008395880125650100533825739215757370316912769056015316835742813176958595594873478495048918498851610555916079455299875019
95.090742068198608272205772259179214396910996800925631052271590367372980213303776303890743317803534288574678874528463645560085737
98.359839253052458112663432477517178454816685400719915023177321206107018342024687629104475651137546786319810164853400992016297886
101.69979469617721997501325254446487616862115357445294409143584279948057665192216055405488394028070340184353462640154782257628468
105.11195851831350572640478729198152459197949566928956850996264857674546177242768825737949082887614065366739241333075467600080198
108.59775027737705295309496423141334316179359145333938472652862784697929176184110589535536831634681124185272540940876391169024181
112.15866383648282940736058201971616140025816124123751716184058512057775317817888894407296985589116292550094560002572757071342022
115.79627269977703024318235053415258807014917415210965216055805066941398153208213564731732058033990370942712253880928741384814316
119.51223587264273948909607480223505007429748066707151646072261529418135709268428223779910813456872467815874906351483427496693897
123.30830431119241645265242721476673045162592610997001274363908142324712951963880343730261478102035410748571047662762852016544629
127.18632803577069882105131925460756148072221837138350108989150655610358774821148927924635703700621920220974807833812164084646422
131.14826399476323647335079428652815286222434290105444083379941331976563093429356210460351684332303882815663351624965334355361505
135.1961847787105497832523579427908430408055701212985051164811936860136466207389444717180194159090623326513208592990211124849268
139.33228830101837389848424288903473436475511909863520556391043197533560878951446705738649591765732975373964654501280863489731586
143.55890858100908693695929350965063651663851620841560734578304142799464490731941375126253351195308882797663518947349378627783389
147.87852778838937919507194818029134738227071350706232822480390437123898524069157321209650139097859061835277231072895453826095027
152.29378973632139590171638372655758257364105404640820948903487232459580477015651098066313089854898790510863132911903868109211605
156.80751504432543206298821019723750455971556607032675259170418519320374548765739217428968311106718680725595453082152932958546191
161.42271823367690772424989875170111971673041550322776464994455242321338513014405609761012183375416369533449290974240769193049777
166.14262706867213621569775288334502167823328736366754020422744763576430574059748843270793502906153354310059426844733600809341889
170.97070451956446217569381901287729778889720047199884577115915805062196847292596539783498679422498732897242983178538901691363038
175.91067380029466294115139907185459634535739602511760499853041389842917614534858729079171544179348483198357088995752422312695873
180.96654703053740593382388979490033286508716942885230653545338040097363052806485470383161046227956756668451797408891769747726819
186.14265819260059161044115274070935186558187403982856358819037847587778883541470147996340532089306484142057236865286420553855846
191.44370120675828373844442640841251957888821858467313921188070976583862502771861322343602445651670847038499968583458324690378978
196.87477414367805716671446606622229188153545759277537798731653216571751352028224833602300176497998841898800551943317356271516696
202.4414308433697352398168725581276785849140646301088971975069848882926188301644166893124177884069074942165793950733103787011657
208.1497415353553331612810233929061937393730102947398314130632830020624783702573529819516133258665953126421577674725848406892529
214.00636448079370172068095495721314025330478712951692045353396381255781394971390882799519889871802967679303476492073357941262281
220.0186312211725676273630518423200475860290600125210602977812413367386072352301026047809597713930821081929198664854035087621975
226.19464877300063575484577556454255385078371441852760899634763991875676129274250072720215276841197890096591565310489462836518926
232.54342313083025295224351379584835844809211783555977295259130977860011620118814888315092112623913094879556176038787294544265796
239.07500984577480913565400598905832953517965310077772903869683323003461557990657968047561762991235255605878533450745285095879885
245.80069940444687340479114174551355107910334505811392661113210923583628512313944534010625917297804372548614135568959692013741391
252.73324790563817200008972453911915860001403666868919349908293454082625925082172213937728354151936448867668431748080874719551363
259.8871675280573229826244920855897250922817886858328273408742450005688102306248898398908335575924772975490256821795046095806458
267.27909715599487612184120829522233914653216119058804617101756238441003604167889121962802313165293960119299161312219732614597098
274.92828235367578105968748379490416687366729426842399779004158815048473556451486920923114613666477204016123728139345566008547169
282.85720746410450323580163823483183448045055237818591377241723598605704677308761236385334674955894373496288471989737363342859004
291.09244411091879940993956724644999698296315911860161255273024228650124430097622725537215862578029871374063074530165350295180459
299.66581550897807922123109918569323353150873115487470802216261049381298451392472316133994924065146530602247834078589373688806924
308.61603549960358650382534599809245514548300431189402220844972179794176979102004761102139457274760803256403664230347825217524598
317.99108640861561665148354464854533978413796400347248930344651330621127652063364570972011071202340283925946041196770065182194309
327.85179527337070271852291200920157211032846841550287849620207396160890008043803721167221786335492560910323931307418702224686783
338.27745367054215417108654142561122666717839709631170797038527397966180027959987538240927582712261796127181921494057778709993494
349.37514572918394259244998097091500258414348321824787176479985188690171592553897158385936872247620989897736029311663665994303025
361.29635917600964528367780236119710415328144496598369751578521179334090711203081762664909827200071071733665340875465344343095772
374.26948384554257373560009024562594934550165513386087616109825465466665210575994718712176907199090628510984963569698830246278852
388.67246345494440420273283699310397870868025471042044638156800843753772532427470483810760099017169938522894322587982892275727676
405.23262527482754204445771918776128259683675948907112002871300639942376604380643599889712660329588282159408121157430719268993092
425.83540116653152743088267294816166792859874947135525279314926232444704742315291487828473178092570715606631754049088403118460803