0.0069342883070212318259405926688708228697309387455119937878451731949513974569934060260176355448128730263724792372383163835025434902
0.036536784312614400673464117161989371555328674322575914641288383538331643904096017832528168515276192106985703729519827269415927886
0.089795710768224181549593510476208074795347929869080889860174198520803298060761766107755917153004764808301214651426421285977893495
0.16672591977990545726495779116168543657844748902053714274049680396889551076249125046683540561278978984788482255885344618672436341
0.26733322868340191226951287707502939070818482311807008876000654190144986138860384314549516331392448855876940663773460599727144015
0.39162369831370611168029697669552012313475671957419607464292195044660209895243328204965011452280249507709743287120952307694967712
0.53960450694477765244822020705741052803235230007521392598045641836550369113650020987117016284634646264605587215984134346167185551
0.71128411503373026907054897671797840615997797734371570568771980155999450581723656500643216101839706719347735905165577950973081262
0.90667231104789280126119132030533775074277567850753364236147597393536178612911674573831783766804281446162609608754700603554910018
1.1257802288892549199628615059001821792364287821469747509725332342323950955207806611140614519994387603433132021840726033524688173
1.3686203569704282961950178637193436353565113101771901392161660895541803401542467003197892638129298411468853516624484831970059141
1.6352065445764895154030351042522395885225938133427951473237403132532567273846430182368855638512362306921893361211311394110594145
1.9255540073876914841691704237470881877474250729815336370471302503703360195797748781142499072024860712767012321214925208152095718
2.2396793328728486174188879663570559478067105556843631044355852062902650689893465839191805450750498984603799523652928830590276892
2.5776004858515961380872901645230498892344462556170903836183963124877488027218170075182393510168741347765753361845286672748662127
2.9393368143626131936363247993408590434467708323516983991421871920090189860183380368203861290374501238612293109625741889547726571
3.3249090559064339906083642869343025347517133141959405268342050133179077604527290058249802747165910609346592322685076575867840662
3.7343393441003838542142627183655297833611042365368165660625570710808989360335606497300851652884662875197788326405672732248266515
4.1676512157683039628893337054371090654228027722932922629781422687682016198969332088874545824600786756254473272720149251138445537
4.62486961848033548246599885179040843107549620936500996667453948114321563140709206007434985038365806675313162867428703716173998
5.1060209185542803489122358183071878600335380156368536498548023102710010529681957759440071002162442039155325911464204898785366277
5.6111329095281584345749856377847527164420948949159112100037567745359641160006090628447861006688679058515549044439992932749472286
6.1402348211126707164900031368370139676748161400516669710763706133782437888701533527771976713384186958469135337182515396366103337
6.6933573286319144313546210911331232375281674187263955465124698184701288987423847666525326509658201626111577484133673667815777793
7.2705325629606468992179800375889444808866243900600295196464949354675049091935130790653224093397057497400897000006089105235622446
7.8717941209665335119494563982173650104015257618336836197752446101033842874224623754554221755845018457982319136724576191463604005
8.4971770764660717539488978143604525985344111989384496054103153802072005875305102343115471679048681639011395922273843169751844664
9.1467179917032166640408706102569714952279395269690832237729278016881047376954921592703145421488016730159580711773676089104229181
9.8204549293601203029823486538464787231797440417235367560235666559251075095736926724647533554918504899235583430236267461217062467
10.518427465109824644500820805890768921788794710641463693882347412082819388706851300644040827460328018664780320789149754410059062
11.240676700721205602332448735915707897215487377147471376673612397416003998942659134342049133182876285264274136512828963774856249
11.987245277726950785507171851310962977963779754539459074305095891265976633156232295274228559882730393864384816337377674446926055
12.758177391665862275018721905168998664382115109851470518695579524124406516237109460466126317653939024725904416764568061956800168
13.553518806911306789921182972130800848318298224258700991315492878697357852883238091517736668472662567728630239453450947473020284
14.373316872098188462930020455709070463220327612156465269090680111458515273191268843123144167161066776818957423004388074017303458
15.217620536161394042292855623507564761720811108254235914642292489958641486735206544333270060586951514827484157713537006839457989
16.086480364999257032502721681827950170339842188110443518940744092236929300622851009073009604666663195049442249012559304627933359
16.979948558776206711393711879180596573629186343544257138093705787711361503018519369272723564100826752580286964644022767551842165
17.898078969879410950482564939902097018574861213058497502352917057421894801524078108775867599991224318779061036315561802282797994
18.840927121544889314864905724172193752589253607636344149563484829874054334696829163190120979376071636553257229148533982158838185
19.808550227169266156834854871799944703875128175647380362581877179128603766201032007612212506410090457005316311797804157146104176
20.801007210324053587237747990016463849682719688294991641608736020076712066098774999057796327043524981531736501988747804096137424
21.818358725490102659128042878109305885857383758774305180048578122440731668726410468815100864054649780921886719601290318043780712
22.860667179530639278249181533786842442216647288794975711248707909016286429709456803284656919161499065784180049968530859831960846
23.92799675392211081086658811288425818081762992876142856022886000330521605689530698888898468571614659163834512790446737472973097
25.020413427762911736783285487096150470458790932627124021778070329933466663588313121615581456474766463095631050305490584531383391
26.137985001580933739957778942360972236936851167347488554534205354373580341122847915492238958833181204736977074405127213946102555
27.280781121961799191451505690144503615640268071233029027776546614103296325928312533840660897708925228663183891267080006042405101
28.448873307020589019016486950120222796340541201335986061273855330948857579723783059897961391560291379067934369427193261804729755
29.642334972740868548820415572575496446338430726211528787880459868799029091144044790909873370042660268737667630438659791535495574
30.861241460205850243148068384866165011212547948643187333179391189529130816675368214367857131485360877247138014434949240962788797
32.1056700637476126674052219540962455818500753794148215095818078724689391621767693680058043721204476399155013996738439720974545
33.375700060041422960761419843761026670608467248358852045475341145448493258269884619382608467563371391852891844235101070064332936
34.671412738173388162743209036219845426734413920284191803272961552839310452951014550276637203627666603021127639417884414991448254
35.992891430710891722960334129731718954944711120656274978879697413740751406542728926496585758038203956481831312192745798290216274
37.340221545806558317529330486449332809896646479092700308324884188745131473112715523314960656682034146446984213898630112852402984
38.713490600367835813962246032140698211476172205993916188668104618936018020956796025481506718442165308505316339044835669834327913
40.112788254325691154190253748491633269724283618421647030423027343064029477437982979223821672380607039958998647490337703927619935
41.53820634603739055123059288459119208351703424779548953724015299117920082924680908252541520900353376680802346398104890715525791
42.98983892885987742116010748602141861187661946925065874925391112858528157581371735060661462941569740434090087328356050604727814
44.467782308931877829894824534807532323333154999924993792995836418436236926045413538314478590075378230093576403592600158487642545
45.972135084204557100134075888439091325024518806368261564287749566643370889746182849353509169001809279094011609608365400446604075
47.502998184762327036257332331509989046686654351525508433444650423476257196689072720690179954058280060197462430326377983484562341
49.060474914477265703286918318245456376836063277151514323027859531683863478156057002286332894534509792044826834956479252539775083
50.644670994042565860375723673713353935884497781566806197960389588205158519355196431506021798558307920296105488400065407917116215
52.255694605432479342172126938775577108237654899245752061275109284845533951871666506405183450531740993995430583261889022938833252
53.893656437838378591091651014395888291109905913022947795589722955423255405708215789027688265159639893715615122081900074450785019
55.558669735132819229102728610197553849301405748120520700713067418658527457523823659002630699832305585787447581180476639021233607
57.250850344915865476296397561448676482947332586068251248273202534018749000530307686362156112055922105689689965306474491010477528
58.97031676920044025989425044740775022357212336281610236859044763209290642440465757742538960044366032375844621739921978079368258
60.717190216796091355324050370022431861969917525198836646712280708604141231719384441072444777050932026761317554869138343246386742
62.491594657453331698040514498720754418119146275423464275303600651938157977865728772170146703887921794530896319473212318543718371
64.2936568778336244692085110972616943987527421237932499707351679581641116087508680922369789265571603772259323160128478553795701
66.123506539373150629671265302900108045832628247636300025753270949373621627028743368563441855608601006869013530620316441407425663
67.981276238111727809124868727999771014171693327258756231020451365534319597885893436616438357144425861677650272683728851596170195
69.867101566561655067682756165047426329583822901363843953228170656340412396185087755493621439092257491870796295873263714383898162
71.781121177694848965273849255691487029502337580015192869166341495478795256225062160536854748027848163962232397555937401086688818
73.723476851130424300303503559425115310718633036570925309624259079553843190910628479638403420544612579442809186516325762528887967
75.694313561608870342592647237564706761789842170495665932759843537879616587369591833857880729190343896990662130129340390057663487
77.693779549843193812756054110887399619608334177079311327417609306476265352242503342170733036702408175415246153869237598008103319
79.722026395841857644648775602315305580033462402843166882327031362789820869870270772683680752294098029238635436331861229228324157
81.779209094803055148933707367496739911596895520144725555932757780725205461578631039543820013979364912105773089289206799305282689
83.865486135684839144731625607067575486327496334233082240572242289370072449261547412122363448069691676044677577813186959060823856
85.981019582560892736797487601824597653675739191014247927968532458182191418585651053141937259266291345135466549033069455746465885
88.125975158877301806434900495551518872469908528184607537932340371571629541238093801470060675125052948619501043365060030613894007
90.300522334731589509038230204498712027512313328272940743354711095435096691434259834115178615514961109756643836674259740759326467
92.504834417301522238720514301405297855179016001773856774262208427418857131136281735563254373108038600095855783633216816979891057
94.739088644557818426912164703693827270946896294198288513206896405129521643588390109226656115175014953761649871580160617607976738
97.003466282401911814001984570969865789794182550265972028864228362007570104540641649245369412437264553641106931957438927634807427
99.298152725377367086412033983653977551226701967818167737066176502377692959493080540624497076769459635244284108908032769379964579
101.62333760111144778233180099948928501132339865281206179960541394331099605595458052056275704220115338972241431324935148775719079
103.97921487865172626417137804570129027335567933768033701331905770779329652392049764282339336787876800412495818893550721946663329
106.36598298087153801863096106968324827254540974563334099050187888304417340541862269892966433501271337294945580474298541756318997
108.78384490112755504531426268508266611953585076440360459740368333160543281896595666871900229841404342000280539746951128707883557
111.23300832436282613651385796196359138614527098893677031515325639142537826121289650749994024262528780035783750748907346068033494
113.71368575285934924889505468033567332059279474263478385610387843083613435594931586271226554115504831691112055722648070342664247
116.22609463685565034981727056756164042085587167391973778112178838938214030942762697557073134680100392317722078111106933970850047
118.77045751025699546041161210781994016298693498281777867462099294514453734060121726043931673935232679427874491226239037334460146
121.34700213167881380083817433093395249185265005908937208578979691119307494600571335442628876399433125061735244803373399946276611
123.95596163107772037503762197567478361511047598596862714040447549495612764819916353381075527985428243765271702858000982675631923
126.59757466223926158264844867432657030526835653099834303056767956006036814178899113336270184910680890393482885514163944463268545
129.27208556140723874372628039959093868452199319222017596875126976019482476462398284981253917881253625217967919277401446243691133
131.97974451235626920226660463022169278557986678016946133862873494652445314762514664667949998980364664789712274166006473647599728
134.72080771822720718256335833537474579936815075830352169121192179491822491860018731520080491285360969632727351671890285871762562
137.49553758046425853400527007293953733054658253651231422301905821109427753796150805133660180405601631889250909622909748048707745
140.304202885213184864690629809485439247815092192184790288341557435759171254539905652626424216602392198039020586967721598921015
143.14707899756201233070759098351011913248243250731376842418675596804732240472907894097531635217917967724409618085893784660434687
146.02444806402925748009583474388345014426400431809913920111088770836600330361679159783495019622545672679470961240066369157046752
148.93659922372998699758875100872761261631714594376900479416671952945211654320089501887871050556321072705959261228515113811319007
151.88382882867718202794682520271480911103987581409513712101077772944409152297548567319447376275811772994535516633932301133083287
154.86644067370503642761779389894182597535964263659186077094382699099679818110792731771591244080826019756300452998951210296086796
157.88474623653215205988080841796275524893235921225349094705695107981632881641538447347470991026349312699633625876124905625056325
160.93906492851628973546233322729490463490212611601175325792879458171367343910998267626532195598617590743394115590770251806121081
164.02972435668859637466624864921979056252888618989609820601531173647280196030135506791825192591293096408300293801425850219116448
167.15706059769428230590602831778114510512881306059835561141061594653652402069275109692140313765171710920425804557286009832491219
170.32141848430881452057158918812023545004779293774058137443508418285013479358385507140814131158776550104958090773902188702138144
173.52315190524409418263963133259747184194899402032598756816955662299488866357020487812669880516217869929078327997156550202490767
176.76262411900809934451273745544581704215360254807974004967406974205983667295718941708930766274587843570438715063230335004767984
180.04020808263442697916272486897905582178888440668316938997862455628662532211609686448563037757256959737445185937194068614666605
183.35628679615542669465368067766769162150514713275095885463757185956771139988487751272014389158961051563318546470012784496856357
186.7112536637545846849766770125030402591667053690009744141388902148539789107675012372005208800120985491211786463884528696741514
190.10551287260093616297805555399939918546297892517333923904087013105725298540296549366961036848369156955047788843628454012688464
193.53947979044105110849635784996504523862966960691066449786440214323384082612997731877204733349713887048231844039261011784177883
197.01358138310309861096401166995635972887961766576034672055108778269617253625348353158013587472985439672376187593582591773899085
200.52825665315325644668639467832911124260308579813262155364969057864516385718044471644574269222953109990588281611030033203517286
204.08395710103796935776338443473115825565796556686840932757368934099905513987151545236385063204190141271716457589771176541953151
207.68114721014702225313928237318070585549770475914006303910433812132266923261682237305366851379704001829414794601188357175850104
211.32030495734291918396340386213107010337234940534224524653921850307616993446809756456535349710777661249666486124419013892189689
215.00192235062257782092787826956166304734456775277081618445212427382913860222144574105245668895608848401238440585569633337677758
218.72650599570890353507556666282067446727552350188518998913772509529668267203143067906081266683650960197060326362788327985405958
222.49457769351356146773257225165988823960434299197974472496415242470462638745264660167139930187672086431081329421541436949813951
226.30667507056952308583050852924063162345433376669178041667832382088332931121123856654913246293795602749734417679160940484582509
230.1633522447041878348813492762012345484006532423728238436692019785561449199287240315737094789297950694398112323330027669707552
234.06518052841271262833658188940258818017901891599154467296580411544292629696049085691460803934928992448805867185820812219594293
238.01274917259846871080735698491514469063642670380418914517539442099210409856003115388792482428604902104677849039687817535839599
242.00666615357536686627729084358830034347256577369840775566236762501182363875142279118525315885363749734214783722304100598921978
246.04755900647749437853190328942812131242562220211022320327672521282763088322812440342249994638442627719862262403906903584252866
250.13607570849774169257415967378474763674798163878284884643867898641775825834971358017867114826370244402491778016861950387518574
254.27288561568186367950754761451587087463579764839997073547817345908412133096674702807515732637322471390517770198237903775016244
258.45868045734112097478694973721857124386485319589036144588253951906898893624069719673177213465278190303698710828971541569648085
262.69417539251914334715704962950073540666270939967964341957383677771782418920500056962060647679025384555736820288666604049399752
266.98011013336134315381555671224365979354725854662502614647577045260931687713483615233481050937336822729397784457001054762304426
271.31725014069308993223969968883413497308168480485170191754021636329610998384212969671877638635640154680162401716533724070227715
275.70638789762165433171771127858741166639617134880653301775579999825073698886635867109960929979712327144856874484820721792165365
280.14834426754318138349812072547484103357532974948364752799482748883206682406616817971977935232935373203360611523822796404798272
284.64396994356715664151189647446592408274793007232244799472996236650781484633475877581614407948243840734331168741208067663029685
289.19414699707559517556187931106044049213019888300420814842263084800768422313915223643353974026326480670736472852743047790616782
293.79979053392242441741216687789799513625045515995173988041056202231659186220516313092692847498171300585261531705037153831245278
298.46185046766168073859453715402940223331416947513297923894477514807007631725759557621835844382658630192013821742486679403845052
303.18131342018441444135377506215851196544029457329365495551676793530200544465891659491555778412741505892862955145527896175102327
307.95920476125891532498929423834671940510220896817661537809128407993541365870312243103180625272112563089670928476031920448427369
312.7965907997248221469514273989353327989900618295469806675703056148575594309891189379052226361472902674447358461769476191709231
317.69458114050957997423872642947277518844686312487653179142584663427091250639344208211175699344562236942993899483472319442168715
322.65433122323974257025566385700391916213335943558761325745071553924118067691734743589550059220262529740275147157827440407665479
327.67704506003808725661762121200289348675744245789625494492182645939563697079485525120557901103873676317738033142579578847683691
332.7639781921636362694241200017984427125187672475041419434044037626335390328433132697876721055615460153870932215834156743688896
337.91644088750455834860945250725361767166922733229657698639700447337170660526697389138032329965953136250704669251335177832567536
343.13580160361970614517018388628588181187413081527220392698763933086027713582487838829842180219586314992725261744279318087374547
348.4234907440978671284439833326970046261672175291197386001074613868289043324862335894376575856185496088761036016102181909154691
353.78100473952956006549374978974287125888322979006992901296484130625350562687943432926395615071716451724987785918685869161634205
359.20991048844171741612622962331182432118663986994196534576935337161689582899541401297769786757772828853709612086125142898909254
364.71185019822330007123280112222689310860817564368604501285825923891177982356219325758446366361853428964230753121234444395603511
370.28854667148070769360298195964480113206959111199984403816134986496307718615801099133555322825950611566373079132348458160470008
375.94180908953933460451436921168399841502095057689749214013752231372937852260380552997415369264062711577742091991521798982075072
381.67353935211322004418219768268578567682967829316158304676695421247207650646880809106940617376619683547412001162992457087838386
387.48573904069437478020799004286390518841173085101810161025176875849975592382206977753908874627793690019373459844601172081105102
393.38051708320578424785292990185189305033001402388079749686984179205878040324529750222845415992905898984083491236903562289876385
399.36009820920949189563944009595069923237124052088891013811877573551700876696351536963478929037620287616261748563866739967633113
405.42683229882278657126582134370129558821221619296347835150172755282725057601991920539750572487047259900345575102447699228503113
411.58320474491508148190627094128036678916296828424922225440753883328291027452911199665052192841852583844432658832710374174131061
417.83184796768638824969139907536515567411359122522032015631962151582036875333335724787149566759221321655472445301027728219833969
424.17555424405263596026213340361248594554358235964627802467770174398520459720836382662077480723744484356865870213414638004041504
430.61729004224568821333202912246402318538678125128155341654596202205359118510062257804502503600979527701982164113778564041268863
437.16021208576466385102736678523241490883534345706904963756794735885228669972722836713503506665611615454705777941319210835496791
443.80768541167094690971770129751337630457569836444249281319791186723951609480190102550171179505350460632382144149675714476883869
450.56330373796595037081549610272823336561824089794791256523336859915031161227037991166847504823599600087837193204153054717446921
457.43091251569642556477409185521771631441234542640506643171515747544790944017762437551329394614071099701864533412059871138443444
464.41463511643407068517608466943067929837753050722125297869445273653277116699284530285764165098296182601009784782514484381160334
471.51890269870636997210873783849242384106387162593807065110926139456273666177010281108341569761404192167666969359374272045763001
478.74848841285294395483026113004877146858090471405827041399011855619934502503710236770319836704897389495927642159224965943190502
486.10854674932800220029902601573414346363834132635660080147591594178867726941486962622894734392614798054889864377352700769273476
493.60465901960423526577801193254271094002568751686909136590628751952585349680774330538246944932507991100206175810619637899817341
501.24288619363065794698360880567206246632266336290510432660616384136474646647235145376561829789515565797938264606603590197507982
509.02983061973018635155535634613087721185915192631827636465698877101191908079755077635969951176227354517558015029390695338133904
516.97270854461370654910169429399522372387882548802053078317669770419980651769119655977307707889496461216728597953350463984605562
525.07943586454207406919347179579266849727221101498734824987771824411906504819047381042148109370023840394031411237875520451567477
533.35873021838615102929428448918087231478367963815897399191782825923423546649753823353175688246619698453206583677878488701707177
541.82023344358085154279800137575952997785195860852336306794116093226400997496813420457825497490521277908062768900948922509686515
550.47465964999041484938905201358504276442623704693824015486060330266878002057539282751395767818425926430847083734769596119022423
559.33397586218469373317633851333572273867839101448629750088736927717557367788648642497319174903827139388220137632917113310271386
568.41162454441949869725993170155679817098252804208928617655064132445212332088803203663369043429729692654522052230203162777630489
577.72280067141505008618511185753487150716204703467806502772003197788378462214422541878891371481382040357277493857310915953533094
587.28480083691655666328302967634051091670475830711759597990781024437028290113140053686456194610606694146224144544257998723315377
597.11746899295284913238253377784864617696391946883538274116124202317962692085124108163582568772528936565755624688669348147336503
607.24377408531946487192335648731084848516493359367081859367220071043895488600276580155419033518706571314461351334257630711599674
617.69057128969184193580775597932119586013747066996221853253382094811875737885648092459776658184225593399635468898199208900985285
628.48962458490532525394692908815077535831684812446799152984938381750484289689621994270879566157724110604439284777132710063744279
639.67901094711974669224778682432278401827348100815173870817250617372004474126115861565701123156340738389849643551261517045015155
651.30509856512214265429798270995392911009719070046604580487260103962403656609415416378934612711802546335139137571850149161703951
663.42541900591845699034090592893268162118532877834173233930859130684924424593960945217655542153639757434640682316078267471412399
676.11299035750555666316091124751455996633683522293356817847992245918889494971669154513298958132796079406491557362901201841592784
689.46311650653370928131767126857121045761192644125943921451394447847617463957050899059728599886847722861124147086803547108172436
703.60468277436728799713765233766075473445957906728700805787160061909636941281439359996835871693059497054015177630971993481085404
718.72028943655519666372061242031009983236662075567411768724406521204575364853879890162126696723906239796805521721551672331976785
735.08568028042092886685666154890993643859918304176522645700961821518906069742509320145272656064043133607843195690439580707520832
753.15797905345230733037918653450640582548232871532150520400193217896610252955298661360387201569922843278832185050058506165006767
773.8186613212285712896951772471613566608467234633125083174729812139231679584134151125407940928275479399773001968381770804417766
799.35812959597622619678766660216069809111458657082662031923110786676045627961155108499162344273357742844357444326479128594384824