0.078169166669705471298674761533442023370220979551937480499049633571205394477647859191616572107349438227699627004465921916807234494
0.41249008525912929103910153653581871811771463132417157270667959334950952280084595100414389690239266098150375891572595393638176626
1.0165201796235396891909368618668855701206401569414246952909095467245149997436690643710031836285205690807251558652501245957153231
1.8948885099697609142672783195412648425645570628063536306334155243480677266507355257507640283003044315429015057266904364430237539
3.0543531132026597511524113071888737209462765453170168013238182889434753160047161016106596325450401589483402290867199690187722164
4.5042055388898928263379557145489659831509941873015323452310187097766733291848686024469226325953571879353490716149661949309517769
6.2567250739491114527420911632631325424397973997243887395810608222490640581249700837925922554183433547247734511376849188431610455
8.3278251566056300217047026156366702569736425802806117873032560246831952224833153358965751138801500053722081281735236149970158672
10.73799004775760933521790333966296316427852438555039670909584115265482967936255765677150357141861314326473762729723031467824931
13.51365620755508981908638121082212739798196977975302403773202475022934337005500550529611413666441531563409657075013709291030402
16.68930628193010593781839841627444758146647791972800020500818534305146667321414769638477302832037133633334160788381990689563299
20.310767626267742856131376455327358444583306013384884230428753044494763769400284481334296448140491435871999074478530109986658637
24.440681359283702765644225798044826046351357120188128596693178880283804509595672136211465940187094705687122914911361311172804192
29.168208662579616131298067780459902617589068898445281729241161313051806341265467972497012859661160125167602806407699361948175472
34.627927065660172145401242943827329353360610031535415155443102420160281999863638792701335902246481530088048095605248607175064318
41.041816772808758139294861428387138227755853533312016804700326880561910041621595367341138861342292886724876659172160612074523316
48.833922716086522748658609329001988025490585699449329368669797779162149128904062559770216135323370379732842034795360416456595425
59.090546435901250703715781018076865483458403075406086110418420292703938917246799307627865801318251334681831681173425132020163337