0.0060620481930641365176747000953728088049276750074598621276251806993899282385686485000820727845615083959116341568244987655548118031
0.031940859639403133196889726759466603089157056918827634526510537323160571815844283420794937602421812460942008318063407665332400005
0.078500006315477292895024890970313132485297867237038998261846921412752469701027230526831213356987552305797698747949814802219674968
0.14575184888071041060779472350264375121356815648042955142024268974270710541181985462024916430889994367825449302111865650937392848
0.23370057220732649931321635740701456902838350485268855396448339519181546744806682981159853558147248407351380520104921705246773788
0.34235029608006663344467607336486101699516499716408781600977281388110585629327974767766366079469915410302656946548102013662551003
0.47170583855680887483958712936419600535024591041047872646868358104926414579608628868667255260306469987244413811706541468907844979
0.62177285918595917322200561967866169262228560245292706916683947716088932669356855461598566760415395722855779188283319152908393929
0.79255789810970932055255613146708526871039106266213790605205044076760423198860838809178917696151812508732062682964354804036070715
0.98406839018129368546792217965385495055803396277125518895137147085355555322842456973810834521841098381199357379486028719559989123
1.1963126716267322233805835699461898410282039133868341322174612290664587072736623176991100746934067550323351607213919183707053165
1.4292999841754191368041726955755175158126772990716153483410979658844389917481828663084024616563255003916243013890471529471502094
1.6830404782972495088612624615001095486984215248229746599633532002122966149274989258794952029190410086825319076340583780171417404
1.9575452161651924801697205708967327078627167988851250213504831893551983266928772648663294489567943796449484972701676660851026664
2.2528261746022206493344534911388619492631495443109467646711404129721751116965740831224898138030278426473981658662958706266931316
2.5688962481304893036825938701223250266631067622670470516830021626103717008143029478228016872221924149387758524164470217065443307
2.9057692521806314604734202297147778990179518164385381642141783403590951129247128453425168445986830539199885978297899830208838658
3.2634599264916800728165582731671125849210988463558284397563372869169655142744372274123979684032462163213962330675983084888538003
3.6419839387189448757950537556084664122474974953609319114218790634619854953554344416476141601302360951849525744491077827529558538
4.0413578882605224991826836199211255337447924002803841651476826522219446219303521919255391358023587645531382845175526847569977965
4.4615993103096468271741206455912133408829592154632624040563940693827887976651586065534897188424613276652706187727316372971901504
4.9027266801382325589898319913585410339866333423619982862807585412056202909927912024896389768894283648567657171279680425742985811
5.3647594176159688479374766939727202142695186339966301755854889174243409992273540109930864863701634768715623095374867252740060791
5.8477178919687959446222655046653832662403088673480008488699252506324432536057509666025307983200700353456999199669982043167974632
6.3516234267803426067006249160718165470984638688713436187243565071200554017370290520134714372161790814009376453200244305864900547
6.8764983052398049222104668810603910698783766463587325088959019329495665208460580503321339316654647912232207563912628034056081199
7.4223657756397460235672867842425590539415760392550921292765150250890431481662233890693148840628153669337439458158601678703792599
7.9892500571273552007874851143688815012699257129123347515801207084558086021784168418060785146749524454697232804330278360687214732
8.5771763457128031060890821083050510211145427671970895216652962694514302948388956186426692476333300619635310157086897742179152123
9.1861708205384544351135809965988668987335444613052170862736424825017346381485674726148594486519052699407567613096866102315024658
9.8162606504128429550062355817352057077980633868138451108489510575502771935754945635361663516199443985335629173413450733296891646
10.467474000613471258398639641335630656870492158735942657618478214124506030551520201457923719934891700857549142304354818681910832
11.139840039962666190099037746947060548975276790109039679605747960977868480521300044165843399171084229769569161121403467021865218
11.833388948180898679387033703136843496467297170291512751654543312732091562872526571115901770255907273935171646889961026272357351
12.548151923522162588934490561006195719053347657571523813115858025186743186732179714145942007606474405554727958789654199709620926
13.284161190696200497749288343909832932074924041533843978257999122570687818439323828042319320740944123018595225092346797674970885
14.04145000908256471169203767583987023541654134669236554891973233451956078508423948917918035290754946668825373390075039007866322
14.820052681241709088313725155038041986873131681991929625728804739163944112287079452029256065506733953802184250666059018993955695
15.62000456172852146210070102725264977462471896964537911267714988429516265790672800260170275521949310033678564862749281811681465
16.441342066213927651132363723096435908352701056136744881970437021011746155606997286114923514658013169105659990082022807700053979
17.284102680920426379253024523465734936590601590434651506333284465714810974150331226909658913786781472799162844859139132687037762
18.148324972377650176946464436026021971409201634463049287379776621765397205445999997890824844882941778811363169898337571076412984
19.03404859750429069033208639892573006973647233290457233728332023064227347503586350222581090043335621986177082459965991264551685
19.941314314022978127714220503935417573185505197610655519330363958487969925015579503177748816029513055752101318704327502088342629
20.870163991214964133894008621209165483504575217193732933536438331283471776848768383092289534682134699416514896292042032449805921
21.820640621021725558030370362391597561722879019026465015078503820237718965669919491084068895155470398191355634732861113127946297
22.79278832950088375028573954672250606108573263506136282474122874180391435270196034801202809961367908138311400743567070236514492
23.78665238864412058881502386275897165088338708134047400803872369955514180936560631049039675776556077274451152290693089417171735
24.802279228565068828319159508639931090335877574933325719698017410461078162660451705909149484251777709975544957648344048606230398
25.839716450065461024330354586896811744537817797325138578250830725683209464852525065053512710092314972741884329447090029263588851
26.89901283758813869741138182995892644461773355205848249839476540946530503143149878978696988715755350916090691417750229726899022
27.980218372565852056812062317819510450549438498950237885828024976556544307507261933825835512002645141573965436987167203416612552
29.083384247175121027465406329356441336182582622403150298949427025227962043920571657944610416124616095716878060805934960482855555
30.208562878504781067567634877926573225511609323061754095919210432507391734413297442486992169041172349214787999967208339291826523
31.35580792314920290404065383543339526839972961948625134259950607075069792332334747532741748564287044783347210653833389766347896
32.525174292236554456580339059451414730182657035297963745816428267888337965995613132107400871343369862807736633317547606775028139
33.716718166902866504892897420375808481287981186738503562029762711077866603260741403541561139008369550780673176086575088636036661
34.930497014223071747374310786649743176669520013299872843835020875775631624648156081681558624705322925755318620465520991076013515
36.166569603610610506031232458416280093281710260799591093098699423051154813283065529030931003838044591891262540194115867318594106
37.424996023697636190782843036308125818993278173083985280488077978938104689586613266541217907339452095861881194947882615496039529
38.705837699708310523128703584575293320849669494205407889836407148986569732346581848424404326216897260141181056042458036822231382
40.009157411338153251193777514318373570314402116702868703044300712350235859895283726617157366952629997581076559317418116793560857
41.335019311152904524332194855810537160908387255742791759055701467490659909293927936907466014593674915773100843706919715645213314
42.683488943520871139510730007201554420139957331377123488710816064930632718857968106605008160824511753978651350395755482539074373
44.054633264093261474725680491410425267228952242623668763114844627963472566687505341387784605460093279966793208034667593258120594
45.448520659847569088070596879585518627689708773708811635748242212080370199053887686803840315142684236039537095111992124067392095
46.865220969709642739318788597230038915592256759964696620700000788692451912632469899441028228399660285425932922630390260322208712
48.304805505770682094979181009317745620319589120954377339269785065036808254029137672953558618396192126437070783735700946228198607
49.76734707511602477851913680983412259154031592276933718153799504644458686146973472867768945976194909153076073433447426832118754
51.252920002283242959083258134298592571675359354960109727279301495426848628809100161480432826909108457075043028250821917437164582
52.761600152367747636186071095796203881626305195043727427554236905415333116049076715166329507110186336095231494171925054743027383
54.293464954794807547632481066144512868191344584873592893943406544852606944527421549841476020131131521745970456588747771674233285
55.848593427777628652365581224533602513298791177440758232738617882936215598767270891428189309938637858426991278527971621577940427
57.427066203481910948758697407668563486502816618847410998244131849107758027185112374580978169861601757020990377440301446496325682
59.028965553918103597473193146735851977086859608895940522167523623296848356495045109844977319431573655497067585029448001905759982
60.654375417583418632928154739242717371031387723432414490939677387617821768852572071164170787167762165235147493323670733959367563
62.303381426876539772099942962878004286463693462855886702451336252400791944864459312924494426743350713618794658875085063568472984
63.976070936308877870291797946537591708972182791918183381734134359375429950869921368201256429739707167100255743474055447402852055
65.672533051537180446880116606435406305758473048038530184184385305462174441772490831418936642511749835755510940759452076704941106
67.392858659243301542821958184478116239290210861817089996985156928078942445753918991138442409021604162067023287085904522964608592
69.13714045788798223322459297372752038376403546963505494291232254742729460305292779270629799519045629449844609445483469942466579
70.905472989366583792347953056060213874651525214342221411772635038842196125028476524002615722548930090019864884402991713910271616
72.697952671595857326053377454100003098771000786451367341177528634617053399601451855245154839635317668401643531895392547277869298
74.514677832062028329495381733403374574418000104816650998534585445485711409664560746616416718855514289075502611401475322878184689
76.355748742361724937923594799217257553754622752061468339072712584797429449295128287611969114810193809565626767076788155181853355
78.221267653768587629308627906384792495620982187212332487690414975613543602673608728170246189258526217591866061912125837369855046
80.111338833859769005521265426676372886673340301324306801495064121850101727191695641746517451852446815287073330899380970737346102
82.026068604237968415696660535116520264933881004094265611292414297154730742123560410539809494105099270553742604777038277609730959
83.965565379386151191598590252450676170297902655322473803604842596713553107915203951243730730734246335319870154751226053013173217
85.92993970669367996369341434710592297015652349540022000204751244682892408014027632856202515494093386540904274576357300378411175
87.919304307694239980164492388287396688198690549554989691172267547673642071503977753344465201977861488156366949378591191394913573
89.933774120557675876276584148692895782926181374487481754457067040872620760014236533136764820907827401424403352874984921713732283
91.973466343879678528394159094718374404190861414833907615223777631817247034521879568636505046619890898743229953309316415839508418
94.038500481815172357951755718045417567055798397645814972202422521394168301449260433529311517498518904476686127303874990408998554
96.128998390603260921284788559512441034441615593495422300554932641962180488895996524768202342475699935132798284340017047500118624
98.245084326533697362544996040095709001730371718166502773046490855546035334625091708846295826766526301876231955858712876266230249
100.38688499540706220982643019825568202266776566183160837807452746029577179583254452950717867877668886748575075307879944111488233
102.5545296035431603359349791375550088155885943878023625895761596940357310566083660884915700878559064844903135854742649742245966
104.74814991039459837595307425370814329567404659002975979327817028954745539497546557602120917910465507223082078156498934824304471
106.96788028282508062960629520059558132996030592786703945297669219985056451081504287634666996085908540882138097316298351717988787
109.21385775111467309089233576324826910298915927004586631357334667597449726154941614855181095133724957094030732318122779123196562
111.48622206675713986741290626547842479535962084050604761543792520311813063937875202838177518360916632899867386955606035148749661
113.7851157621174625564295172670056161677965856587168371682476465946629362544324624833116200733963211270789657636298434363393091
116.11068421202082040696631081600578553324772189882436927550658878959378123804399145776693306501195699283916627197469422843091915
118.46307569734764722989276876336692772446873413144867723474840094127678455465752169940945852388636295492670763302892947682724545
120.84244147071290062214036766386549670129562952159353832591568718121792716511426760812059862892277066500276455631629918028257902
123.24893582431139149051143956694665900454136718076651404411283431094728598024489305043124892590076899229109232183923437145374834
125.68271616001493923859891830701015042061127589138464767190995953825164776705870602411713867544831903815648909310823530998261603
128.14394306181125332407986910303258365116985685565583465854254851598975771891602985934826131365504009117475975274472276925413151
130.632780370678809141801683716310368170527638920396133935124255293876335172422513778253324556584315035174013529596420648192962
133.1493952619966002857410406143234893635946712643044970686697093107122164724568507000378249644761446873861305364376766317643856
135.69395832559252622270520781474717334132449290036524262391040873984734372987239857940320628407175248030781420930274776960123486
138.26664364853933148111952771174456974644019683392965689240388628371049098314685067642036054278580039859255558173748445667412096
140.86762890081246810024654275700119498476404903811176626972902871730125977439752581586290832960293075758459176555413230036333834
143.49709542393002715692540760372879122812479867083670512101639885443184803583084427450522115375153557795388609342032245251659321
146.15522832270099903867823021330021777662023861852638851326359951717867290939760976781141001108427679684626558820198359986583304
148.84221656021459873138731306614240945388236438709293961209011220685607173930214165742913529819672809071430916562085687094664625
151.55825305621025645848516555854334425220763285648715518908082508687116019168458425817308256738948913186233216870960067534796229
154.30353478897515217240037827227350608006621543687880713903348122768637250286868465051761512949743786743957572790703002771248371
157.07826290092389335129344048418570009776936255597801915114278495574986036491179597575864469414409092512849578015241406358378779
159.8826428080231302355129468729283536812560859915379332694437324139070064295926767605871063323137007144039299481146789551268213
162.7168843132326044331894581401794123015560468796194412208121666439851365370175344330923369217434365607724751496593356100610519
165.58120172414337177704904325448074585092060227811313814239332217403765110813821654914777267429207036722813326166640710830397348
168.47581397500376736537353520459733187115203773312879801540806014294210859123612968860449272180474551185301103263222891974541584
171.40094475333413196613083007975274942547179021750516195711053684405957723227004525487017327204610826295730292748368767752163612
174.35682263134243994430838975655591979375780307471962843236919051623604406882522111439461427831810465449286565571362878216559367
177.34368120236480888537622263554051721059593959576734186100440683012331169195669341228199896763386028990150514048536522334324566
180.36175922256748353343165017132207430757901711248845421248603211419101218556092471201221913425014736804382840793424980465429094
183.41130075816032942763748975237389652263856248200785660733152358841079054541648970645180384529173114544121581679041241234796484
186.49255533838620749895067484016306720889266802274794296204241122294836471032143819321035106583288596546750728490608827946175773
189.60577811456589804710634623598373757651171040643013071695090117281168795062309775955261668039466365780773986148256907798536128
192.75123002549457500800456286379973499428874882611613099295163296206542966095789516757425805235104448642109121098768359118673878
195.92917796950327975153557149223554836643848962079604850877106396277252453685096561686197597407130100272303355880583400440645775
199.13989498351749541113500572556562562933106985825099999258442927238690319212692377219121807407579380064829337921497221031437258
202.3836604294648733120882335000801080495417594203498720474529866056963797625255981887479290181757863363094820913099647719356519
205.66076018840551636367583733221922713238307168286704595447516200269598474475455542114434996537725852689904279517707043709431335
208.97148686278109365178920431522322273469248384119843315242056781320438105592895787360765846524032721361297724538399960259231837
212.31613998720356962196222661548434069367856082566747339097652964372945153550490591754673145639207110041224986966776837056099959
215.69502624823061531446754583788995881178786520581824183368569024085723348924732624434074482643953855145833936971253037822863922
219.10845971360297584957812411834818468442060959383036963462883265334142261554838128935995132431090642402890651930428591441280436
222.55676207144935943528539608101296355646855416237751507353757116427331418944489888643541761493983736943497819954618504901350939
226.04026287999696565063104197770822347359573346623176986154672347885176802828527839702546139781355606666198094765276521420623297
229.55929982836077875143878255747436922777561023917682301704622927511751997913497049982449525985586846867199853413694694006389541
233.11421900902242823006185016233145814416171491765993259094674260839838688197735400449389367392861872029958101939762200126341498
236.70537520264999774199606140383318751441663730600209182092854547648654430332666824933146563522058865951700900122271264044948668
240.33313217595390192428112234924609595893695616791590699565613502244995748566938219317929592104758390886194478084494995093056387
243.99786299332113152063912540364003323959117844806475717656642321767390349087800891612114609080271288010210660535351808472920958
247.6999503430211022582657080481822075528452489168155269334553595986476409564122624156978963294741631147747602923621957190518483
251.43978687883137573216468375934904173573908470763649694286686428728810293305716153300232781141396659089824529259146606529575925
255.21777557799103044099661519184152916963088285921978983759070121859597603173489578569469313576956528526503816001562235383409798
259.03433011645386717957582947610220600029523894861728668078099156303907866206449194954165597341814246304969939923217632906858392
262.8898752624833988028984188473265890392491262420986794407747118089450759612286703691399600064795822187929906723969581367947208
266.78484728970721328033226242789059295822976009289746471726609051395635771588216660482991290656245713736672417630756330560102325
270.71969441083038006063869671085781923883394164354547563996470529987436386556317161683645084046178947370097493233397999927708611
274.69487723329672472110980989688782991039603050991099374516460712333950564428019688973075432776581587380218186620374270928926581
278.71086923828372758464728458640071995527178073609242540708534990557631587381024359041383135312398539733146747158986559935593363
282.7681572845222893812707090055468955477096863323651931723356493713618315488866076387052472065837351493521016975052469970844736
286.86724213854752102189736207769204998210505668351533477135297235683587767321457204756303552430619018133230149216189313925762626
291.00863903311202542586065139465846355530014962969181420897007332303551294653415388847463227406157596502507460111646896736592847
295.19287825562993074014110149215031715003640704860175957297710319918791396709829563293915649886002991045647827646964708577746079
299.42050576866941806367086490559697099774394593037425000820024363041998305262906747354832112479828997700682945257957323301895999
303.6920838646750200387330220018960149710776950834804896660293595395543586268461655233754168785137897903503777949912129169588307
308.00819185728007126165437313436038088254303940812408247619357329800349985895823648591613975438463278181002491379704680398453769
312.36942681176607649572370587643895158516138345394490862107404952720182700241185129924250986862938733607332164787976717352352023
316.77640431744135033083622531936307351230095362635285536506354736577791606633317486547113790662198960091602000461476289075349195
321.22975930494823734142581184043931319086145214731919583481658358529263536872499479992984940191861950392560988872917906197621612
325.73014691176898746520618797322822765107020118222976196930875867592190907534970554635939675869153076674017326576104040847357229
330.27824339948769710662745637066478515027107753979004988144933616193516396077734098925232010237109989196230515183068797255198832
334.87474712668275585415643714104042118415736011779246445690628849929503734579631557159424394515556193512034363672444533990399519
339.52037958167450267382114027719676138429093114148666031916543102698092524247991005763335676479788518805295105179317822718427539
344.2158864797403151979497355070657600227417729724832483756847432939843076975842889222304623494519362883665118138795595905071204
348.96203892983870588530334093836575880849971892451260400544812926165970000867781800066224586240125693949805291629874659690370994
353.75963467636039307047864257607608141321811236961125012697981217047726130441917466124155795747629168585620485493335590257954085
358.60949942195370640418690022351385190181688387924054858524437004647797395050170513700311864155657585580357435082266751023763695
363.51248823806088552995189664927072637303489572743695979771983973727382035530477850256026015006042670784510400509133134855724357
368.4694870704586450934792787667805760294282117700753982974361060695740878165877553838832950757805227591336781993257469976009859
373.48141434782977588947227891903167385268540257219321160296610388745487855223082032403694254502498907225580949831622170499639965
378.54922270221285337541807453165733367240413840002561778696742793836624948203074074923379592239824261666729729811601352845315448
383.67390081109623833982948365082664476502474242046004681024256538509517641485394226806313449871908488104112830088657600468811744
388.85647537195424696771243998239109949209268662835487996069299454560305329773379138894592205231173650844679572131214588542865515
394.09801322118359212667992638660766049097368106676382631745591864233740144165403101588258477308588805464242042349418100093247296
399.3996236107054854558540019848853056726483759558311805461252605650578145168984505094062825363443806822798287841228661411407692
404.76246065697471923665420495914606999872423236984216689545638739624350483775747404240314088302964292809055530703051150161175745
410.18772597880680905840743754638447561936811852941085276975795211400116866721853706165363595785207660330167003695928044774275752
415.67667154232735873116246850906173854850770840742583404791892103986875859505102511018640852365117695019067816625007770171534119
421.23060273349881452181835630010383009559834667398310958971166112617750161843301930707929636600245463274674517069451167632098816
426.85088168112943835537764682410886776971774058525257151824671439644658444438908051343872417431768505296135656633655520721163488
432.53893085606572999127051332959008267503570523302233126563944887448553073925788071219331877083660679152496455061697417571727478
438.29623697546959419037511697093034275297993950579663991757919090271302617341787868942486576557991647876222835109793773861340518
444.12435524475289494800981830508523385237672144318159141566740698258781891306377459210433124968725808520820247611913541213629671
450.02491397396523394260238231265040808907562325648216407770803513840482587070616606173509997579096851603655712190432488672583621
455.99961961030216512794133633906194598970333681667863798877564380855934286633716615868415095873477102310335824272616271367266394
462.05026223403619325976558678462681006014388514817351263598269935354653928053811195632271205479298074308958892307837472167928473
468.17872157171098812228705708939996109338810772948049934734315639234532755648067894066837392963550217123871417232590138845713378
474.38697358804853116807150924489023172366999848085610902001414788835244392512745505007317144001450814342421594331462785845511596
480.67709772690359367554312068822810958236631578996084016004668839432490749185098056541894156271855925940993630793139648905530293
487.05128488200887086409348489350878579581823552525117465149543244561605114153750511463508491698283250376116933363167124765488651
493.51184619049183370691909151971290657841609702682778355009286712323116345691564046189345899421707730536646052584102095290699411
500.06122275658536466446535670670623497293908725185736038183397680930214885270897320770377908727145302432935253867570416599359369
506.70199643006106867881739638536656540784320787310999176907964211103406105410786695287794024216481060154931905816141487857462994
513.43690178426100264131929063483642916027420235293653707595560839377150045108566968379848396116489401674413489875284777689188332
520.26883946290695222602974500935632179333525585297603684122433223481485612324515506798052090759515797336866561923946854021819146
527.20089109402524389450113702291493026643349527355912140233816666968261570838195352757551424970315183008594441333689018750554554
534.23633600447368251256385230190803123911273015203073403856884159478952327264417490635433971076334483992595342558487161339000581
541.37867001113536844219349897355202383171675077753480537461816691686492607884156341700384724182987705192071720955846318312326231
548.63162661669112312362309528227329725119003026906270077268760824647199987871845593871050955793775283247770756152043513342894342
555.99920100136323741973679964356696490267088204542892355354910751209052777732805992748552752010831983327590888284190697751222717
563.48567728020127150870318301448245726368431052341127744937710656869447057329249710049415154755148615075340482420108975485546075
571.09565959235203566911032549933700775059557884431387127845723786361528244125289229251180044787630632325996801750479978902841439
578.83410770957604596050709485239185252509082862371044148236154663574985187492357446747711496390596635741085722255375989072951234
586.70637800301082269444294001443020588908302133214508470032794442276186141630979956297482755348201465771887761602555990760108086
594.71827079916180148997657917523386617037625561708293955727186676998904390675578175439251141915337077584477295851831221203905147
602.87608540091896094902310519938254447298102588604822145584432757732468181788914932026193016778473309200031103482225569211147531
611.18668436423646206720375942031270601601838994455023929245399512682826491653889426511308689946351682521741694164114928317918951
619.65756902967759155605160695128111132168707982901773133403680890249700814760118648140795611442206082507478647550605272687968553
628.29696884339674253208226473509482902673564348286121339890164430982748683447791564777450792410485153801311529806866548428603166
637.11394771104653143066131932532450293502425459846012267720764779370194635596859339805841046823841666571976018625133233067814133
646.11853157751017028152148608027601549787382078472193782062960982639274962759135486211584133652337896252934022468593403798285308
655.32186271256900414946078504049027047489361074104971030729175545843287037296829600443744055202472550576273772611370950134978114
664.73638795130306552059994919682081282881397868434618708996486428307811577362994719966484059324749900439985183140137384190839817
674.37609060405671891227018657785221227115788424959597099557953727032439139570297767873569946604681127463643630701228854814524052
684.25677924470769801062796912970667623858824272137646240288077643423792560353300825133993358348695365552528101517685630045777046
694.39645162448766635730426965958961902156596366815422934540567673099506628986502202915229957126471503555663598033449712768624508
704.81575936835479911381024768311722571618914702586332933334889109267150181644346674263341868172588246667687574730752519799970592
715.53861024856064447162151640695966402590377716211878647962272276267799803251445938875427566413128236550499872649054867897653094
726.5929619865964658789711765873891412734409388477833899055740482866832637954583537833253522425936857549780007529669719451467452
738.01188870554644558363166779767957853350663582605616645018062946896641846444571761835984561931124437467536831985435015032196113
749.83504556692892781561921095539493320768356557363221518044157999664357943095033281871355814203862251338011178117077490043906389
762.11073241008887909019080745400838756751409226851899825134526901101018067312732045811897149187464721493338097911547742619087765
774.89889035420114791088367199719693238059850026700608224504271334664362477622291625761310868610508683717093746020064422244705362
788.27561287914601927042513675046613200433535623913203037983193169731712427758180257784798720608348322712741063283125904783962663
802.34024172822051849330303552625539391170684360231467119335775284005665120046636991558567327505950817173845269578076338422070481
817.22715713543823459855901042941948206999539799620266508336341500895289599568416118247229199369312008673848330703141980163792159
833.12679629397600445223513771860585223765286851177895488159714098912685126865333298939170576292606628119028864195763064123632093
850.32682195734573013569736549265110355576985083556338059016635353418756820988473181228258180538259289506148419459669037092860424
869.30426963360582584664857538150305121724150213660173988588274963015414389668174590167175798049111234914402824344847069130861572
890.97933829276259570044286116703786106408136180739430562394949038025218452981974698307040498912216504713384122694995261068527519
917.74403282453363286000554866772550830080812581218441388691446587750653896276530183177316345407480444049972902432872206802000888