0.0064115243090228382803017342490723211401502226543710400089194417749002155707338716071646490549982240210909802421625417943211845417
0.033782281363189904068153038280455809815544536146454731600224758413468390259906307200943975671643493374034419330337535731632563055
0.083025768508986259617300538764869306646828073964235595623759428070505165364185956444036260009006268936432457264732228883705433264
0.15415531247272074323058234589185178606260506971990846171234847917028615112650542412169228730848994835180211483757783101475111357
0.24717570569241749865529972229410349193810233303381575870683419205384186784428645665497456824254738819176431015874669270380789501
0.36209178478010331936597703356210054216459401084494193592625767370012740998068453876643352555273089466427344758072332668745176552
0.49890923813229352790237068790574923445992048097895353428547217695092739475498096932160105015850545583033920136128063554276029188
0.65763475770389360553677306172504369215736473967200196100364597930166677503922747738403357781133595524668991324299074395119392767
0.83827608072364914361112512408144790190690574381332732327692933549533966887387742107234592787286963821612382218588592683590877204
1.0408420050412909133488806685400354525452117362388970458114602262692496638475251918493105538197028823182120737512782014360133863
1.2653423966478666323348285773767959978087915430494684138784299634275403834964178104578492504784330167537305371298052489680736243
1.5117881945779423555773045372152960935757024808889439956184590844645741823637096650171682753470332972445956142119013511603852852
1.7801914149262703654859300623074022932791790286452705649646875018906169089230213511599480020571901312404124757094282895791206006
2.0705651546340603953513821110018715990168607491305179147617615790734659963183772373993270117765527765705212413145840431771136125
2.3829235953192951798178379804501159668141591173278562353948454802346222673741181744484845056457791125826399736773136354182147152
2.7172820072764434302215383903050452310649520225668431104645880662789007880975424083506587733599468108287485930243096120714725194
3.0736567537074938209185900473897355258477366712501138193745494680201013285337752213352496622952970643303758815898425714399763871
3.4520652952173617377552568523145707691662355930716021608263050091824567506859663144105305501705542513884658174697664399742183156
3.8525261945928375811990002976986275374773401356229531105375776408099289683919699933754385387032066220013045010950885012224742473
4.2750591218772755205628212778960384892601384369661665579919758217418688809261461810059187751773109894660844437207580409366357585
4.7196848597496134600565467635232226897585847304472125596774179528869027727760978725402732413790426204765945918847365785410915588
5.186425309214419213381780600317477787710602138799137420546036587351511973156812070108637038159708176213971301072297642116561243
5.6753034956086711351362247912384170210104620153237926760901717418510774056823414870272982985550333447006761211770475254102016789
6.1863435749304957670937083575090084672331893765326858744585342272938063821419444862975042158191594937014409165865164184931858106
6.7195708404948854827017392192425106491002871595383789188266978527356043285440544076058019499684747777905601598573002471920088625
7.2750117299213886486203951545371640010074687487153202792168994412000434798275058346537742596968668312655993045203219318953899848
7.8526938324588379092595875596520611713961617880669785069855856823814311837157606113101620749484090448227768741879989313679637118
8.4526458966523211635179322977400345694513290830911295253055385223499504047177687418203668240967109358605528612317268296971291074
9.0748978383577825138747567291131721648286204751899155082015328561973811878579302780190074887902029165574538952971554388583014407
9.7194807491098536951984333501361711379544128543711865566336929239308236873677240684755515670454374609095545963589563340934311253
10.386426904848752217622116256083275873257383900556972294229079943972402381997287909224489823312407879947097120598219593717501081
11.075769775012335794089811757999397843557059265063967959292284194837053288691200736132774215560185941744311693896801807166631489
11.787544031999670592201464932418281250998945206628884526833826008542554282317090439573398079040966552710278906311432559212262897
12.521785561012751671622516491979216314407652441177429288937108105213072982913142548295874490909398676820829151656737350576695762
13.278531470283306625669900278294645691330237560028384204798733433013966659941577236378148284884914058508974401637149108682824943
14.057820101691917419265555684949314412724590664506521314768859890941908207670213109778634496050464522564683316236896463715590556
14.859691041787010517472118079383856316964808182542085881220450295810981475053558027546508663664969821704836552611152844750655187
15.68418513321159166843613542402702664131964294457432900214810467137750154512967519264505792099374346906787896558627622019557768
16.531344486545939340836114097013170142891753650664264723321478006111610634156987464710153184414126579035146653221389105505229732
17.401212492574820134621898998325676740696030719288598191837829924228656951313972828638337052750320255249817883338370179017599347
18.293833834988150889289025882132838340845452386862084671926999951792877789429364001069963920024951682845897427438198696082800326
19.209254503524406180837472649048668192849414725572740361893174099032069307567053434310063688879707139182286150159273517922029463
20.147521807566456960120554916274405428236369946393066322659420935887325151411296309105701583220534172902088911885703752547071402
21.108684390199926825717001588407537898629851913864188586466474854680387410787998113634914743174230909642421031049747062063733903
22.092792242744567474411845299671773261271504757338988088267154045825037484843282331086611309677065626541879523848931657261417933
23.099896719769584906364796013401910279731201256824276787249813346049823781642962971005216155008636439649691313514481588583229347
24.130050554604293697295424619401455295302894320589302327104168585946338618289576709317209850822991468894219076418405976911504143
25.183307875355938846301142455680591121888783723669322557473217935077981559399000629040624366966913229862950249611083161913585672
26.259724221447004168198337248125713521008606272633332593271039558884029866364120902828207462992654755384391663072214733335714072
27.359356560684823770852038885776121823207613309698300602056145891457622714582858536823372429708786244002289110526006991966212777
28.482263306876829734154299266119582736062266073296417020958873824457510929657043123678648976347245820676795579247890565293974401
29.628504338005305629475064645875812633839332035491908753941382831573987544505392892359964134409752014717074642202859473278882936
30.79814101497607297827156898325706037295135173580841489590820854815991231555541966434676700860510939728485834212567794152147122
31.991236200956117190860602283020757597524920158879368919587013913943903699582290239506012997535286030153568533327429619392875314
33.207854281315762051841409932944620638450274545270148968080427731960236859492322262541836781188033777345036329777936099144565762
34.448061184191628587159110252916120240945189771751154075127319859034887559522930487049967003082022073691912043388285562725097612
35.711924401687266381778791333561268467832772312500864710162094795457659127173039636059341192342602848995190318102987944868447621
36.99951301172902440519779992682477381946420443771862122509291277743277081821640086984744801451692949782685095744157888426024433
38.310897700595435503712095503521985498272089170240272071377013086203527473530645651529839334203526923953295472866282637492032186
39.646150786139125367290751206710852978893604460497608464319988401146166269324101286251032954091486112241237424494273256194972997
41.005346241721024488204727264230645122036347137011043814684670282239979793056903896624500463097685145862824649613024781082347298
42.3885597208774619955403506518723687081490872806441509167145540351316667303869391314431765264839436050210234877005073667996217
43.795868582741554961277129956143920449499714466354561861040756178300551492343205018204791147710088005330291516925684140846874465
45.227351918241177611804637009746336740279590302142342720842830852138055630500996783855041306331241956353944158685662260824296276
46.683090577096703726958874219781667797364109821745674939301355912309103633896299897569778437905817629966891995940539149130623911
48.163167195642664358028737395338982578680040766543953463081042133597227785881075245214410867456737517630700326731637536038001221
49.667666225498453952629011890033200530104939300518228835407577674672067940087822104089432228218278205656830965279458727383902648
51.196673963114253265991529589229474421960597213564788833832416744639351189076179957871831586545149085953106825333167284937485603
52.750278580219419423447929014050890880147222623050420551080883081699561884062561582419964785866735492470415116053810975088278392
54.328570155201724674824782390603567745953799280751001914128396627573351293735066978677844972491208114393040101202490893701465897
55.931640705447008393305620794834208538676859554339646117529105827747154122730000699825422651505463382820493126241494012181547753
57.559584220670044522069598671302538476492076102570992087970739208562972702806197222490119208182310688161398347654965081459813422
59.212496697268721933199341758262611957615432083237552093002245295010651772288766716042274173458716401979630674246708045250197106
60.890476173734991186318651113538937008564258328234212622412675211828201253346291538798291840429421774567056265805299351010895916
62.593622767157451302610668193295236363598238134578138927380338492453302844944125816923788731637810969975598351870749606652865208
64.322038710851937951936971179659014130924889337887914818884097808300601798188401984450728192246634008506373247491231789434150669
66.075828393158033654741480466992807085040405894406431644710004290178748334735994642069145378429070977989052106566056167100389353
67.855098397441055228855757076671865044416059591765113002640518736022930713763087423171841103327679467009955735884415125246660209
69.659957543340788017730995673710185507398377928823304687506590686028976423086280198321245220748292151536345385319913148293740116
71.4905169293100349430727907886228296685341963953503151638976968051053623052990263447831797871210756558761134923328085478898906
73.346889976487935940967227634334866815717782014278370873919211283454605453185627798631763308459313510743628110693151344687137612
75.229192473954994984010482068627245423184537528452963067073793307208876935526485471453173030566234797988651807017239290860059394
77.137542625418833110453270192010550077284772609444069006899063098038324171664265148070388850965364751713920058040186605858602002
79.07206109738187247665800959393638008832412026522244031632696801162569518093914494152608656761306834091845220077808083319306081
81.032871068844454602631561218540836083357427753021433472731851472259541620878882108778526074100541741951772691279153118672991944
83.020098282599312280907367783185505222341567555168355987945064050519538575473146648060829043668082120436576393424138151811136326
85.033871098175856092995659980979607368054105998842150946159942400017673167911199110311585613722434635329324741200783281165053169
87.074320546495410621398252258144291282586248583099879359771288861414365411271536487930359289740535382318333985019717806626336344
89.14158038630135026036109235671756631511842017279871133322959205078534049789738494319010425477337030714051355833174756145341393
91.23578716243104855990607804558904714083307815924242009997672985987556971495728602487463081951599998570157822680835165784710228
93.357080265999677414492315298816733026832994318019752968960940882243481545555035142218454421089982195714614837811680436669445678
95.505601996569182888296348757225735342629144529051650475228995273863709545268107464856924387105915966629114711528208977411934738
97.681497626379233489564868619325908126661410680542232629178095231973273326353753953449897148517260976176821676239403048644032626
99.884915466720595432966919576338160019207863617291405649314225532297182410624849972019724383061523018074015243311065531633697301
102.11600693653524981483025068962595056146674968178074952948775552767253863133385487019825336048855945995175827311888517640330956
104.37492663333164147438668354597538303969502688115435100246959072581156990095944583702012129536059861133416058806613890162090264
106.66183240650775234423512691880437446206585483502457900446665055373494562702720189394827164474195460499314449908174148029911534
108.97688543317923801484034016961089484973742539332176799944656937582789935166169100024135226092685171788855693289252376075974452
111.32025029661467083067430279472533696901716150144091862224417625113024247591057336538591230757388313105514162993836289353695686
113.69209506738501303617142841238728137102768872798868238761846221609154458233828249007845229052557255529797268790738983061201295
116.09259138733981748633794493146808630059006413286653896907630706988970336124176119707563415982598631573302757425555546745828616
118.52191455652834077307129072915818420479956338458401873268946643469117864349124158494446555541676576286190986753609737421846294
120.98024362318977530538615203061532307728471661048663740728768319625921982974366398376626511616569121971818397090121964496187447
123.46776147694318552234165971960066772306271601717224529593171681629306770994577144091624876419012774479138317127181372856463332
125.98465494531449333986255337519872079501792954978616160495700120719438202859442939237894235839354283052650068499425297199217882
128.53111489374502533826774211554335463736794616835676845486154934566663842113035074162445016040966039719027066928806187314817431
131.10733632923373732183567244461816359925870551390464631404347387203749262686049112059561860095723498262610529049161000059272388
133.71351850777330117159061071934259548041696219281633200175937851118044224118715839653682939170630876043585639523426953106566847
136.3498650457488072183717348102356281797781406211691914820922879635486682126734136375211636519743824835494281165108819271936444
139.01658403547693815228296511808793041579767827905412736213917243349440104446682249549279052682188727160556633928865780084066243
141.71388816507314607334384787946818402999531170381477654381450321652178891302373679402737648016962193847467128080271510719194647
144.44199484284465409839070955343196563150451979136391885297240312484068676351643978472511339693358329245761551475146940366140695
147.20112632641805277946613856002429309322452617927799930669495332640845494666598812117926562867634765330378560781966906123806256
149.99150985682191796373197158834591396226094584695425171827482352828846618619111717170586084794031195632005940748001879038742188
152.81337779775729317608158300431610055087111298496373898229367718375282013122908479311859830697560306294937942973806779851626021
155.66696778030211308763920146871049517587124792287712611721056452071206171666366712261412912386654201069677502433982364102615475
158.55252285330975692796343816397847142325027098641490156201968895198632938462367713569138926202886906129980562227953267792549919
161.47029163977697887251453604107225125867221567767167592979115662711707441079433953708445774896863052931026326204209676304890429
164.42052849947253934660667836718563804101303311348281725901462341267602065828060659930708543332723895625269337514679222025392813
167.40349369813503603890112940236362181564594126508815181896396052835625603939152073482117804336789017171671005087794215818532359
170.41945358356679238615005070909067835405286558198664667014887245812754291260127513204371409682523932738630608963769321015365679
173.46868076897029820520804775540863915061507363094214614762186124967670706419165442008571405172228178994642002773429597562395986
176.55145432389471425188215830545080691714200745810557210719834073704417809868605278292094609389414226480292691005825208464048652
179.66805997318246128166282551784450567908067848190813213695375443039007662922688797506041186116585721541538977733674603933682715
182.81879030433003637472064103515077464937380624009765462517538470620851738900260962836034931474063068565906024284719547153609747
186.0039449837030678075632752512357349340587870656432142156216609937619622352895800886667789523638909252008312041690774495409666
189.22383098207337995000387452436290255789043930331183594540594971484491828947693920132293617937924252603390322363235102437859758
192.47876280997565058003818979307427577718381997444511811355259746011039871621949196706717392666750192531460797782560333049301894
195.76906276341327882516691695102114330015684225406762497089692447321352835818967102441147754837740083524841929232196775861738498
199.09506118047753359781034142111150714104353241414208504265374530727479956934211047518354271896414660219194427898153160619213774
202.45709670948112939756735794500362378186629021637126949948879499156846957645133061092420335672757070753368868155288510278266061
205.85551658924730878897322565295258339839701956127402686599130004519650627979381130107022437437335464374598856941364443938616807
209.29067694223855166112371190983050955331570489542749350113058853287647752396336130251969240350073159575264958567062299440771742
212.76294308125545885280995560635448410510269749597115209120519823279551982174336159793244744404002289398677973586327034511931507
216.27268983048647844207221980116370894693442601107297325220683272466289424800902306585828157375867592336579039212929438765052944
219.82030186174329496132117461724710127394162581458880026970499474488889540969786503644282524313500946526107464578784010760237352
223.40617404677525808267954605260492601158785924871118405295324709844394090005766731474700386403641000668373029456089883566252611
227.03071182661960013833489682081074863834986049939393070913480726920589305362920469847704287301796167100817004892525116016885479
230.69433159901283715551169875462911681245928509216031212499243202771238979720449864739426391691789136291689680359489403265312612
234.39746112496317079799262694920310868507522380639732568313347816449633004890342242232059399280573959640618960983915287408643442
238.14053995566446845247856351491139291991589287936284479750294423031975422886060268685424730270369903751543733585128155060669911
241.9240198810201169243622034522131783581056633739542959628296609824172316901058210820126818795450483563921050817727220523199694
245.74836540114041214709748917283880149670107509392937016193037310108824459813594135149107874426823549494405827841139249590087128
249.61405422228093099828497901828903432512917652956469793330547524883718704213781463053020629033794787569346118382855552298577704
253.52157777880238730090689243890665248658819775451522447644163177659383031899903366357136088099385448140353720566033675615771611
257.47144178285575661184561288050969688822076598302639335084102677870613521085426235141764563020491669589784651848341342309409678
261.46416680363102917095852339132132140271315934056074987235874710070614579609798954780526034851172602613754034226629583275110002
265.50028887815500918752501576336832050641524013441990926172948249025875241304244735214979856290018110566197224710659478248995764
269.58036015578445607465686614150496333472038947894818675140524066310865007640952875518976330663545278365064003645910006275597709
273.70494957871705592389219156203482182464398073218161305807551577909600066265019904251168963370225477352575734547878093993195155
277.87464360103590015808087866325848650473963583784329839567754824739053600078225483930986278842513539260763849423206021051944496
282.09004694901522315087595991852346411315835089817119178221027252552026599327995897395930900575813514023932078185196962869304003
286.351783425648240749640352386276638332785667046796915133859865334576499885257164847733895455999279184791800022084063410475808
290.66049676261443893095198907603366074305653731844673757351451258356283673311970532600769159768183539511034769913077721884263251
295.01685152318630010167552320373441442177313232298821486617831178004660912983802567122106997143665586584999305946420793720777365
299.42153405988729521935228973592496031086675720335824296123997803143437709882865503432261702794206193405137439496952061293799018
303.87525353105749480063194786618607160539123572918661793785545111824450602835638818889155058704622809910373163015801749572539501
308.37874298086431500276151052029379688941822747855420488574361396119606747309690199896103098581746112421879683804070408483442762
312.93276048771821438969449921851467190192015482799042472875808736845964896364487709917088470454832934735194996656399286733322166
317.53809038652171911358320016306765634465487307230932976215033909497641732880394309904332269609489980343813182591976301027915312
322.19554457070083243472535325314644763069431969629291702945946250882258697618768480556721522906933275637702423626458977525459795
326.90596388054737513017764061814982125629137316711305547618759515350686325580386044310163755971988092153241080062333498367376206
331.67021958504678235266957758469877812914108058125202279605595994558803611352895227958901533904666467841998722920114972299734423
336.48921496508716671995333354837985715198464314168295848136303672706301518216405284271895660938333079476145276170289738823560281
341.36388700675219543383152906397844897248310650120862174905180954014105518680768495254142015479755138435890932499544168983511412
346.29520821430422793746113014868999135080762254337921266698351200536501867346215519593355594272528769973370059770472328325590029
351.2841885534787547186618154577849287177929070945245496528254281875160827235423019972006433295113038880924915643480473001089602
356.33187753685215140014354082894887289741676100535203491978215829274304330653926770025408345421829111976227413344408174833905719
361.43936646433033329074226319957555626875653229325791306285839109164128844133856447035947716922933534558085757892957751142833947
366.60779083325727774867347197665327345846989396372012381585767331104735899726410521951870480851513194374512743788830173429849523
371.83833293428433971295980145952829379285326786093992541992526762773740231700009409565493031970233289707721735016895042248555658
377.1322246510028058678295194672000165674812076897747846528144158852194257647267166270651400807754669309455954283790587091488133
382.4907504834572350633021141669740926009955097462208645111432559509277630673099479568944220268351836223444232638826200541370997
387.91525081806585718929032393427504900290114609990378870918903240993129200647391645183795371225664625612503473128019516692680146
393.40712546922391358450355516407337908643162150821251184493282346291544782593986739386883897964564093257925898661024942076256291
398.96783752101227881206361632665230768977290220560819089608081786278223867397467118495812496553329119594559678369988172832416173
404.59891750104346943970968138004884852360879981149949358928317128306622181019820336453864151638320874649621695340526636007495254
410.30196792262941606804198628500711390060653006714733377322764774633505619139314336217975284390421946347688542506761806798649127
416.07866823624483737441151943877464439042590426439105830640921263021604834680205952155358746424724121853035145272313888275349569
421.9307802368003166746410405959322724355198048477094854344411427634211137072755359549498591052148950528036904795187715312474138
427.8601539796670497012337950317409707455364642731723290654366539457931879658678788658552301248514314979014272260791728855623032
433.86873426587608002229295053126203996009654830222925989176491307721471857749899931955263744130946328068898368159062277510693525
439.95856776564936350664293541068700090987323240734951418706467955167611841596047978270382136697675631656263326227270133090341167
446.13181085965278261035702266911634577302975456709511855674678731318946758586925500445241756750775785906888138794238914186675641
452.39073828939160418211072100982374699202716437247833832756540434847865171359368235387718398570220643072646856511341447270501569
458.73775272236485924124417132094108947972045677265482202443342607878793722348721316256541417449205222075828719465310926629495174
465.17539535441131309236591376861761440100868843657143468936372054773025706402025944236323750858697671778975875132631959705931256
471.70635769168040275510953766940442449410643415168938091591843601894611513151921833187830810603921993132459350798006627983315734
478.33349467855089505261928726499491216074980021823196876930725433584138130324702449319280574909339146567411821467638265197000844
485.05983936648148018487780778933633190281433227023070555596456630940077135773047230171242895779037204912635743268691662904215838
491.88861935332572483052245729929362230342533194606616450948414179487382040036868871960000385308100916050527415041117450611691303
498.82327526449366442001843746188186901301214825324936148545840335320347746685635072843441696667840738555102870085082813250743518
505.86748159830119891771236893692093127096726545477003772198748357045702523846413087823681739246001150375038565775954829201274652
513.02517032024053942729203070153308620382508690865606355718759519838751603952274820854887179989289904507899838966338432623402684
520.30055766774005620773200627027711303155290143054317504664001587860096637468870248425998779569871348930134770129788804292831169
527.69817472218686925040365711368925883461483916492375367978618805393045964536775008984495866534680467917564810237258661843229951
535.22290242372428627529781232670147420822209925179920909343229188351012713085384441405092598780978117713984932465931100674032139
542.88001185345639957628950275148573639360146663853739075473480047758029109904642755665541442094941861040440119452658754590102209
550.67521079635549233925340359926033632036345583606270562914954417707891851736012051504300713069768875580815587056099375114529859
558.61469783874890760243876897571622436929872197345269700087025361902442138507878890629344980536931634510823987459592541873697723
566.70522556364496223370109069599370836208730977340892818831790274374768129086014357100853270128306358068271169305420475168470535
574.95417480863104951357711813090547019079669634504709585084588128765904875930899328025993945911158787793074407525595812141343582
583.36964247713968970053967502810281492371549832011941036093704559056844746312294720541171497450628387445018288213604432625731639
591.96054609045148197849685414576065611415830146068521661926713347333056402866811662589746775072356665767656505793719446871588918
600.73674920065901314454357088626013531331465292435743028042937771224972284842524603070758832825125006080350739631658979037617588
609.70921304954139648467411837602574896373997289905226530125762761256453561177982603641246171330234406167466907404566982384939814
618.89018159604195394532078281372647942112858991546889874148442348210665457325393486852472699067813278155124531419590715584186363
628.29340945785785202533995984755521511968172124265229348001169626002631102363130817073758092494504013500139879318729952407151367
637.93444574522124522753349624677911364084502301754278060722835314298163854615566373987837235833440636556145597632982437605879021
647.83099171485780963850224829056694037199369570555520399542916482302134957922643797836254858410432778027989881322279330925451338
658.00335745132981666762593539151003810956628368077074783254368264898757151913839914725534213799421844671209170463292891491492362
668.4750537240597788757498295926196849391978230330576370524644700757648208443063303439961399301705049316520732162688203163274838
679.27357202154928228872706478896805960293010752660473464365755982959454430098633757095042604289198786016149512442267360071887318
690.43143245387983695455867792316769263444012014050419507003811088383533556438775800859943832593538799963024636857768841114482906
701.98762283847887480446832122987797450279033969941935242018881244437780437191069630349557700293328700255400597740129086577815531
713.98962622948337058533371342170238949913056139523449693851937718938748203793331597976280443733827593542344182332506710887960166
726.49636492087565279805836825819006357072475218433919149289423555610009486290494701251155779895960864960355046947217783014038011
739.58263209003776110965351888046838720945685126719938062531419193970856554747453255736078855879799413668864458345738969313279369
753.34606232927822054395583842014320021949801030904085941070451748192558824341005530479736521118235275752977057946792619103364245
767.91871283972363669732659761392684503616611972051908420432151555717845109290063698165571529775440484830427981337693421406546103
783.48770790461376802760223441476230474835277395828414303366975276219974078319722293846422134532393553006870694668633110326291378
800.33567215551468203641904981265512315195510094094871579832277596278360823068059591117703576535733168799021223352754226075444442
818.93122519366971777635811756651120419924465234393985083149088173620458750068950010026578992477929034796388362808029597507096734
840.17820082460846044640726277154293789091689710418000854054101327102513191351139110235433519406110358647956818829429228979543416
866.42567023383784384813607534886309348012264705457993979876568739108151096972854460200455032608658025480235730576955204612152852