0.0064688983085935829637210279602966355175864160390968188716235387945066004058808018427977247381948339834147030331941186986681473133
0.03408459080499900314860573532903388973995563379763098476653548864424929134244508983434444797712706290139624584822630525326490587
0.083768773380280040127675658155977471451900894822899523459560297474136416215448921746845075690963730174931824314879082473500546321
0.15553493537278403130662712954102324339766651285247816702976824815702617951718803753207944984063855227206058975349230999534821493
0.24938797476447106691906466997984899300567129174478979074933568672084317787486716361959097468131141289300811261099649850027196726
0.36533285344141827361388383566649183630012221524727715687427671623348628384441523291976424881242898996911174823869924135389351877
0.50337541207542821083089085059484591575020420277178790226132606047383100256718497540768434425024601776011104312196795351479709521
0.663522523310789024772124459528352853668904796603115486153548104607594994350042263561086873915293809070443988678722910331510388
0.84578213391826828819827056571416637751888300839517401376303357481812083390031649265873595435311833757156127351084186303747530681
1.0501632803554521271819876414721820032605344445612031024078256794859950547999956126345222678189581483728196509496048491763452954
1.2766760964409139852506942105135892141149608931181220439974717106142763138122587505079409955891114450112454189738307989700388561
1.5253318183975907723714990885038176926060491159964703786301163850235860248164720559705196234523208729209707289745094665829840057
1.7961427890135631035160196491660193886263625359856311960102468234661061485831277367021291504644481719188521586862445284300642343
2.0891224615813455435323310799633123324078988624832090709540833353551274111850000739654096055259947511989123265369733482317768623
2.404285403892701345636498010452826653344343799351494046689326077332768284551657451033851195509916665622487742981216909648720223
2.7416473024155854182070769769190315566915501052911275229760543138879748552053141480933605002863962454555290581146113257914405699
3.1012249667158336075544944879134152513271124907685884723202531720957919157160791716141755460483321518876725671627937765591964536
3.4830363341570978809567043984220427810466735250258226905667827227364202240400539422213414709412476712318194972031677660979846541
3.8871004748985317426799105866252627796385990259943768695395535976300132647973014134166830512652975689508476887956617990415823735
4.3134375972027101562551527954565844071604203296590921070910009793708232037167637312009743855298434744212369759228527652619694185
4.7620690530626403190993244430939398540317621324499566562753311794471289093771917876288469511657503569256819410578665379943886381
5.2330173441548197142147289841043838803159290219486558356797603521165256530328703432430950420101065605487920335628241852589535879
5.7263061281243154258071490437759796287258858717704107278103497012112224577701488375330867918438440768947029296486412824141394758
6.2419602252073621667133125410028559957117492358644220799270346746101127977411225235746264252586610849786996225741149041154548209
6.7800056251967889836267491021093902050351259960073461720629126298844010617339074617031045336974149098290918166087244590443153347
7.3404694947555681542173214850612590960004950194521093908091623578202965160960139179789418161305174291405858569653607609463343003
7.9233801850838682494256890140181397554218051058348441920239639780510093550439594953007071451913423115155735738173696737897265726
8.5287672399451487191793656800372006602842556682566690754287617931114080255212090188479255240375693047874680291684958942843421992
9.1566614040570333726496849553450416016601244687324292934481401175611910256875426046065390012466879963462254507764208860654688028
9.8070946318529314449220731724170819795405610639078306955804162948651300264107634457053705071681166362999576818682972377034404538
10.480100096620629513520983824681399192705601399967129811331998638123779962613835681880384449295196276364409578784524253600116749
11.175712200024350448934280511497709115781307093697682554820897500573479651422837898155785018318478306011372582094224795499494544
11.893966582017063884119922936533736442705086936483278625045101759585014632928784183040400909524338318208170629722207454611890272
12.634900131150134608616787853298339021877655185809583719567374948787540483849806047288850119194754567610688527722709784340745662
13.398550995287709844820881723118417310860315984549744426408472604496691834741404005844995554832124410041383684991525183135221698
14.184958592733573062459164427172336947291056569536998200856586198989059861396115369571431777966347484660320547803164780163282425
14.994163623778530684161900530014468510675613173103831988653535785457571220315427590860714453368032820991598906438745791842785105
15.826208082676748813235750312970198630887103619244361729930382671811647242719122890208007165579515024108900158415156060027437603
16.681135270059820220816064096674650089818178246690982535904643428836021064825968394908491985730642363449078958317015677477000672
17.5589898057977176301874513755582603387079975074834381643003557249214913161849952358281326287156143101967270504332759872655759
18.459817642316178289800467878562179528452729671036323333500867220836079368142228067926324784547613586850742370104142072184554538
19.383666078380467465645283672974500612240817677688699397814026327378085849484478078650123243593267163113668566434656226357703381
20.3305837733558854023711863231601575836228338343441585323295860298691576112972162585222847601168315146186884296212969161570414
21.300620761955814149618075750877806751577396795210510482200272677283050438861363931073723188106177993259595395765619212220694566
22.293828469488548124336344926764350472972884430373477962498014528452549024315594641327148106172772083111765887559358506392325852
23.310259727614616128046476971191947791239276374958647699194549003570107452860071416479059833945253115861226679481583626789911687
24.349968790626783553469794668442799521230389314411399621119359640671567540959724293756845782356277472095565243815554783669890738
25.413011352265422538099553355681371440423324151339103990536111093296916505870312967567496932921944142536106434898642315560832447
26.499444563082455741221545570063982034430289791990333158709830108249240517015968107876684235855850722217059498121104189677012417
27.609327048367617173051513261804625261604002399005467889865372758744633478302070479226530610993640363660790005484363891276508422
28.742718926651332078680471967561433789421696763861890774021991175368389417189478650429177139608431103465756752896583148838755779
29.899681828799098317651146052111152741556238719982693962164951327284815295573891073185726644274738096108398643175298663425930099
31.080278917712855080783584440686829952639891625540817080152942574752861166138935226995510268236050757703651361591175519697403933
32.28457490865545230723184432656084710173982784505595963331066785575879985780093679240064573239470298542833342013552874712602848
33.512636090214987027290605017860548329364145182262600604313722904555253379438312454068092435286845601590267727788290057459103124
34.764530345926452347129571070626508802403851127702587355605039400455275709356021457720141753527149907976344420316415144119812067
36.040327176568852267656248339715156317093260984695859911150843903477987886598212852567015317721886430152082762671273252734189297
37.340097723156672422885575324309679328899586936443529144711653468484783698277174944772568789095580535301566331926910303547954558
38.663914790645364644446633175975520200825139932749098727240344843504908046706409281383935453540902919537080999536149927206641073
40.011852872371303603141981522242806075632319618644241853421564721754990455994097291329462334492871879183450280463125030667843966
41.38398817524750833006434990581527040014400024126672533204941261952959359236501614449819763270210954982596087365760999031531516
42.780398645737291957896734988262105474086680357307768504729426864590361840202171455943891536722298909766252074935220639999255895
44.201163996628911427912560215487806356247229715626734338930643923978872708536375143674654617488572984128088288593730022080247946
45.646365734635237167581086808488511090466109618560890710638546840382830508242113129632825457358257041568308837690370170685899263
47.116087188843452959735581733031529532149225661649602183751635696434016017836218974069431674802346424197612597352526534289102868
48.6104135400408306210242202917695969589242970631128141920499113978388826811544303752889222126208058177827545066364968095436298
50.129431850943705038741783826660668992989247223026420600743563993453605153730974335930139381275301840855956294227320792367368154
51.673231097357905073453490461097327077374251786607755744422333510038512143210295951709659706634919155226788775297737251733435769
53.241902200300077459980902449996587314275831628922523217646964758572792742357769472203955635626787458476672181726511506151882131
54.835538059110576928671195876805906298274427879519577246399989327995236058037995440158270692628139738327115148613499117537952739
56.45423358558988928777014350329181423382658738249154412278417808021407177995430069159018512238751522005289686458014729110672364
58.098085739191908300880400974669807054877463776836185518579684841880858344757748691909016639054848041640767125665818584556666202
59.767193563308805197180647312952955664802944275670197161804606292676929235934817151641515674418210305590043061235387728935562542
61.461658222683715107244616122195052939957865884871580092269172897856570929911106780909948054368598603325998478126715129355588312
63.181583041989021383633754402986085420009122713548814872656217884927913982502388510036072627581934750034197059672778049503580658
64.927073545609650636578511852820220573814269902842630362037175212666563756498083260687270979783923886811638820794317727017167415
66.698237498672502634908075309954839710259002592855615535544865592805620042927402068484009628595329447852123942183407199276871788
68.495184949364934502679641945729371424094078048580736497022046427428804668454325279432191601112505072378171456201869346645913961
70.318028272587102681231615455299985734566287129501452362192726044412256796723544397011302491588846289122551881928212007780185616
72.166882214984944030393419259639094545290387096211006362626168533350266168787188104732542989009140378266216605931607887945912191
74.041863941412654646327930601289465793760202630823415458116615060093057173596699765224402863799703395968844071594802225215692752
75.943093082875707264980298621658470790195742182790898453969119403986128652437921092930007751197834056450570409393368469854386862
77.870691786007741666064816512115788190092497720493316662770812412042408785331487900099359619526010163038884882442986517268652715
79.824784764137073866058198665446499116763067031112054883300895777415803054640745791081754139023725895095373947288701806162270265
81.805499350001106099282581634882228795591981614160450260804513875470848814462477768433090006972471577124989240602725655522857022
83.812965550169588112143246908647382270549714323574575031626308309460521481413550770923858558014231289884714373955241473277922937
85.847316101240489119077866504441657022479034140538740153186761415046433951137765104263929523490637169319559110800204740363055372
87.908686527875197413737734899534256570554282542433953622870200898504033641959345293822402592314848606089567200033740653587807747
89.997215202742880202260281325633072453509159181475149588854497663410907915149009395274089611684652708620585819769134947930029341
92.113043408447119461622799418849702059434845874973804535810929327302914556133345587986513095892045049112618667226445672005602403
94.256315401511400935257361547139097779418935003225226781102924094657061034431455376250610283784921691960728074570777957586013802
96.427178478503683898927366454529398477891958648572867261524767533232347837324134307431579464124749636898904434624117026716676283
98.625783044384130986143578627006183173762290658170963095098973983384610012341418876657269589262082262260649689160799453192542614
100.85228268316414292508857465721368227783735803445637317257559976680851115995926850346575933637442586132801957745819136987657224
103.10683423096913619347488939349186756022076648369959637887238740519889776818231733347914838972672242018577347246702390347373316
105.38959785160203701690034478270949308100633829134169517114789921663310788480943963624420660546463587880400574405167696424124822
107.70073711470925856020932368240890250323728952064987671151058270355071951044590042967968987454714420823079244956132679868774303
110.04041907665599648420195497716648352291436285110847996805312343459356661312915322804267570462458195197962351944246978317071134
112.40881436422303940433554166595573476716820929731591964972977656266693626953950370750195899132987643650671809466299350701136871
114.80609726124296468802809065335911155823597231043572185807737190869152871175550205004600218798274635149936385910060071386126882
117.23244579829959742114136666310351165634182129943744850440101035057452377257975858419508532577484550096148729609928370431792937
119.68804184562097380757075694860280151342926377272289187615331443255000152915274479235954759887717016796630164522702623852861767
122.17307120930279400533192406506048099357675959674411099923633586358624177807081444491132317877488577182054242504887708671520799
124.68772373100649958307525866910018856960800186119146344428104360737802003959929522758543366390419882289969533802771144641016338
127.23219339128369556653247984496950480582591693260250178030072592319562486813374899734630753432674654315599567269834003892491173
129.80667841668668680400774218868103097278953690494935325578224534983004729720364323210688074595377934043142572916997159199327172
132.41138139083344588068600239852619002458761163989101007514542574749463990241773918263304662183220182550173414687313396157608897
135.04650936960441042993397416716454827232836965870789686511730100078785092051996276148603048162446933371162009284820664447988562
137.71227400065815964461029563565580041923498610392372699735161052491729919689333606551646783315388029725331946816936847245754234
140.40889164746328439861605605425756436522758983269480739739685953368556153675328095268186762392805534475771855534643029960637772
143.13658351805468734228333702705955770372691592005876892135730326654429827330430467367323258368480924678396272264993597703227708
145.89557579873417701509343549540382063104200977955322964546001917168300156313939412387762986968069168807486246789875635597761525
148.68609979294760583261036601142928015690164549848343984574437675063129037359296705224188061009833820636995998669489236632565033
151.50839206558400255970052989802046589331917907059221258232557068671200832912736179593896071984379352416064155079982453483377748
154.36269459295622720203661553172561105932357486306271251870645584425598315849192215374013424520208507709165986779033412791385758
157.24925491873769702649353468963436988959449211775946591600520588674930028445234841713444975861799747084826148732610469355461326
160.16832631614576932750301083958342567624625110751629882549043579799012719166321478101649173866445003762286927194228651546192818
163.12016795667949859280061390255773559441992366305191973173345596410058330812158560713582366429995788295458914047221759487091749
166.10504508573779884054768303165234634586148540578309280140651090014041163222538355170718472275248113796316846741650893015185802
169.12322920546362968701669939917359788912263999071121514901560296404728649402606091058953563286774134936941075427597013359258135
172.17499826518078913914292244419454350825368972401157382623662800748181866072894281240136509454757057910942017911068204706115896
175.26063685981234840338780323327086041638155880279038944094157731643163132691273332770887832430127971626579243810263524559135901
178.38043643669382554625019906225250964140315590975125222469165878980716402745151292433908021952333412643161724481132219664585011
181.53469551121999822852994470012607060665826230735851750684274717097330064734101424239051253499022296454040987605173993118673547
184.72371989179194593150714796900521073699172807869896603065474944849571769415231794705422716653740980920843862169622823672922237
187.94782291456064772690228317392577096499320728275276409493666608267583116683739602472157434019235714663001564596920716286493147
191.20732568849541644530015098217449524130130578633648564892830498408451490681308262560798087861599771426304318788327398592805752
194.50255735133981451399138669865134804514112411234797561603718516647517021735284029749023847848981067026048658433134102636457272
197.83385533705467972210055241864871833609276033655199165843210147216372647486075692226997088427762487111294779137455284049787782
201.20156565538772021346044865700300849810754180017803291161191897680671911256479353681248887998397162458321227646541702562995345
204.60604318425206937705454529205965796425498943599364148193871169272038962029205759221488438593740096497749734521631339612170043
208.04765197564250059193274123364763385042030214064707355990405303290809254942003577463466189364315438280392570283314172864185253
211.52676557586799474546690137556189093664228632160258838840689846515058478589041234597550579221595403483895625107427105303557232
215.04376736093336720538063347913484769138544627459409955063751254890571138115389578492953489064572685866735441744383164638198777
218.59905088796106758458235913988390930057211597598531013997460040378356357630773313772463042722169793588664525882062504802444943
222.1930202636074763285006427990213511353304056322368731753151709526463168245866428275675895266449571843607413417349901466232763
225.82609053049649163938037085888522456031158316814013477281914394289153092567593948602351236432060748691025074204512759546930218
229.49868807276743210806511126242136564355941994715745441883832556003205668129353534405465077202377140187999884244227884485054454
233.21125104191483291680556544090974221260441445550950126531759663120972757108167905317427802226517936400000568918342694174671148
236.96422980418520621848534823183704795588549669511833220948201786666527653566484555574272528531779044231936738793580536622839676
240.7580874108909578043874654656967264650610980939870817502122600890387023097019454040912527906311776271924381325466777953385339
244.5933000931051684565068529487356935077068723566642420405769603076564442854607976128274373932603039717805894368448716134156923
248.47035778231371273211843471014335054868758718503088030011939358642062212584035287125584583338103180632940790768841308580650774
252.38976465872415207089061970167171877210497717938898692651935260295229389517639601129589456860992711794629153107340380918047754
256.35203972906506594157392733914787209169121849121298414088174600375156998744317403822548686997576909148389710873753798363516189
260.35771743585616288939164313314328922760902386682445594484430517925058889828354429648031786052286796172424536662089604194999981
264.40734830028997387185169661820582952899095208973075424438650766811872294445066072492605846017486537268923856958982816223487571
268.50149960104166583219399907411433697823636776497097028545234630298828937513355513333284491137717892606446805385619575378809287
272.64075609151620031539217660475307471183695301033725084179208299762863580751906494440488846445311042715315988967576790223663239
276.82572075825358530420815372278992681556850229676818075268696567815033249074030185947243622358892766643355741198004999174214095
281.05701562344545177954495273140906536579822170198219481870984751075267010873273565164098632473529899567745585926904532165077
285.33528259477202524853019155249943333404543357042046952829868949117772698970532849013676211981907174738578477835941277067600982
289.66118436605046325909373161348142985082894917130558668532131170087480471502233840873707292042193695305095680550555404163970571
294.03540537249655593359708325912129237345572424989147984942019942978551485604663269883723985121268410665220728995811529794473342
298.45865280474541037779981682884584298594179086469828892696998139856442054101325784623718148584400458969517181479556048308344115
302.93165768615690488734611380164310463742434295650516647877534375117894738474328169912975996467878221402993442504254985661897608
307.45517601835289125211218372999773342324709568018666410597520224466606765843662703019001854389208185500318792302863410133992559
312.02999000040045582074393201021209190412510978020397458708570967873705534637375989808139301875812276640322096064562203641715176
316.65690932757486004361382119105162837797526334968580841434521336201020724521094352286196662307905109516181561721935503624123783
321.33677257621374737936877141188552429393216885273978752379215923667074339650738631031773258480356007673653170109430151249504125
326.07044868181848108793057119226015114667172965149734010994118184169207551463452363309067353665439136919402744010971035924147372
330.85883851827785969083035897975264082945248262872940988258082361560635725026512050657055245677358933188016048719077722177023604
335.70287658689406507570449108326048055894080614985342489479032690435453748971893382190392324246000284005320064237355289976123931
340.60353282479220774997751457499272269683600372972371601167828258869425705518036299912250287367483218145188869064768288755576284
345.56181454330674285968600435217733191902928586333912151229253305076537357185076885699319507464872547356984141821875066550859985
350.57876850807598104771606655441242204424174682462768224418683697842983202389146974808350975806287272522395518363825680200705839
355.65548317385807893722367351842274037941207506616605143556473056795172004530905323150507749184216316461370007595828221846976087
360.79309108852942133287217744354522628417619066677094109605843712077427281014977015568480238644198669067913028218654264601198149
365.99277148236389885747028112638800456416129226436618390687217563581404530584433712870400458933539818051713234079274250664066613
371.2557530605481485028490395038738706542725248814075146160393596757866164491528552033670955015578041513652834681901955125945173
376.58331701899728824094325081595063824819822319775613111475405314542025563483336155164169675381610736287444472120423965377246638
381.97680030593797217829685360443773538623754755780181681635481257983078583472173490259252492893497496964634320536560194847874722
387.43759915446785531072433032613181263489609280895983970535274270443755573802973610938576759912719152338409378688859204720309625
392.96717291443859420375580544400869172400882427371361578422669874526324876749580731705771758522832513580928322240969414221502527
398.56704821560960423978576685243532359394655146599346218286421974948167590814956299164034471632781297258972004948206525745300187
404.23882349816092546803090345975757311677143888713216271446397146215124810284925745953196496750578618062970166683925103708322055
409.98417395143014650530058567954363690369499083450647357722282998801157889902253036201219972395900809081390161888198306147226349
415.80485690726369655014339838022503985688782558469707882943660887591043216046205444010363537703527830937602151392260313308803362
421.70271774078337280262330570154912945912433214706300073108785067199334580248077343450386491228463355250675378966672365329573405
427.67969633882964510163535601928902508137312881783539650679759589300168288578091101777494167394410074884887687073655540710612
433.73783420505421949676408224605618667031745045277847672565539593600882277779262409880511129630439993234539044594968275497738564
439.87928228083945435201857172721396948762431754241654115088315848270805342865680437883571964606362966222129028764234089438355505
446.10630957322002399969349962078988318352525956880598146225268267327992896839212284768884146369831936669635355050963940053177079
452.42131269513972296465807534191000235816700640727775044272803936809883125648911353416784234103559112521834155494329238953208573
458.82682644014684113093390380031640645318069490751710881804950294835375676224444846791960138161176579909422257545509049817126882
465.32553553357787631505784478748871795539278261176779075100567643291662726641599669436514772918356402152438182536370151343856258
471.92028772610369307505298886030913341699466568111881408174554322068585709570525322997528841533690029517243680543662996532231283
478.6141084240955639504958598068322975438880338165344566447553646274634327753929916358196969455406156058783042374869905837528645
485.41021708572242372484939707164655504440128881867520786644417458488012142244782938283849549422431814705100208085980326663070732
492.31204565342611239084858987788612315542292413603288111840149510494630755337077587315164370901733395111898935544408716371114441
499.32325934424075405009066372765183608145760217142620968161110491861527463096835693119496220052069056327851176895113806327474081
506.44778018164343982682538059470296448164656732650638998595458444775159383242465571811584544345973605543203063288958771283906269
513.68981372924751679195597772790732228333764923693669052072893268139326584282176436951181115153716992684346580135457730978045687
521.0538795815929806038417028406418874702378613856034397662432036608140701235952621520609302590304669396895145868729423283756954
528.54484628570023743435812793816199587075885634390313195301534599202535969988153820664691326434519408987796208156809950415113127
536.16797151576242367968023041238826532837911289981590236867322108324538454726925974471286515691300303003604993168420844381768736
543.92894851149367058331058642741338052437083727235599905266262944963398425715564980428297700639505693323349455720032370971387644
551.83396003056612594559534824516243007364230048261626011043001386406651648355672065320385562516065436499957965437259364666592223
559.88974137409421650899230827083336684531118411971377110439339145780399435062004117515409371268834281060947280085421741548713355
568.10365444448400889026291941635771715548828993941732056744534512759964040703115113289097869290370250428917180606229734370898038
576.48377531956585378252696483186986240599073020485220027594229155468613666667366961556054292591176720617995532119471036903786118
585.03899852156229740260086456325555602091421447388765455897394616841664198307205345648553931141974939489253523388139717443969415
593.77916208969682767807524022243067297075687793126413866472231625628197167563612141990944267546167122406278534324257076204256631
602.71519882644173249174916749001536627811285979757881204685967087519104879036171395745378318255525010012394101211924117464100176
611.85932082028373261307783119344880550552867962132372642332127477434445257838786144020015119807916129590027887402904485330385609
621.2252467639113168810987675195367336053116029290348852242067422331355343229436507340957833301247848320163144638808650318801413
630.82848500966033528325103579454872655552822987991802194385165703379466033626076014750606800603187312460507186033985661350310046
640.6866902400375126014017212445204102841160523309127902206881998449949690620829877593910278708964194891120261696659748907365435
650.82011888985064533794954489458621234050238919867248209402222491261543464170214546262238851963514399015639586016019552810738021
661.25221936667540862586212446314798404046909265368776679555618062927134612747380272377463457058259035437200948760315702909226939
672.01040992193974363140282417529130075004316445989962244375886172339952813736507583641214639055631290014902789308663721230495485
683.12712363884565176076699995814242314775414826352878049635795573874058983473657144176437581278974761200633004470714804284875066
694.64124350337995744341971905874974602455148813471779601714334447761617979825722894894163002875006545481485961953738323956689797
706.60012425963463129429634372677307431867442965982059639376286308932522262062719534286564922613295511813934332066694963054564308
719.06252814768167171765447467003514477567423307281088350509577417125114232599331831600975760253806816664021952659226508066843995
732.10304406407983909158960108922429254364695828679338494227542927161296546240149180575160737511106490467994795351958896236501742
745.81903839140720156607801550883755313202038014984011950594131922280140392505354062105158998803246752800330984880668637658881281
760.34220334140760869462831962084537934684245764479228679802932486998672729402782996863796325339872666053018902042253836955259709
775.85914265048712056989187304894346482226774308697320298115703798310912490705677930305442967616169321684874957015331084443355907
792.65168927428143291742687984810020637747666879874620429790588926906199794157185833809748143889627938662899638783368214936354304
811.18714026436180601017083428986596072924759353465637708977712030838652671223979681583886285533702661657750564928525098320961784
832.36675744191154317138588745076861879601295958063564288578738396426566336787539006866251359925304200144829384366495711079461393
858.53286376523457042082962690248173415657661526379425535597240956039394699760870690426774937032707676327116775593951865671859242