0.0073205033525913933861294508372268161436692429857558412609954928219811905554632366278190549830604300012141515763109995937971889769
0.038571804711351923249504746812820363790926668591124174933716876359137475044023223824690013144109111213997559129684422422831976494
0.094797370028282190220849044886780208750654857921304690307143140311344431973427392844483923819283381438689881158937444194598328713
0.17601324418183836018268914814000300620261182912588797733982601883272289072500799281529595910476331820129749260855106283889292713
0.28222609687617443152853456547047481742829954357772018938788820995927464452683787351520573492589636872980219807082113094078072629
0.41344301802152197347334319783652762403714466453218236636639316231926234080274068751372202133159463955405918454950323811104481534
0.56967244080597103029068907991325776324437012635984649996977719058944158572141393282087348037968243733582979096998037305411134883
0.75092431618113965773114361653563934449932737583819484140837255857703341710798440325390579690331678956166803705310774832125616723
0.95721016191687294883155789159280120698465115820208619121707852871926984176903050024252177683295763113704189500295104774473002666
1.188543081781573396495996155626149383020569980898402553110240474342748275324498930706195560570144033650668863288122070767988802
1.4449377760201697091069450077157056133746293581165560787056652899765109083621125054473830637312443272580471732495991044140762761
1.7264105490789824077667632895054568046169828682293186661317684993352737006851944039656131693982973688262338814918499357670609169
2.0329793165581213840597060575023734231908511856429523302360784147821823141581933672007012166257729011696842196379266784825728243
2.3646636121421138610879612503060509827606748602658514416125977663563025510623597225392988879269539859202119929799262714815150219
2.7214845948250746919364523369399981871253621274835350816457611498908276921378822307778335552372804393268817399942597933206362482
3.1034650565767932133288668367989589888099429132784884285558764420653113337407504460927729565114731938492057723921188244891465093
3.5106294305239815126374822398285852193667848868929444966090091480001266566175659244737103923626430369348026554599389193754590166
3.9430037996882632272252369679047237436946287657271572167354478575836963407942573057405243015534756547764185130876607056537433956
4.4006159063069373784093845263592587702013340207996922431653743081887082607891045283266217214675694839359865826850786052475985613
4.8834951617549081307127510667858549888571839204124622862177146487498451825209878815299067779737110452463767507373502966250525941
5.3916726570823746220957131171008721506418494380768142514823670013941489542516287068426557916045894626656811638547532516287960098
5.9251811741810425683479877141970440796994390343601420418551477491027643494474906272821336287922045825934905237406989925096062011
6.484055197590834642614759734348279848610911819297079519579806986302383398988473453780029998756032047655542215004930100498284054
7.0683309269588745905692420171771367018074641396584073113228854715375038237733716084112917073667579179513688993284936905852178246
7.6780462901626559938198446508460674371706615137566354008076011993649892306614984931816605624549889768234381968728112712043876794
8.3132409571096477251213866203515957598129480379864167542620776867213345553626725969662417844939856614340227610926808708653195247
8.9739563542260604114848292097961558307413903442340957266147340111557181960462188126113526087383611836290217804110481150772378718
9.6602356796480594726111424623763661465762963558814816383238935079442296895348324118861273910753749390780198249149487257206996556
10.372123919129336162198138670108013479550691048358310578577277016222815221491502654366456674132523374779012539537070433346329897
11.109667862679624341379052325053126239049327162757265958740449490689275223721209108730582345440195400708185685713063269838492965
11.872916121949469291659125150289132427563169139388901734265117941192492256021641138428680813049655634380912912855871248335980462
12.66191914837731118435566019604095015436204073511138829222654243834306124769598490291654751106681665382090417666517383045446737
13.476729252115737560068636696593146164127866209052237972176625711258142509270584203217878154487032889867819712706184053273569702
14.317400621754585455146218021407763301230248613302065895229705790157714470626925059680140957778273602554053831927784004818978916
15.183989344859434696889164386828582682500460029883096943912386776401019693336631270560696702158999352084727993305031487533604623
16.076553429344930065113170736591371281799136728203798387034642054916884732626853426547808507468367411903254405736230765876250194
16.995152825703302625272171592755325662630439876223287848467051466361066334293731367066976412496627643670685245316474364958387728
17.939849450109431054602793044026586164308790112652265880260150291676339199760353335686293542921090758850328109223736386292857323
18.910707208424793949957569014116639355687826240501990091695136635142977364160025139564383916489112806770437551485929055162957243
19.907792021123715888211799364331887258138940899999884384375544994171685510913453026405598615547824306211079702965195738349615898
20.931171849166405567401732175277916609446383276102891898000273276873724791022347755588949516873624154674700940829326886370356435
21.980916720844426030987960200236331918698959177046032385167303370033096043345914998483757760812050289221314422007490983201557003
23.057098759625427286349425444524323999970920912204989184472178976847789727460346312979907223542961315657377528976885627537211043
24.159792213025213264110941539846898173829909249376488123669477565172638459192583273647538832726892303566009579288113244280343968
25.289073482536510897407380019605418376528568839941650179303508703868449765031265887249750950254251936623622536035635903699290503
26.445021154645162183846745395394969621083865660979597842219448199951747571912255099543742875893835411948935525823229365976016467
27.627716032965873674178677980604753451245329346451351015714872495206346130177762813893062266138619989169931716117172261110858484
28.837241171531135359434481082752635287450568519377366729284698281926552488679926742053505479909756186802916944947189291926946025
30.073681909268466065909712281060267637094273122977647625849175169172161029524746771360792697409344458264167917469747603165038194
31.337125905702759105966995258077088607643291727920936494379439108620665850006874863965654214358317099551880115582478651273507755
32.627663177922194206122680359580131479159918500044955966545771111862782983231439227084809611446144813741783764407466634712517163
33.945386138847954035202163940873832780327556191954249163736489684331311721519401517158594491757133728616521790966078159486139198
35.290389636849840654388766020266271636349388958185566473614217474867731884755280693338699412625014684184107061757364807685955077
36.662770996751833873965863963349013889315785142474391813876644773755254188521697903746487691440997605933917690671617531361103756
38.062630062273675112054801529987713241345635318567845186320574187571157701831179078414733717779046110808838653692185843213823042
39.490069239956702532447381765644989489772452617684560218955471005611134880561988055253570952072262196649600515807186701853096638
40.945193544624411980330608340849248458608666787297480118339807861021735610629229444237634494688003323151944434160898171467685421
42.428110646430579916450497617589770636501318520329469762532337896227010053177951282106795634229144593244910318278223795263715665
43.9389309195502659726313963612798854986263813614243288673110104044118983079791114267030387495368989787218030007477864117522297
45.477767492571621166807175765899337638289550494874922844575605927806434588399078620878488862654429521734956408937997678841369292
47.044736300649170961596414741651624771414202120641722680738567532363528136596604389732526584737786007545165447371846867850279339
48.639956139482128486887742423226376949508555665559568707120709038416706366940407116740971338102252763986532903868968376697012549
50.263548721184331195670840619382023068622169033145191299238789456414172988891259605075926049674345528952099215418423279070662837
51.91563873211559341011431359655457704214618314889656168663238108922532770119444842826996896630174198923023279498622617060261488
53.596353892747637719865396791104389365038455246124260845138043978962098610886429222727034673909184385028569710337401345514771213
55.305825019641320797129291716696795706161976833875322096038407866473916526571408072087879388390691457646833398154106076041668806
57.044186089615615430848974842208679800659246746569097437823437164487096976097210134460901314235484812109351280736037923304968333
58.81157430619276280972187832258440000916346472098131853995267198533415777378393831775709976330215404739334143545359069174104826
60.608130168408180537161863004190111800292392713736649408382793552899387898628682172014420809235870194029971341264167083917843953
62.433997542078116729406186045859408748500628823622700536041000037975644858168380564306987579409109647845290478990732470146239754
64.289323733622694048871146893280225367791373993437968571494605497314559947352117573046533006565584344809193532469914645481289777
66.174259566546905989723586026110608606821462924813478887645324595276940035512719379488599522173832261606683689692707004396201968
68.088959460687328696902479391337779243298167382825654299751489421236305702992743918729370285281384241494223383037246437168892532
70.033581514337813902743780375291309533758093792899242631849666903531889241650013450232971672162329033793013301720875183924602524
72.008287589373252458576554950131273637005940561247010959217659323953074529329047696704633826061037628521369342496802784999965748
74.013243399496665204796635765200744375033048546372268835318866350589178885137115831425283696286820539002391763392909042375456988
76.048618601741412005189243927646813886386261347433599233058059737990358401836789061802749834421672682363437307374300008479887548
78.114586891367235915165659352204206848973939488924200484931364455200072858010932120240470098286987733620185117493129771875583625
80.211326100296204861995594953861325554673641645204410464770069768929928684252130651594727543842024636915703346198594876914423697
82.33901829924240721820039061128300262795874680310200552032604904331461238684662489823548507962781494745827830477601412844053345
84.497849903697531890575786481003421216754579374662822942557012228427970869862894785812648366304621612245252141579222516717742912
86.688011783943252187982101581975316299464616614013913414251109111417648908844896673044946764782789975834123254295361029099580125
88.909699379270672673933202993684501341825682267997666247884437205695483915454178795942080095878058768338862077053562326939453492
91.16311281659702934590680103040835408341741679301240247356955484013302803020819421375991716013955657087305398904560340704072746
93.448457033680398961542334603037101712239310090671864568046524522383923496157574763688085818004670867631447811544407184719221796
95.765941907144419858232922710299053444785767252966616253544181397763693261114676284759692565927492474970123699453918126774085835
98.115782385537004777123335679506554741152719239497377129020356832043338405807588117565537968093506678071839448101842890907416511
100.4981986276597908410044528880919340346836467337601383734099046353055373768607112806039753770886715099718585769268955509593399
102.9134161464186824282407569132735637324794639288249336476531203168899465244000074090305400062132788715762326101633440322852484
105.3616659584603637963591637603724467015822945488764872747537891812007566931595725649124803306512604218287159496702537617405129
107.84318473987516007470864880000382961203973274149695791469383070858968276238989383987118611701274309897405549880901510285735164
110.35821498826318390967453765311746371633872780663247980121554920635273699822299627692672610431870546410357520068537674173300911
112.90700519147840355616761316849212709614645477905454733873763275140693844723010181197836945369952488846567617669152047072951794
115.48981000338419687681506342331815851858404961884831324909123849235362910112820326049133897631948229343267849701441613680647489
118.10689042697421294168066292845752501003493688577155154365235697340651758329890974286337123118958333034549694670968123858286032
120.75851400523405602956223277071578486942398337859932089896562673955136914199273578637859670802799229703136605439291361290218084
123.44495502014255293923610653221591333906952347561916203135077104322658088508607078209140694973749032586974715075127519799105857
126.1664947002362915604190598502646259110055517762255002712355968296249704076447339718326808905180177786058538034607643825176029
128.92342143718786649471595224125520541833423780959768722314889986651091374238733640099005761696944859664287018394082084239269828
131.71603101187698919680920073648932035252786337311226048443470924757853177623443102278875519481938151121884548054061179405616487
134.5446268304644832308464927203627686093673392651370469112370257930107072181679262802791439741602671846590635060403260533423414
137.40952017101237352836841630828813201012282983203310603945606245469939931551509826543444461277599645553567987635541738568242765
140.31103044122899356619811432146817374622528620973844303038342864928408619246925883815785994994110036595538160775367958672157145
143.24948544795649752403057884013439052230168812855777256375860727271057496027449715904872268738806487608616572207344231289780233
146.22522167905961907200214812121480661045102919487886927059638756727841954340881102636182315599572579513810773302919128987432766
149.23858459841923223222555809187288918176271078722502411544041379074205417082097830218198436197482936212345081985299701479303311
152.28992895478253766673337714363760962602991349434008722921590901406579162603160044670776258826459221567194018574082169887293312
155.3796191052738449225620789488600306111700056441223252759734774731986232175114110189394756649096866013016658723572526766622852
158.50802935442630648631145275031484856518854245407702694398398349591843368500839609302939407521879554817399766778565170965982363
161.67554430965597947532190059008129999709708306028679277189347663136137613044799742389619127444876998377866935301079273118914805
164.88255925416568399025185070070646952708332963582071008035184299128897206123586926224962729901516542267061480057282146892074456
168.12948053833777920407970371288009631135555606238228323315020914980266643451324861226232604841721687759419466786696301647348472
171.41672599075272751574069284142082317866179363355112584923447977575522354308261964004814069109109193096621603269716427729520355
174.74472535005476104006218306143342145393178611940574473371781672910269239934669157684300477320286995958097364189853749542469649
178.11392071897776724732453378833801889220750969671542694116382689458933151468422363629027797757376488476955251947706282115104642
181.52476704194441031423370844437517721127154652662807514603677964168690795530914576080692052481370252319313997053275732132685739
184.97773260776032443919505199192605804750346118500945088095103286271045068794004472717999204851870908303064262742585006035433656
188.47329957904387261987156171085932313542850674430403091691164119813821769713615342917586474486339204834361577644145585316418177
192.0119645501614839510493977467288742872449191578358431672070182633617521264975395442627656395161324770868076593791669081462264
195.59423913558011032521035519647357103300666949261884848460972124192411069650523388557093865187597961985007263538291408176100733
199.22065059070316272809584619825285365507849892695387575823347861031201325440555236045444660770118430801697051458876667819316125
202.89174246742583706613713913522552894017578496829146389446307025373525463494399575212572228444933562193662401988182280974285237
206.60807530683163553449936865424275998733220705566902616738134960590985148402122129428718225360469261429802437689198399388560688
210.3702273716559491991366770983058079261428371592048193285558314335585642354649688414135679748674464272907472866136504077137301
214.1787954213668375431775429071543479142467693583969918607584178617244577646745665493931397632389129098034446179130585016614572
218.03439553295993015913135512629781427587717900580903093192071701700812292251036448099525175428144688502467225349578028271377006
221.93766397083629332821051822127040502934315501433930701797988206192170695173077916260529725983209954731177007252172652686219726
225.88925810943210227080240984594675543697628126972442242993780412106748735163181816879372109549114631357273014960850296470370216
229.88985741260038516468332716056229801396436354180649781953087902213609840278221659885176233330152713222595954684404742249155063
233.94016447411175806180608567116467839919262459330369863066125829398341688351997215484109156593095769625507437488194021165210172
238.04090612404727384500152440270695551459339393750512386589708653497141206196069255376922639208621239140422627149014214738258421
242.19283460630719028354409728645124560567297527812230578942462573952997034387853432672084841668171734710363860775350496985044623
246.39672883296024748945667247578688875489715727481814740035094804561457122638585590070507257719875488889583612374212303185474105
250.65339572171536895451634406558002962546068734363233828902146270783306306955210049252975230837209066327564600909290383763807036
254.9636716234189392712781419896362446724483833307711218438875269564802392111924306057605083851465831394375054035337808534628378
259.32842384717443802751612403210863850339695651433977497365315792074115238463493271516508319373759019824425880733177368293267197
263.74855229145697497824543531664814247733684943922009300660261596611918799165786372068063150687894938822301830038182100786704239
268.22499119046442510841740397973341500252106319697132990481481421029496205717790160086743000445401283384745779183501477087496389
272.75871098592240799435228012677953617266410246633100700609583272650915952767329800158893025809329170656389484517409439100030983
277.35072033565736284515864039635065908884449964467014598886731883019095695603646507405740080371124892957782748281156982537972938
282.00206827148794154554486150052205111681006695182881644272326935855363586572723423242763785072054471143933656229810989990492201
286.71384652038025681913688748529109829529166599092618141643331384105483585964112593258289923816152064037308313143256089224394033
291.48719200439097163744833846215727830084187262677163634092290433640966894431611165634218952694293743072021616886941657702029217
296.32328953671164386639386032791243893069271417574440183048158742890673372740344637767980108975277733155123178553417691118451818
301.22337473316082552845579956225589787870991097758755898487335673591953105399429885881258681050483514548234398704871828945889897
306.18873716078561900285009547370617904011499408440068304994264199204802931243228262609279869412764950648372320381893727837106585
311.22072374787710946199018732100039670257175599817476601573648233227842623421400920080396697088067806256629648401893397328039547
316.32074248272807004045482930635605986920410504092040696686015052716704222297716683796071828624285710193793280161345232048813394
321.49026643193040518170882198364988521760360368127506211491995822515105880555932867044333759925325745692033745928793352333504852
326.73083811300001482439870191968567194745263992100012458773173796996746565980275423506444766070539342254653904333726832326182693
332.04407426071905729260547424631730173216798361324844801806526545679997224462859952203292845733620617675878224666845658748481889
337.43167103190905606593951384083830399727377964694986254640128722846689801469158738104562757347618425367825960784217623471758005
342.89540969952430142962212032421122024470759969824287560796939193999634953102714567601908911900243725288220526946435878145575312
348.43716289414233113831799121907948922308201670647745800654281321230152392962131048751601700298153176717770346271469492075297477
354.05890145931963268699692674830875231929078864429607571713597590621461681059870191126789523683002716375049918897386407382076148
359.76270199711091091844120921932782940765469201793655493989070201571810515418884937966286805364076662925127054606252686615620201
365.55075519160668897540770589418405157621330312585118814533978279365788903373250511248251730776873026783488926276073959905318784
371.42537501197995692222228894325861110633811431480999607706491486311718845319705983641885627465929034787240706192704387333632342
377.38900891268444086130626416672738341555141035582595291176826907166652706915657400530871245380257157771626954223698069572391211
383.44424916765652649532874017148523239976213465874105260274411014233484682125275686664792178508993773806686054458277123348496401
389.59384549831582152584819582901836828355891143700180668955284632803298577179946659921822189602656375241964310548037955638867634
395.84071918268369860657053062578360439101588266025327099440760981656076105184355021566834636262474728001499990190602304618466416
402.18797886611474138010319850867172383890092256292711098169140863123665632317954614934748172002202065367647549147395845922368
408.63893833432072483376187413110907012138163633556767096707677405317645328924327240746761509258408273814585712571041952371733284
415.19713655829508757514889095308957054143888892277190422887297400972207735537824662169786493386484617847895151141649682705047018
421.86636038064811606894073502051461430541301454815535770902786383843606586111048466155769538716911225982633304742305515630622846
428.65067028662739259202989355161625319755556617663655907211242086157941322137239832493325329703559794353176558570739033593095917
435.55442979449236183076020388512999233078302088367168301133446626024906052753543962025433837862532858918001693061921483221932037
442.58233911389072540849100436178399924342184753637915502893320536143771476516233665642514182393600417731340303150160517912292954
449.73947386401753891848369911520922021304079005965156368967753607116765688532011814911584199622975900775557352553012621709701281
457.03132982441474693613483052339363592417233971684675074122639093943621425471086783030331208382182954932142661478989242577507038
464.46387492216045462590662544930556180136823763389705845774497392374882800649707046060946526578653516842518896809967855666858441
472.0436099560998269510806275867144322214622233297058703187339411208343128732716122228561538982270133740387635808542529359577699
479.77763994402168218988690912982072478002389794623815000290327272876856758911171582617261235976149509690548338603065478975755652
487.67375848345733382168830006719503191551488168538401601414793729189557088994884836472459367466660020214321906587465649510361283
495.74054818511389912606667170038237183537293789236555738049931430670730445267362674181218236232601823574101705037280723618467259
503.98750113293000406544577855838552088635573893324037912293615308129886306503787758407430262878089579854442037664026308364484824
512.42516453802467391549796620495146379268196137336104466255251001380842756341814106655820008368625852906362723366209058895430131
521.06531842074811563761400686623057194778002297707511690624353731704321486890906081169566635549957321300581530561527572296520283
529.9211944789676612430853779308971164545496834328744426762022180429074020756330585233009238928602545424036819643747516026435185
539.00774859293628595753672712833720966514722657875952302751915336682970142393579587165617172010118249040512492877192267345097594
548.34200416423045498425295344386407675346022647027688440653432747950149120898111848364503324166762057485362639992612143683384522
557.94349046673029039580220640990453735036519534530387860160075342332679909121987798382249641729453834464215400986987363965208258
567.83481067884347779937237597791797975945923521768195643334831428297821960991298641551964908499162064669028059626187040639555647
578.04239042511643374820087508984695802611770024072274592887530636151247607623255183013412550650513254027528224539613161621881986
588.59748324330459634217861752287748655378572730654286891660698640423720064963270907630129149163757939510050957239019476020383449
599.53755121263383354092838248671409766109611792322801070811418704204440759474774136962512711534992708569744861533410810810837971
610.90820985975866866908966284994690039736986265553290554610449496855338249058646382160405814086991733866752736424417685168487124
622.76605179774818394702114835828653628988936582924573485722437551615635834045760731309456861704211625002260917199295668441077526
635.182896570285320108221854164530880211558992266567764971129567377479427767866147297414986614448560992948408778054798427574295
648.252474227969923994692057648503562774014784192085392948883639929583279492892649072299236936213609774021101436292182879752824
662.10152802139541250141437912258497204392978273702685364578097514192590100382663948968113320646754486846578487822668553927705439
676.90960265363568438909927000160940892555270762910755863092780563846461038891403159274822757159787572291137287397118273661971775
692.94779386250276462008921708208484618125279836332935716625823296598994158352979875047908585147950539571398784634659764110462187
710.66545865977044535843044190104739526858792057146933688992924640289432729255682244955582542734829598637684993603009292032974146
730.92896438497027062638974387233364931279231293407225829337514249732576394156696317222088103647648927738873591608006154216250658
755.98906063276709413494436836242636861641747823204685424837066921243804910054922308937027689711359977590117765482199022915826909