0.0068037600671012618434191957094605619640453377701231203369658273654784796907082076737151688218457565634302472114192320073841690929
0.035849014836442145215024057153911992290507323120280203456481756799546715898932058860067716197924684888545444939066056414140228529
0.088105323783737322722562556454449961977590541029084742748802472600787547793410668982389203815051123355337009304003978097269208109
0.16358714878497926030686801057966286958523207860279809074905555419625430418384186457979302452207130414127622645873682587951036073
0.26230003773819062481465445475741139557576109874879070522363469697516569217178118576628916025812409473227532253980584091611836176
0.38424972808593263860231069694520559492692709071406658915328963075161890006320694095838754285620082155841481705431995827047016849
0.52944300417603883506428668791537822846327279223790731671197909807266045172090936387874024934219602183955650479838189975216293858
0.69788785874580029383405533937405080511850285194276846741787712744296187922980370327546683073163750538484561817242678949327238203
0.88959353769677069681575137751766704303045792845622535125039259212603979971467303235982728196137216044300842761876237112358899163
1.1045705569706989008295817673566050671466518077531097193359239635478058626982666496684529527099688107458373489535239656583386285
1.3428307112029865427461388863976310148384662882687063631242239524244712151264234879948396757468927900076387842774828031544045294
1.6043870796816976430908278495367016829536831870991926041211372184428281703077283504354561734659620607081787149276645723766156457
1.8892540314514961626762701298095617569400189527435508635377030501573049434136363772811696500040745646197704558013224405782532417
2.1974472302586023338883371180743571080108324194765676198928310980960331038188208597593405621335818031649545346977339245376462844
2.5289836396289644368493523822632706804376200425955171215455609653574710165761346524081437945567851967007832389810098835829635736
2.8838815282137269947807529320371090115615072958990459857835530557574017186452780710328790360458564603450191292821798548021111676
3.2621604754688611048878048289984034571078284173848761605902547555309813356503205004299409594046740296920076137282722952643243994
3.663841377705281122553424011411756481764062532784127086832640845538410842550742534420870343207648086767045284317008826024332072
4.0889464545311384087503832995534985120761893009935310693609864026086349380469998314819865497102939592745070325477665855306123496
4.5374992557006876523997783978334524915942927801388582229619943231759228007252907273418117704895680077053173838003490580037771515
5.0095246683803960194040130530593203004549005799049565971278360037240543800007724754255103333880872097493330955353173031606559495
5.5050489248410599583291412702418097103984079092106831429970615162902512607998241682945030381843842097659703507207727571829747068
6.0240996105837566058901756705586272382785614979016298725598519703999320318475203710971582250842822817107730076667481178522863438
6.5667056729070536755917733586695969722251391541612830131155357924444553236456405802169154773334309131104911604820377558403490959
7.1328974299228056028425678048602957121504847894736073012496345382645433278132479472018889014953357927313609096807552194772156158
7.7227065800279506201570098051583858460852710930608066372668670494571940879894335375330192842754249770002363438083381594201350636
8.336166211839924010799508820621166604414792988689799534260730463132181561674913009252261730091803488884339187421940456975590282
8.9733108146035773015426553711057319579249392803782970445236326393551465993994825390621795683804499942278758676459547164001068276
9.6341762890778183774304787919324286544009288436482091334802733910538108059543088243047917178764118618409208509764883503408542404
10.318799958910549658868263297798700022019731950400360703287586799941321417166619866837221790324721613352481532241312033067469436
11.027220582510872345841198620638873833301471927445371415142854288163501848447205855678320750950568180323848653558096172341431473
11.759478365427939408058954527718615526653007774551547687720640095601733006377866240372664761583990876877284949895153910285341806
12.515614973246275631246295289705367788974229813293124228633448151604920640176614833881973146094907086834757588148053003849603526
13.295673545007838051392112609540906950913767639529150616604068059761776072459010098997008950979585820868432572722918051425790644
14.099698707171563779578450331717659726276572476925633764492964048882178550820590736229308524254789203460050281776520409017328172
14.927736588121644344395976073393929005608272213041549202225946383319669982880128363899160506799411959857444776355841478710981067
15.779834833236276431884573443834674929420285676044491330469067537937058949166479719401233302018428660694176440462540012423396538
16.656042620529168720087396607515712630216041517629942808048150514777012563435049187173239612307619923462826549732674216872299208
17.556410676876634013279734822316635555640771216330089705449603493623822761277528160363452225473789225828144496092244893776395909
18.480991294843665852800634370458196437646141882737219027186725663140004018452563412263711393755523199000436726233111414050563125
19.429838350122990108424769924930162708833181773384076645444407404364806493824515777730620528050523356987158579002708176976204618
20.403007319601695728034380045859482596741755086157588542461975090094866275075053301077388618302090815670038147284057789304728801
21.400555300070685925279967950041282151723921870749798135207248474387290124394891473366758599772101814531771891183520085939882281
22.422541027592852779764954328175467067913468802593902271602512752229095317922390211621473758845374354604096414599461690557845162
23.4690248975465657575010298720038446655073274990672212046365469124684935929518816656856135358130856763759048447572105475356929
24.540068985361779356434992205424511389387423259832316458043942634527072853899562144538434539236132176274213663267916173368773404
25.63573706796680834929678210020795523196314607543257993921502717611529565714439584708107928946103515025618524132999335304284524
26.756094645964592423777543496483148291988722317178968749261486802841102966750932472486559709124363100141583769813478359617318119
27.901208966558076984656546051652273589552884127546165443220651798508214275776855484292317878976525978442678298963988289387729962
29.071149047245175151186067063099846358489888923206940648092990772232511087514809268276006497765474802162035028729896437680688609
30.265985700304649318485021424448043078574008966771052334531472738807167093184250413080641888231277257547633743986435097922942803
31.485791558095160917374754756058578601557076629823274838570233336532681935383622906357892376818487071889710397251367747468326312
32.730641099190686173285265318853800033050790422479782574869895160485447382061314326181577113686480490181311072292984477360405264
34.000610675376485815156517940950361426587259316178742130718890762164606340855043246494135160996017650796233403521109117680450117
35.295778539530850023675779283447930361363613783870907822649317657465510731276591598797366457439701451151227234402318833170693443
36.616224874418918766875362715443619026187378142510333016743310078524024688357687108702033860775590465883062675383896048440063762
37.962031822426004518655364418014495472757129282847814152079063064924697095748311044737893694770551727240258305753210447626576794
39.333283516259021806183462307974510948720696707116348915149856719768722969582368648588820376761772810128362757680277277235142681
40.730066110645858854394182959569656379997967065852275667350798275668281963872993884907914399186835111756630652058682755754309119
42.152467815063813724419051854212749417733484302483229336161816432342007564981366812855696638768384705171327994461479059572461344
43.600578927529563888761994375099850742137114011506000768196757055027778182297487381506998915277120063009303461242733467704413003
45.074491869484547449007737760107940100991646748972971645472132285887001579219186854055348479819005570057457959962174934235144398
46.574301221811109682922153570727951622615922662925013388883638411315229478620637764470696152169953047570450952907642631008874538
48.100103762016314023460214228682001348706577521346149755753418349115420694000441625030988689765795960630204872387332218861720069
49.651998502621935869255955777413949556037757194102415940545618951837956364248513013482830357482744162882600839727125575121644917
51.230086730800854997868566367160695031400732985411267120435958204584332984904060392518487033801017296783814419890609347238022389
52.834472049301842256395405876581054992933984434311383526078456463136644822624050823353009976275330042656364756591626889495065239
54.465260418706603378467949661723072823441812134739705306094667429270617839370545082443467522764571466245711616491070579105997757
56.122560201064902264124098185727524535385188584205184267313057274557851585010666854445998358456387948729861660423524308039517379
57.806482204955643225894869468114031863926042782020157630791043016006785437980893919427106950847020824969544293032293870981938265
59.517139732023952264678340722378759911304381372828523322559302057276917585286448271058338584479451389032209627971510423459623806
61.25464862504656747965460820429073929478963507258733539392416692103702943635184380182438921016693184605978685738450224877167522
63.019127317580234725045451934213492555068114503674274346217558709620827217829677160832267182275750918803966702935234426082406026
64.810696885250313520274833387170219383760013642178912662677435973542199238765120220232206068002278319404969900770944931484930413
66.629481098739437378233333223477226366933800214361289918208328204233690514999372293002701366898131042611578434522081689607129044
68.475606478538850014508949034498437626976135360722452903089124630262534353667367217024763626703776041020710763286917436850600823
70.349202351527962748084142043833570109001120660058353716884568671787207874773422773160435391037360203564596568999764692043823846
72.250400909450757784964467994993019955043058885956771264762142801624446079355043173834807549717882547309742506122986179048469133
74.179337269360906592665409292434021325970615853307456534268819142004142589260686631696699346399954017787119853057634664894474711
76.136149536110892493571776552945239556011867885613864237407841904560732713068470579360758634308145623456440973482060949000058987
78.120978866964032914691102991947971662471488482653157320490274802493866706020516768831797970346442432543758226327498378323605661
80.133969538412101189836703768912207899698254036584841061003505625266176943106515612192400246125767248081577726780463902897311951
82.175269015285263012164035083798159350140434173680949876089142408447351656596330375935018180880830864873590416680523646733054173
84.245028022245282075685221526696121094320900424342529822633059944706737293651758653157730463228409522672676443354666224537448571
86.343400617757427592526622506408726924820122536611345938280846534803798556001407038420544694994042765463309906150268408379996476
88.470544270641248748576485118979937224779960333835569490900690558041576959213472728305840041691872311028848103628006138296699159
90.626619939305384421265858301141245633288486606462941943359693281093494905863876232319120354213257794026214623639502391974962241
92.811792153776868517350127552192514117731808638588364136135342675419147120479563133422944438328892111714461669163534668026786604
95.026229100640991315482749302388713566126729184234188271778864524147297865618865261282743706818342957174504307026652156872806624
97.270102711013705880723632989248944591505739783423684176520387541923332686866717345342571359948216763980653983074951271143491181
99.543588751674848182492058628331533527079894777777681475772611460647199250335003553845075314615853868439173323836290532470765561
101.84686691949709391676428874237864901885971556710569971878644297107210869332002403335219387905143594733393345594650969289976819
104.18012093931262997149540050734532904753633953870965348897876497412488301838953407136519489371512764204253441844393167744453298
106.54353866536700174474760071877109485750905699461935419190621023997584034861036845521443436442697893891808994960609326606873613
108.93731218651753906422452383330470663148967469536672293437895164806483987426779295822944050461039032720260398473498905688715031
111.36163793534219556433709092940781473727413075267915478111820988351004432755763973977973559826196301823024282946713462273396659
113.8167168013335939237192823617900895302848997999210140512306331889987453572621197070743850863923067296476242646171597291554483
116.302754248362590024025790358386394521694502005234748865954958699822331322582757544949493175557641617362724385265161915107325
118.81996043660579358371935695364162435356739036069648785653401829708484476483546491082309545576449550687480676044758902918228183
121.36855034914225520081305266831277409863178383292918187130396340765082301936813878983646017805681711111321838358592780655372187
123.94874392343599769138967449787759604722013458022833815109465974521122392932797561772714643809612908394751290533537406919348383
126.56076618793328478919861047731950605623712160106403834866308200572499921616520123333479926793916788864780702079832480734956202
129.20484740401653866576857850782361989004060629245812392835809785507846418559622031082348100972268601232559995961536490077462018
131.88122321357070007458646957873229391051467523666665829640819761719644258258008341418859319486684363371243497680404947851911983
134.59013479243263714517876253731314005735152768204285701700024237634448468363552299862810516606148556621188305462792355355955926
137.33182901001002257228507648644680257743981636834748851031288455353728232409193834541352431034016785455089703787993628536244261
140.10655859537299202076019800274394463116173661097872952034061229258411998909583375034174256684824190695663478772611764399209374
142.91458231013995370575239499439177990046239305225449743049679369563231876229722806678471913619492598206626263914619623319788733
145.75616512849823253968351897886639688325466974061611432678668032622668399756098687344325786471063706592544533488219907746547982
148.63157842472090246179103537249543649840519999703339443158181776924774387464639012399350503810880115254090135439456247426180207
151.54110016856329718090156809326319294374400910068580772864197756952527222685060750402907591904524660075060037456137428354424487
154.48501512894641218721142271402977925862703875274439127539107394130295985091248744814818014394088908842706383109400543220608979
157.46361508635985019016893596797986462055042212515954211358326952906545786047161710124855420810426681441799065832148098992366385
160.47719905444426097128786376678850312280466500926318401030274117625832444014531834020799101729881865331463813749706640746027053
163.52607351124254131774895575031396218672978065300375330324278061119684703147218175254140719753257076775264114274710420217322151
166.61055264064056242030407141783015393865190752226081023221807980301742311434573939828379510599501822069669709293580550045086957
169.73095858455206853889700162853097350711809196932070893202765056421804349345713840598891300745016499068149689780740135671534745
172.88762170643884776267216758311656479085197999093679667893005569986290045808401039855818212818392465936654999302526178878778806
176.08088086679653944326566014645907520287847227087050738374450087907814688856486602393241055902203589955799191182263721350446223
179.31108371127876193615843101343656346292353291361782169082805117788371036263895327531317484419542633700266407558778257434061139
182.57858697217789216421981311819225599478977633679177902809263537624169934303799408397561099945832033868176570778852800927271621
185.88375678403010648918135883146250457282460282339714095096237013558868516561679935725904393650067473666988101716764940160094277
189.22696901416553261202775383199845816399105958366832606538611028734424323486654811691532519258015923319717772579654480460317685
192.60860960908193134737289530967526362668182855790136637642464893501347874896935202363715583757697278599020984045497802002324322
196.02907495758263021299190020525901858474500599674681237877443789423794330285068283669353443821909262925533218580880488878032949
199.48877227168691590564154798897791730220519939290304416008312227968191436758210407097932566235535104714295364114937401556829824
202.98811998639425604915329145071967586983285634534333385971469716017902619651276329713991669244819285919477892602376458429127965
206.52754817946311212594709741779611504226234023717847159160347648702194830720158180583874689922768445125664575703560528762452547
210.1074990124513356963714586854889583396839872520284710458244901041603381953803341902882004741238507442567348541918571169521668
213.72842719435888720622219826031765931336572739214259654176540188252649017955161248325568339927990696635721745256011372956436747
217.39080046931563555584079447127379637143156218350573071392098521713551141030094009484706694396194882779685919981904200394852189
221.09510012986812780367611858615311900551523387348278408388273760861851539192809588819629386710057240968927868018600540950682978
224.84182155754039951352288289388383983965367455525679260426452774956128058151727917818131479606212754139890437208080906424113603
228.63147479247617444535067897686381395689727342471742795025941187028516622866851048548480936209839365771040907868144942197512885
232.4645851341143485094642544856321406756342890891007721303472054363628366157395621991149875256032364780154875595857684081903288
236.34169377500777842494091277084534198637778238101489747672806413248765036409137059731000218169295319618283420866068586416002764
240.26335847006857078181115379305465798965101756559765320889955491566910528795023436894569734228695148198644115506538792047337108
244.23015424371294348888475025258220432563582232052867711734101277869036393977000958731893907930933636069270302567439540246833105
248.24267413758716600582977107818570874058568337105880334884054820666806327840350186224335762552747187571977547213541247525939679
252.30153000178516905184204571941542839102377600376925433731111083152366521382575213938605890751042526384125524049388695655789058
256.4073533327205083235411143598140560371732135430800908590039227082009996366851917489830250450155105544291015132887591126940953
260.56079616109313628908195858771186485185160745499466827115146714529536933176462078620214518746092252967048997641357042084650224
264.76253199369789870361207928465945414082509439166133057513540507113291615289060529348969099052450335316140825179108060402484192
269.01325681316024865418757886048843519795045933233112176910854484183389176632061118152065105911885998738161699747699333568559061
273.31369014005924497974918326083186868527590527562922694487125182737499029748017306643927332472432659903412812585800833558753946
277.66457616231289254755934450852599535586534540781940481935206920447220942531706640220139400874647140809998163656514170928381983
282.06668493716132494526083924727842770720524491993037002932258964880500730577333144538233562006375822318640677456073766825368905
286.52081367159497556844036399615091442073808265791580317732813270713650641814070201261354996612903298146493336213000592660141795
291.02778808764430871067591550431129340261025116614467002043247376459405276484118088139730463024962002381724194108052478243104706
295.58846387958242807899583309843742683052103419396971982499094781778629272746716629774303411427774013170697242681062328963584427
300.20372827080060665482166440771313538929310343936011026790825025778719307058909826415755602106946970653040539409623949158426622
304.8745016789094574690887977188851824188853743224371166952582579031751526715673736409306952241238776977629922016238483102486399
309.60173949850658856111450373686471567461453471956052343052858172594803940418253507149300367435800500827384326240124423615748125
314.38643401204845113895462830182415493195425162173099418273040857150700826564639063210284864640258776771278296807057160401324042
319.22961644038510258744368501198720763433726177812618445469421849181020144966351395681794869338436289582307763236422189973125828
324.13235914577965889210409207139156459535962740124669025505661552065069397764815489762893350983790804085958466893139357837195156
329.09577800166013948449297816219198858480444074195912729778443857800046736868305722916954994058004380771141156483383419376365551
334.12103494496453392953394186806695611895168888714370690227915497693191446144535968655131018617736767255554912479266040577764574
339.20934072876871240020841452470502337375939845729722749735949568749047404376608565461835640448526797289764824838666845389051378
344.36195789496467171037742116391499273278340995288139353242149144346561311677629420860548515455349665238923552539168523609007444
349.58020398912287893223876062975283244990714313914570575884806599100643811354598340009440048546634055782582048626255657582648548
354.86545504237356168265358224080712212659077370078173760718895760772619151349301102613548943413398896556245250955617920602116086
360.21914934823265306405276160973505285612581978902599646075514452282427730741793154927811831458989836899443305811906208800170207
365.6427915658439988428857183726014736556934783988165185415802297573072501760093026905011624626303273601661996573372325249990211
371.13795718518814581737071487472806452281069068099974202332181125409126592156954707421189078901764900350328253663471062010286766
376.70629739451253539728931794589289148011371158127285493558620969463065893892077437599629827042431855665975153890167120442981027
382.34954439567978434050047818349267112803253384822159875752004040371465674988401377308463565533799601682821175373530934942487409
388.06951721944428351294059879874629547670059704342738244494665877090034290352212934337463620195608543551555724332121639408075597
393.86812810001497057405170680658629504179022591372338388128399150007063508294798165175063259220045973694254765804241403868671307
399.74738947684090113357052674035419812833314627215845569250234956212807543860201088652792234530987541804699288877289191488740961
405.70942170160630343245154249812178945111421446855510840310127909562205963258398059479406001323746278655670564200937306961752251
411.75646154023706649158531485576781906584605282043494195077610856734141165610756946531600651791404618085490410874245201031450772
417.890871573662419934395898278589610149686082627157738175342215295310790207277483551457412970561984957548606893859908337392381
424.11515061759024861398566108949307569888304575612861811624456461528146717985484477557528662490337382937714653291898524290510324
430.43194530119609481015733939413848865604052486716160126450738723547923665395936009770388626426705359960993132134662768468416456
436.84406296808575996854350600634817736944398293479046824107993340422544522500077337074087488953300862022040674540068185329111935
443.35448609103683613835917952820225457938992888591286290075402325710826667529002258221143382844987381246889969057738403596745129
449.96638842594978856304899112837693278229421911501128823957806121762408291767921271976574605227457604693281012404482425249913436
456.68315317153341371191806450330651313863886612434765046765002129727011111898766041734410056590564765393546679141070624996013881
463.50839345128692062790648992625192287910512426409579280442981825463335141249021556757315227641723933732089605150146852273369002
470.44597549560311504121053080730780683351164285915358028411594283084708546605309634626324663851620441994992138025728043106160006
477.50004497725881552724645171934311564082017861476319625358420880800978148608291070529060457741382144110027205220027880341336552
484.6750570470344428843274629537420733239679300061648580554191887779503505500820631626561628346751137671538453348225056362398098
491.97581073278362197308260001725953354189177153596082307092795376164721176802522777608554963715966580849080105235685489321693182
499.40748851167720408549338360486578584813775942387520075184586728472307991156261140702474427411543295949689586507124986038411551
506.97570205056713876655170676346515283791552939148010228226686745968744203004970674987747819897919965049931544679941304327689003
514.68654534560019110963212987172789293521213602334675364565631568383071108219646816503720765777017226480272172663800542225142303
522.54665679593178266763620172054967126138020273367956131475931408272356447120971877566852458195205005862581405749697804369765561
530.56329214050389095809544195103738990083492925036235941657987495641908005210351096534687049115355780807220715760450163714042165
538.74441070325408528926155719749781381572835223869500761707160411687036609388768565646171656871072084568046854291278582100088359
547.09877807588468639207932253987550085207771230878405974183120280147149274647086320864293383932929458506202440958999760023259759
555.63608928299073935419938605530559143740106936617581729458528468505919369200697956540021452568994988408225651378705014187679903
564.36711771573268643492715369684115752394511746548051032393928836143038103926430182415895609038095800924280223487587005740739105
573.30389682586057454414061025841375528052390652397987618073314120420553899798623136346525490253623198143668658382593155082773784
582.45994394984996838044970910237922626381284456605407014380600831431559729586616381376012743090190932691333137519596226697488489
591.850539001808128318756328740379387717472420492325876295723546376946588808318745059662249071061348908366471182623130957222592
601.4930756317328202971433200076369397710061206741335947359380578616931834357127949216157153281390929310594615024056935955514739
611.40750958941344125394461272274002717955294639519118337815798110877695498071466291277825450613596057444657364480280955657304931
621.61693977128954450599764263342703670910357781504429279946075674205639222371747221119926439382151535035971802985367976234073544
632.14837396587383223057126316035703497749908094536415433820983387490891656631297562774090343364403600283793081801048634537459363
643.03375750322124117073807151260680876554536518459140670423953835869684266626194168286699187508295065015955748654541754592221435
654.31138581945442768312168562486195213602222024239114647437796592032893846900824538613380044745205733091294443813128382238615391
666.02789450270754714510492645849053684015375776353165137885544860046644520759626441374398127315259437264615285649736109967974874
678.24114869341489992312500205144540644119686359298496906342804999224812847278927970928580868007433258269094535872284331082451115
691.02459225864245378358944402015981373107682749126322348664844747401264163306943876013143613496811377462625265124209894946319919
704.47408815854285538709353587135998863051317742406285752662478589979460644477214546783975323324114490665176978208706644619822092
718.71928259863269336713281205692228328073300235024252418842008512182557366561813313749357248057118372671378198731454848115945314
733.94386115138275925039059246180851303919780623856175997260508977015574781408204320141931040104204110258763905259824221300851832
750.42521840112309706278474569037217180934660817377325539444466824149818842612042220170670300586896021321800606521124083885777439
768.62323628157783106516768880959428450636587954731369777506837901115495462559832840085723030413872518201502183776189937167209019
789.4247551748364436252829106947534908853183801967854464113196195606267052337326913784620089283652481094299150047254372168368364
815.13425636503665213983266605055243897143398142891960402655147532445449897627687634111872189846682564671695867243992311127603661