0.0061392719550350214109831456440134516106334022148482766608425135171405127349088309737793925528041405176957740850831371598010325983
0.032347758220106063591290990792279167068157815011743910574120810915133036537355068163439552059966062161414785172325553775423419912
0.079500060815649655984912104224076680873614117738535043927321656021683539634377087789381630493185410510825385625244410687234988282
0.14760875032288401323410788018992448827712083296298479034318602504851119276184777513959030859696838054230592338307339765461854535
0.23667814073600902179753756490731477577985489181177123332990974054400445068648795374355444503583407188576376617824838735641407174
0.34671250351921658329526937213031586666178990978804224868369500481362700692964002251993494158839550383417281011134448425291944111
0.47771684073960479485036573189589846000468345376470816972672304062959619330849737928900120571318390470005255007249511445843695727
0.62969703016836274696849039031537544510774902920166662886310830898407640517684726077749656554403151944493737941736961154844783165
0.80265986495296316731415100750318121552345611136865027381496694234363787506925730384052790271500896684083484192504930706691473927
0.99661306799655341847857074018905882241955804257190233736797384860872992219276402384875703438607496804905146575408174900782488075
1.2115652987984218266516991408500256450311767856238491640372059812272283692497752394127401165794785151352077631447540734431781012
1.4475261577427116990219847747402736096782719793352482392621958671298505707659045818678451514433529835539605676789275727179771182
1.7045061894940305928576603473807641425432698270054466811613043777423079198837770101328523597103562853168747627020020924425889277
1.9825168861268511157322668719372896122346151846688786714253227576109906063141874348157373593469604301709354709055296593647296816
2.2815706902510253829322383437270588277118287685826396476970655722025354723169044127058872407227142192118365069353701720407372121
2.6016809982529336606648562230821580842229647855563959994130871167121909320416609966323712893373229250252616168216348371104900066
2.9428621637110064488797537377311751314698821927791459042341416108368780453253388847576228272066341018084992896157891906162454399
3.3051295010166673951492774150258897435254437137624217148366846299832653712157290393906036566728367167220079200283899136399129944
3.6884992892184040487965987501367582632760350255386270827677172004364323661410720224375983071194894446797801669226019958195777172
4.0929887760999515924025036070792691630439868274195500467034793662709027896775833530679907357262996713890623538244456795692844527
4.5186161825000707428156244455553084631188854459392637075253133596886593515968164841243756232696703345353317036192097172616950225
4.9654007068795355634314510280152950348008949714734605916586180060622756182004763091885775595299853179132341498437715874111181646
5.4333625301399506465024336223247957720962482116824404282664289172579791035351487904571867023953684477557691771362528435906172897
5.9225228206984992875016417925104032014293709384090305134089370516051125068888804476601428609662695630821253309738766491012188077
6.4329037398224789774653691835828742385224332208858418687894437029478414348602784550190755170643809127509330707770019047770860353
6.9645284472273956535950031974414764141929258171384045383691996091183992213191034005515088532006023153123763299646214590460493623
7.5174211069424008015256118805746500055104643749496416350667759348427480366452342963390461675998178150159856547063944426927713318
8.0916068934469295180236667833559494296108742677034819711987524630477304375628994878997093231900320939603510222526381964627646858
8.6871119980825117267058106015906378169963885865743180112657021869947075456613671511661116605199412222126541481658576497823478097
9.3039636357438701126572216521940523810468465812101764022876562350228982765930463820827359928021205911967631311903747992229656939
9.9421900518535792143199372420603819647419814244522550485752168168790562704837716933052322773829695135429488631095869321858057415
10.601820529624735680643921591895646431150293792708522959658179787974425717767424038096606098036620296316008152330129357919373385
11.282885397616276993527184858359766506977386061482856140289267018913583446088474005214671542784195649379602012782719699893624441
11.985416037585783135080226687698850254842265734421090457979386134434772186389587256285270171891096161688573353555044132609652087
12.709444892644801636034367796801974610673232944087064948533217625188399071037733203424059129534937585806592347860769398659916444
13.455005475721950535265474336306540386614062976871989274044976849763209351584917913638690517830668676209100442566820791481077129
14.222132378339275681194123100698741537491334416497033175752922995958647396208356187459500643591820009449036289422918266289842425
15.010861279707568393945388869702195399930483146372876445297418035181619999158614332860999042637230104764211513441946323979436134
15.821228956146586808102320659013105998535397543768044270587087598359036857653739826139838703671410166508492641089509545425754048
16.653273290836369358552133308688948981468900326468226427495420508098599239742926078529874747311682538030311609740630967224173733
17.507033283906082061153240493347422352647587284508637615535683747693162674054265121299334712820705309707453182878173558258912624
18.38254906286710273850673925985784427561164338788898416033710335971290583239150835209446669407744632340973936439228099397553755
19.279861893397315457765370225648002938056669554641395741550673074758004308253334165755657230692594310928833285826188365661042498
20.199014190483867529107150513218855917328073891339742811100260396174323024436856907136610200414660380002333037491435429892420599
21.140049529931929840304468368419426205353215021397071024295794209497516308819877225706377758388753958202259225833753781378569954
22.103012660247299484723127476613917034346178547755592688676440261130482137280555994847107316826910015554310424811344099828005282
23.087949514900992015125073436177680085789973575619055392679983601391996584486207974540637188638083003004465238211416232991774538
24.09490722498428968894550059827224528814107175265563134190958312135327271236615068679436547618972225206641940038605768949343294
25.123934132263042254186495080992051182317627850130530346991052569059869484631116027564887499074468297902207576186951298959741213
26.175079802640358677626479488803784507261769511349634294872467915995286783875794094413274188327863535042373049837400237454701683
27.248395040037182285166784267993621782748125128833972202467699179538396820740254208748253054196984002785644703024393890626819093
28.343931900700608642738727870701733851062627701275057503386186472489002899749567521934737840417062602427321251014159362159186748
29.461743707950185759734788376583941025282612552066468530952731361633073222251146464995337064212632899690589078377878054192972557
30.601885067372830480717960677026974462406600759807768793908921472973875767367778169245238820374639069615073701537365322535734918
31.764411882477403912861362868108208122290403657838721506686646544279879087964538239808967166118991031739818491661987592520648468
32.949381370820413117834119098427524047629256729931856490996011537434482340165047735833153935823102938326913172473372143548181431
34.156852080614746815153194467053343690579561936831448922063007143633751514657040778699335504992371531666970140560583579516311836
35.386883907833810274620842614735716626262028392108283121276756250751658540347478256501949578213978984353330661156378957304909836
36.639538113823899733525403340814556702584304233364723463367491713521639574411419649019328387031785202530689974415474093554059263
37.914877343438150417145791190685081268115093696113991176797855491228692624595025069928237137037491075581417190859080957416787501
39.212965643705905470740631398485663543370926728472264437480632749587602009666424915730111077021281815329091002973245573590116957
40.533868483051886776834563160580496804774121454706440301037881347564234285716785478487741805120783473171338096358831593668432594
41.87765277108010373248044382178826514635001857101527204099798111483241136649630077695217299079353250065653280720679251924291782
43.24438687893801364953211021060473571522000792963572663496528107864401298056998485346477479284152766424017180865167998462369126
44.634140660277048625256033826691617112237838660671849351794107809357013027496727036741046192481208921870627123757287703227635856
46.046985472826249678878481303679008879218603373452023027192934584220617595954716924037998959583240435998324238959609946306631414
47.482994200596400893157734465445150001072308623316794255682285443775222785756411021764264190095703608704677826685372462753074488
48.942241276732735537120828305567932541028496155380208066683610444519565901045491087503325103516888794181031096905038103147760043
50.424802707034994046256485049080020615220783247831103237106025524973150754374322216681043813091665925573803852637901949871134217
51.930756094164351744880435172190085077449268018387869993523971033705387037970101666661812565655459358628553731474487656700773694
53.460180662557503837593480267295678862170093319293101806647046689408405898168287207876104122018785069461846663918378983282806947
55.013157284068998083617383844030774231303257350326029637324932670740421892850168445794804591805243582129728781958760208880843099
56.589768504363743400957130158090013704485189016650877180491063825856713730611603418641085545095992932598688418869402458689376471
58.190098570082497224952959615459165209470225610104132551958411616483547157361323177681018658099905720243952543049493704733683192
59.814233456804047668678304485454982547577052383152632495029807274704502228682707441259985535164250923734655486366786564771603015
61.462260897828760410902261990883347523252611695350270765857462609056808579877914706455337393840735328814351509430642076453771884
63.134270413809156897382619235709145145334146284990551746061846354867498886229826383896299335884080725115239766636186160489893294
64.830353343254232133385325335893292891465055291276785290569287439257069026094962118642067861420373288857422435545230366426690642
66.550602873935309451819327424678534184868936053960637698508018486552682307572288556421212728376329444482296805108395444188891981
68.295114075222368685179302813235891497635217362247941672821955805622921826592717302757410751470099522174889908150619443483214052
70.063983931380975823530579727039013726153959216454145483356860279073372438554843027156020191917657462016088700599808690499358379
71.857311375861189337950860391386716788874074623624297394024671963486974902410120382122605870997849312752623030461762406364381945
73.675197326611123892762152758122596599258925865115523168819740871849974204620615274641517174517991677292087710857675730489780706
75.51774472244921934636257296948988663918937716471338227702708049943116242183925337748723283990788384859076771570113168883074817
77.385058560530695129916315954210150119545718499048917565754824559291074933187315655731501302712056079028534919334814250203642983
79.277245934945170883896009496337295912344604072127179701922259902109318736581151106776109336461611235308517720823960326124265243
81.194416076484007435017228323169670026568613650696763012071644905755791716082253059777774978804512326794654400245097939171538213
83.136680393617571858583848850560206950343743112437040336046346336862173843581013382500976444800187087903225692325695263871668874
85.104152514724360795970983216013740990215732191073339131561723510103563632343122057222258041339177043247653964641445358375970946
87.096948331615731958223713727834020676337818703782855189485990162594286412446751273346126982295658263765331183108305805338492887
89.11518604440189971010710569230089252084041421473113875753628874054257191451845495481963004293781090416353645263628716248272921
91.158986207746851971946924705223257799748270931658540051431845203097396654367224375703307062030550396843653901277865413195770499
93.22847177856194791113044781023024094561154203843034217048746051519074251944709574166153957566271433974283399554970200455237388
95.323768165190164891540120817861821505682960933624724876661000181217256463574715652763157785485128686188229407614396637715190259
97.445003278135285162338137864816095673662401686342424303444313237310235361034381789893739758977114741745723800110559097446722055
99.592307582392754464941799049719990726100003502248553576115523588748098993554914055965131304903402391230610050209287228595867998
101.76581415144151322934875729198317005958591215129115346938617355985297271895338810072783856437634028921188690160259377456467568
103.96565872295880390479382684527105299080138123217143785395119812098148046681287179310573722647752781637331353249274756836258147
106.19197975632280332323288190835892626343143179458513388732104141487421459270602631304215462932160705269321498026844067139102339
108.44491849197092547566399103623708223862014060993246684680296165331200111357139130874538173006041327074076422364303432278116104
110.72461901268479693099027496926937598633230881921502598176969134452052931559723138683963829117340602092504613031547986470251778
113.03122830687623422230129567873404766631040901745310721825456371958633099550486000171297238466713618395114103376408066482011319
115.36489633395206042959143519830639070391260983886894350863867253909581342778940770135077238563189653882329988311237110360170835
117.72577609183929820398153128826467886702130942251246233611036209744096597344288358088971348915607503738277362507700342128207753
120.11402368675618070666762308592619812804716245008362637562079774569977610885239007744063692176699628451552662364479045999430535
122.52979840531854333637881457261485852178434654588720872723245496907696302758372780009579304111268201433493238439113927599061375
124.97326278907551158075663429763765946233864908399746673662494248884215547061982077484042401720867876989298584865905279422805659
127.44458271157299874111363508350320454049816119459840827419344861567257446148770146494762329150687488586398212855706714948932385
129.94392745804838762136792465461003370658464712855151923037843040990033201139182122300806391332372891660021600266770819271657268
132.47146980786490968707482439133004082141185878785998563107143284201744620665002319813222194044595193766000190444395244942088554
135.02738611979967210348887190505425137567066211993106272826109892730258558606343559577236179143868661446879801681267057500456764
137.61185642030503723889789162438857452345051821105180133398012733402812951520877162812890793363118638794666480327185494092014694
140.22506449486915194405490140041005352822903738181103675842701368451738443858631848348380324469576653348925229040450844299416985
142.86719798260787807473076617419027645498591477326892933844296812091825165156850864058583343937177408764640255984145514537188123
145.53844847422721594429502880291980958642474281315518190337797212755087338339551338585795916250601701586347204131291060311092111
148.23901161350256520576486883999215562601656143771120197499819604949335918249435889435297415065172511863162154399785322016115518
150.96908720242886165702380869957040173452531611280368729038647538348532586916360605141317347173044973488540451777286356453043716
153.72887931020379446688331196258745323178865451481280641488973384755370782431356996151830118473271099400137325831946323236004967
156.51859638621497959617146270827821274276645603375505594041262911899348384165029937768908715112034599494279441353482338446781512
159.33845137721117764969271256781450883736945237916080315546976087158154674764500551709417347926804450136585523684925702153194395
162.1886618488474368400311057167257092511652568913845040836868434048820948296514077097940695718670190244030715461461251985680116
165.06945011180445611598201260115561989544541610015251979751474484996215403560146634649152446367509738620413512692091173326266767
167.98104335269354517996194288385154021813047807965895427753486523917691076452985231891638186643047671217072803155941658391165975
170.92367376997035620652492170552033614614473496221805397606897932206282068662610534524324588554574187222750042956268971101788288
173.89757871509312978324329995149374602588034760247643680642734570849274917686703206768827237654470996277106778865101737056835904
176.90300083917459260004474934280940833696797785194585217921115110255748516970776460177838007388767514983019832643897810101698362
179.94018824539092927697446323691362583564099332878124633928706500397989918229648355933632075854138852475373517435299201351218056
183.00939464742649335902763909927652297778986483333258592080410623415985566161436705403995448043062600939629271441593827930436685
186.11087953424919670043144248385641905576139634194774529760425960665306775736280815883837614665969721812896772746421909466935831
189.24490834152890242066805874287323537537300319901821477185402649403474997237993471728705986636361155790497635667919863148948009
192.41175263002973160954998879929207945013182206503815011193831302606209241837294364051829278804737300182911457395731759991215317
195.6116902713270730101862079510437374036850081802674595454989841826029377524355412282966741552785653842566888505736863963822284
198.84500564122136156100435310437771630096117851321965927047244909250840703853265151915992691444667599717777805940508458245819469
202.11198982124347885355709879011714550373861688556564848094780164559706041390584504072631398355598051032983454814941411949785921
205.41294080867104951258815781822866100199859081422656833991621267853715955235183950188815169165730197577815434378797395955073968
208.74816373550109686532535252160085728498472780213625357451844473393463297384975610579503044460593307712762820582003974361617801
212.11797109685262623740073940781663244263194272665812495785643579527649282229094791628133716525477181892642962871069023290353583
215.52268298930288586690655819120557353000946090191934372264419994603849891311008752507728986323754229676961209459959353006411965
218.96262735969349017794359513917046217863717994666258783730165047182941954445004474003009515266515007469641995532119849463849899
222.43814026497747138600687753593420287459550410490826874319822389954565434400421966771554809640599383739631516361214371288519423
225.94956614371586530669248547901462087947810512177314961080903427617338608517316173645565336985367671379014478073792650897197565
229.49725809987286884177781185137269895238228124293389413319417683892055619063649510910933415938342107448676118707265108384451655
233.08157819960218610003013470427980791887579483843701909276964690192058171259189153272581963052465274388804240142937218849707129
236.70289778176418936714520063028371370122262264942077701922801860287412703964420977933429236525846495452245157906509606645291135
240.36159778296427066992821290385005480582997708396233062629289656290038281486910926218317038251523375200942004107929750675249666
244.05806907795759184287788205789366104786649241770494670664989495175914391057168405231122861046108011394911963943954942313395428
247.79271283632473368015686003870171301607232136542122014251934836807448304408144114702001853205258906299038556907527733596341158
251.5659408963869154718616009157571179621186428331734528986514134949576666103337452432420058359965992146206597713557166813879356
255.37817615739896682163801928510346629261984462022936840360032174226598907623212586888291261014870267707551252165805468413678625
259.22985299113359554618319821720051604897372445380128906132757914892116088020580728973963937555328776175723138806312827938245268
263.12141767405227563742985573122590271935076067129858241636015823172797686147483946933656345609303824503258815375777209800433898
267.05332884134690700816575569476329581202704122315534552935540379239341467203902503196934163055895221967402707107019056547007331
271.0260579642329733136874911826231499092609427787115505922940727996238471260554937172687113758091064400827215400186349687285639
275.04008985198002353566088600706694492221200258422780760385928383906080950392095387641960905181159188638773289163598020094282052
279.09592318027979387462875972070904001513304350045125415108978098853035467417677751794892542649342930868991827345691563138304518
283.19407104767713545589241796552493073385317692221370929022961966456934390092560052842227395252893436626342367102917364547196254
287.33506156192519996787790043110888025106009728689245250056146535513001369860417948921850579504051852305477015245563949209421841
291.51943845827526690898634852693028039213006368123041747359950493724035614190583324994383412347812035822634993677779874318784954
295.74776175187452459093403114101910454795777571474626344522323080616737645865012646073633141442504694263083088714011176511844649
300.02060842662355855320509264530569805029621578886883297685349592202537509064599230931151327079438538032084908121179703214181772
304.3385731630409582217474770895025944178518181450615081072265068105701307710254886972375822699261492267505116061252256627965124
308.70226910789724041179480588030548303107577339310411034258658559409124340588230840410953134752525495840189314969415123211000872
313.11232868861636354378632888965972613424036316598311177772758302738842183192586469051067805790517345047955394023818393721360624
317.56940447570290247157650624099809801034516369364703438108205487188303960447072329701956170547379307534821963673830067063814337
322.07417009673921998790275650998562181208581523026121731832472038480605632201958106431076745673766199266881578779693629308584065
326.627321205812819004063630219946268539245646890887375554511628924201967496379134846044995894249659053814492656945917685144756
331.22957651258301662261756501562046332592737740879059666367312629364902262158664918145171315798529457916462450948536815649554977
335.88167887558215372850093045763419126717825632022775417825302777580454122611324957023492517658490215084326597370022516272301227
340.58439646477429851093972109604917875153602712596452869634433869281208725331783342079096460865996935873155532774907423405901499
345.33852399886901330530148265147622884279999752606353183399264841904403151061109259763549576573724200381475225828242527158647124
350.14488406341516175402854981046848241888583856016224265360019071937370659882459634687392044718773498072146932652939474964302918
355.00432851628672213694101625924864224898850428523064202282872173488021537829310385061774205850131288321252605938134381035125139
359.91773998782692001631658545519869974778569356767900090868999204681523736306402517053345661783275805279834452169464660928964328
364.88603348364763231983674156633048655139456561677572530571976737103601386870050874120795515164859589096886836430316962765841678
369.91015809889822836959055356033646609483990586056435453925726589909226889029777607134937689129654056477815174219426160470529663
374.99109885373366292656870273232255887625726879630413550473137478451206767416534032549821025982250311750435632084639235139018847
380.12987866073943599452656027931660504611717611787981317167391408003527837925110846380443665217435951233841651531291868263021234
385.32756043622687586640585386467136509191952008917130256766970370118581947443944592909410861029265443987786130492884661920453689
390.58524936861454550631787221942541035541435154651190008269481117625127740164779274987882038160352646322906336468614549382845289
395.90409535858191325583428657530569624352142913988318549895046977807099212730557452940293001764950249825990944857741573382484239
401.28529564734486099064035324107766467094551873613751575937763002907485471994310049973408257613663332405086876961221418469185667
406.73009765128849830106685648608980782443918435694127153160004672068662202515655884814411521718926780361397551988145544248383387
412.239802023335583226134474523899928524555826710659405598356495425189433252200779601658038434999608565003253933412124793035401
417.81576596386919291348484896823115665576961477709786324555816766340800441168274392016335673249300068355426658943385889091540667
423.45940680681403620488901380031490217308615193628543997942202084527692471212281924386122462388240593895245182915434012524745585
429.17220590966866199073506294957838706273669193190113687507854965144472105760272224411878894407846242988328852049297908458384196
434.95571287993814460850259518669105246350725028426622624330879558196946173367662635625996417255226012833688869936906037959029251
440.81155017462387696849578151755170828640246216166028478344379627815270323138616740301771799948525277868190617001202999507302121
446.7414181142798300569693808944436824695925231297164308146657132467050749753204244938164888863331412732040625365046663639590678
452.74710035875817603736421079797375293778902720247680585397335144524435628954173217854602783247484494386442674800979885202701809
458.83046989828016669944938306004494483699528052768851448605968952797415698428487253534216709995045360037757586975127358298473975
464.99349562104820687590250389155581497736808034809661890000377587403063170854488526334511219636191777207963857615248745923747586
471.23824952746556377280320183176092071299435427687789955816229593220982867453922612561806413277035134545239542925839228300191593
477.56691467139898192549358377303107956386676342305291920745059975247251903939302251359480127311428162885906080555994523253947828
483.98179392111000835918657044606145173006368140873191352502246739724958045313107684742565663561083923242087230715345053853533525
490.48531964686606363948297272965068996730186448783634962390344115266093620147786241883938466217962175815301921156037944313311582
497.08006445928296353733610758270133830214546537668398385108265302978614115575119945798080935745374579111683724868715527130965279
503.76875314271865755863856463638867233251837721267220431821135342967536164166350693641314420639791057641596514644556404525250176
510.55427595224709897227872394477555953487754601836537219311102031122198797002748934904525244441365590630819591888932074775986664
517.43970347178680284715354860142805199227825580568084895722078932694716437494658514819804408931837504074462519119034362007176278
524.42830326597059179360289032797936778627713951498551669591077681904144595724327327271314663649463083924880432599914120358439056
531.52355860075541937839662152357389465083435931009548027588420107735797987930861029234775064104171047256251053644556364760234665
538.72918955941599653033559373605725076013277378667075070608253323861309358530621946681409596025252793712610026580524861046124285
546.04917694379908721429584618027106681932756847768697620281197146370942423441253720935300013409531231550799481039062213328970557
553.48778942858769834359995164758869420320397569211555636080467476838637612011491275454810700485863373407741426303414911352412598
561.04961453281650720620777369734607381729510626482970329730437320375641613714755066293612419628690832085446815908627161907555043
568.73959409322630349782868971860808963896822694086928444162483543138505933278942321344783320139892290245656305468786084914349112
576.56306507518747191625730860937420063690727915898011215735231405184953210152669779522718553637563403240416081317984551467028598
584.52580674814799011778141242077057748841990706252122297654329097995042245976830095291137662893577045304588385412683443130657133
592.63409549641458617264122675656361356183404406458515511280165416282483173507508124453131608197067015209783390364549093583359423
600.89476884967309086186666947797576700043958061087314377658948873166734753676975717723970830703935536284933940483834143520706539
609.31530072460508396790779211146523422051154691989515009278297170464552947222041516309595968254354625631215628210209506826835077
617.90389040220926803856644190737785189618518614351216757585794788473415999509152158461494620959907803244886173889383024091989374
626.66956847154326375363019619175960062751547996274776462635651827455387701053741230431487784989879537118032361843110607693018508
635.62232391624550155716250841100614496580217724196699856886438202315328079280836254948488086057222372837868119324981109953377068
644.77325780228976697217415466308364458924471506976353981214384713227919762652415420326948230957914038045058157493115821275090313
654.13477078707055456690776653475547561369855867800128259845748963375601864309769035317893578135218541262774056777048124074587757
663.72079412611639313289576445967130071430713383819353538455938361778168640724626089900629160099741296478978097637184257082307258
673.54707733367643710467461298269849891979265639495220817396265344799297790179290016495183464712399335002508635417605184052640245
683.63155067177223852188393466672554578103121182563678637088773823872813374622578225734015184933480209505870172374430452459498716
693.99478802235483400165110666556261288020796348126537923198300496091986657738409250838307181902580936187787501942414214972593582
704.66060679012133002937139296828815547437582775606292798060708657830046946686799070452577489539029053006327548191433932086701854
715.65685857106434708510418721999751176786586793524116035765050730381882110813812566040444460621581973903376330156651241704914605
727.01649138315474464522009266045281869785139535991494227669356281643719438465706404112047967505782167460951033677299389946398302
738.77900848826565485186260790711338738743583212725590494775618792649821891407556721368200806242348545908757261068346701510787947
750.99252381382480355768699749272420568795964386663717231276892153776246746853693235939931602468105793810053027400235403698807474
763.71674658490782131866178101830521386605177137207305652222215543193959414030036618010995424406252403778453251162461526575739516
777.02747432801726915096518722883032676409837669617162952287898077159288409741444807426573859713864067046531819071762885240756358
791.02366024449853114225279022264733749477354074864529375946486806069030489315851923043980913588982517822591050904194883981233435
805.83915587170869709973005879120281800240782823798612687021083335375595051596641637666285076952697581612624884685734711217966171
821.66364445012099395383216184122485241709617722048408938617138864957421250113612256966945891458957407581103750964269530295804971
838.78364220622808388844860837563013666543791801848393220118037319320342652797856790243779558273587987642171121518377239090211201
857.67426953128378666775224213603752489602829201506058337399944671953849903439555092612366907305453627295455235160802862984605443
879.25200155983167439876727303317618162548922271247087936778394361237546345990436858965901081820321257805613270813571622234325783
905.89907440956454235941441230635691656263372495414783444352357084754977967261191714116729304824412967530616106184592086408164618