0.010514927403778069848111114083218247368288560580779530664259398939704337053316122030507457468071934105386638433420045730870224138
0.055404033437991550594601545085559751768922125335370909556737281075839646682853996192718163638410168452876012563004412385089488431
0.13616913178412674548005739520851994801263662640957095002638329595040759258447195910481812608039335610929564979836769388242084976
0.2528387047654689203456673014186491789950345793397268126906240583011413219150755724667378309785202321252428556396022992005016162
0.40543019231250421473244263108892313203897661509066842196398094533381727069108329489962672015077360966829357765742608895068424383
0.593964070043189069731931698752199667882876857819493161243379798114626102470223657889887038328646651438357787915936750522459053
0.81846518612708569998055278258703959207826363941006786689961785601507658861010342218961099723709062739287355409810497753663311587
1.0789630255434417904104161079805207479089869131284533450432066700910465934257709654711296966857262342036419553229292846612312321
1.3754917968350348254217554193983820269045584281419876600893637299111334231370737209661576789455016403221785218342981545124469005
1.7080904786442856408161504128558035507623183259813742758102667586757016850826693615856620183861541414512355951498340846493794503
2.0768028564807934675101797698001414473704306343979377597163983446131344774756353269048831992760065804393395330517574737102372885
2.48167755830983357843631775172013253912162637041275212083773315341966314169825104654173155214404535710780197127928897715191133
2.9227680918568537695247133808535738269104205037304702825401354703103077807762424520706029966663160373237863626949594753248697655
3.4001328847624086860134341750937357301325319787188831477236729817388120916704933099715224616189193148779216024717122919793104586
3.9138353281042645890148356454732116443494039119847076382637465585450071374985268256432094604181309946291799008414947665952832568
4.463943823565763023891329748482869165012999335628333326494603711243519467663956602272669117288157492981217447314742649058752479
5.0505318344326190586220996973928831420463900196594187233199496707946186043118991822195541450782685735190178904382940717529083268
5.6736779405603700555541179024163326552125784413290022543973107278645265837189868070881236428843331326082085282219926366467071418
6.333465897439619649499460459943603951455984585444397374465298596638974569823648674815194270019869000510690561131479034500401532
7.0299846994828241397807403342815243426998069042233203179319339102402470437342896592895372638727722293556381356213540954858398884
7.7633286476588523011082845625738024265880918078020218537446834655992005389320251197633955658256527146787490672821239475966545287
8.5335974216072433009771418769362949238238571600354697672973711851829292988041411383086571593331231751611853154510918692119780944
9.34089615637170936622320333342223414892001069405233306488617984785703760915520704055086768065882770815976823486444828196148395
10.185335523901349416256221389454619917312166844015864664804976210857559813852460782914848168085606949394878066107145268235294937
11.067031819477945729893732814569753901495199271052154489695524805425307492215013067146849018919896592935437009283535055962740335
11.986107053238460150313635609745811475059980558662694046045467233223055222366917698020368647843754320685509664629468324465906064
12.94268904697336939076995058645566244342163221191999675225346723694839085243402121631050715867819542019661787418566875746165313
13.93691153639377012272747216790663401915662945714594573342371690581529884338943200002551268792634704849118255530994278928128471
14.968914279073262692023803894885349285452924126465421893997616919080523643266686309552510419561695753578107282158012408806066618
16.038843168284525542289999347261987846306209717004653217588030239643945431326890321078580600899452433034012385905244424898825346
17.146850352965272199242553648441948558253908900296735012752967833310405544406396055494142577533274020410391259215448128100171587
18.293094364064000966153001542093058494822371852833178471730415989907681297841934093934278613253397211700660166152635560305880149
19.477740247532675345502870501210135255845765259260799221150350339737539116067277041529143306233247294929283861048514681872046274
20.700959704251290166009119410090756708931859795990255526969995878158357861464827137690581862514485750513325844976787219860170779
21.962931237188272427775857677671391844371054962313638945245894633925970843042427704912354123639697453379460200140682563394157912
23.263840306120933688620631523743240088730341660298762543922144670297826620799342365769337208797863043486332739294611878030659391
24.603879490261838390321656539866072770762950590153190331903829026107326158448844108732293992490917608605674852402011721952234488
25.983248659160095869375202340409203024263642959252345633465189143535435078037244112270304966112043781544588577205516891798493131
27.402155152271349832275129603282071508442649575298117039641187689348090183419939174716260221156433532187151161865729045461140306
28.860813967616766686840962639949139719156454238589190159554807022107281278535937300734582432513595584417568222579064822904279048
30.359447959979765368863215411556390034123541763600135287919740756653413722160472982456023332993724584452052608720963870005494444
31.898288049119752789528302725852997423982567475204317476804883298690483320708659382942872811375706982659382531590344222236755081
33.477573438514913441690412859226484968935893597533617839571184401289000769069721392786039635458323505134612751267172916549624354
35.097551845181349552516548930820752535536263203811375901439284437377997436987751404298836339314046048108330901863720663741484163
36.758479741153799741306071029222740292196189211657432698479804270608625855177915455565271963852268402104191453102934905146863481
38.460622607254021687689069378456196360231221328296378481880621453523281545426979765480214055568088121078627577802821981663588582
40.204255199816974525283669744682027299045209433423664893591488911106796026552106551299923938003773452424257045908391871274456658
41.989661831092473448251719647175736477359202651542848429544084450497692191749413208914763134834636224981355295154425849179238028
43.817136664091336589051588244682896354275658854545969120748720563620353250892397110622706753063850160147280371180540242733259411
45.686984022700560693346082278833936692581407549118047414660199017314288420809170070340267293783225076643627873969076705763032575
47.599518717952143422973223892342765186011121056644956437687076456006715691554390278321325982937825315695786676862173155678226296
49.555066391395254541677801937680667746242572675985070339785282430548000125718120378114134076913272913268533318402356978890433619
51.553963876592031495762516996230176524837863657721034866539506823303801408224466520305922675770231581749041073812611162235469845
53.596559579833875912756692605064146917437630245914766786143248490387381962387389488917348924713706630792538183845739433850186979
55.683213881258354981426191870617593363407139732078494934988412204611627699088862993995849933603084962952417334004107751708557247
57.814299557637331424063759784115181109235736186080195100947015222391156472873414776934682951840340374529028614930906553371877305
59.990202228205499383818288440145839399653245561066856773992575988686657556038223867909544524700953741523396489416674055704172654
62.211320825005917925010202525571005335653999071772664925346494933780463005511132463485892413603044330960695539196232081030274884
64.47806808934633225867895998946411903466826422460084653268677376195009186385483964283964869620315692188747785031157421172698248
66.790871096088087530515440497594871253138332506179620705654780051849717630739537948576888037962784136526893258217147734450311432
69.150171807629426766358754836494285613910957033191451006580841541071948008976008269731883447343520929669984776427319957356138846
71.556427659598219121151338367733893713455302906862684076357339319708741850700566191692061435962348086696462904210225787546772157
74.010112180437141780646902984901513849654788372832007723375667741763584415361217290879633313187782643587654538187352323245049125
76.511715647248674630718881878947767328434497001421347177024040636852744428303412339764262229760296133764011503244136502273576994
79.061745780469803412557322024737970961917471181717600393980269698682871481157577096781700669236861130428105942424268302132923395
81.660728480169142420359496358382090212203670419599031378493420575682940647505351246140490730140661277092397151084150011582702916
84.309208607004629259098806249114385336742338199337318280261364952784601580997156555233409948038056988306175216514789373861646619
87.00775081115066793005912310694395599624065954170273187645440853029739411533828607866238925960028095414365124591814359872732846
89.75694041280261315979168364315102711871813251767938426973238241987741700518476388700270179669802234059624644677631239576521659
92.557384338197216667356011134470939910098483603286813106462497186220006031750890701493551662076899242229463206944134804547389413
95.40971211545398290211558646757404795113169775983412665090828436479968965859942983712288793900407212996498352012015894599191249
98.314576934948737897275519740951326692150925134942494964133021608414533980224460244610518621270682820471496367188432232871622862
101.27265677938215787876300689780929785711166653978482220129560408403330268705005004694375852536667401198930629479805913409675154
104.28465562920831911995985900705583556709932581208938065177449022680461548945258456648897641700427825964200392000368857592117954
107.35130474964814732471168807797565707440432299409132759387921185833991603684215569593044744928971495410056694335040090033837108
110.47336406613757773855443050253774914829208511256019858858782362220008140603291719283976525847105892932583270322971563560664927
113.65162363575904900011206733034222342151361556977044042442185463492470044968118499587953466384517704974871123539230039237538538
116.88690522298775095743800637767940533394648192500217249054339487882844733623291505895091317320850765982627358015784307864522022
120.18006398896251168394742400786226422231808510771908013877470260293808761332061627081922149184575514486447363395473200194240414
123.53199030447887694156019885390907076954886396331823542171700686659699466869715132663821213180193858039628251009116666755282582
126.94361169801452562005418551218544262394220580688606904725388746308811447565842393569100037124318123928823888020145429386918366
130.4158949513529779454690643093236763981543043391092982229679615125339881360569608396456611450248155758679824270391819886671671
133.94984835679194982594140138775993044392474037983357532935316501750806890451923644731469901418705281225374841611836970730336838
137.54652415153268368283660063661973696412829871135842666563471274566699747644269978658817173582137794144622733328814872104017032
141.20702114667547620719591753695891391995946510366328980486809176689376490955920246626058071531732047990642887457932521740736302
144.93248757032894404456389154494256237690170857586254950517994501613937410162781526260311871792541336216188030966815509487399858
148.72412414671705648373757082699509341156315109541045358972269893092042003293930589710616616986111261062981092568301689000891501
152.58318743588684279421141838804725818267109349636770651094698216722373362524999617976572611451334461085912008405545747916554219
156.510993461738214745773532357552434589409203185292340630920212553575466752906988644058979922878858831720528785315245350275426
160.50892165968375331107610714182700289811302653266333101651836457768924656795572627111230422173531683716253670817418644932046945
164.5784191793821431484709821075763384648891418328868085992520906442079605489539463522399290967575518520107867444270383774110496
168.72100558277202639856579391964100301412937119306717716319435307761432965029967220079382870782601806603956758644417458346166228
172.93827798318117073022686158127756006523047025133145186662044685863739061425646275795408193113889623384924891630363986599044576
177.2319166777413533790924552898008093048097423379955026365853927858638894245890982849352982607612703822195305753083503426579266
181.60369133287497379133365859036119377223418596151653499475228032321993034128851304239877461050816474469480150053639005198413201
186.05546779144556439823352541013980682979166561018815269667691545555657436987025530261825104540871222762213261147733962067839703
190.58921558053858196197741895259236822333969805155051870726172339860380333209786974237135949261095359627411180763957329852564368
195.20701621107765953066234023758625292543980181060897518193362005452143910761609213909133190360346716593251147791745642099537041
199.9110723749757934235387097643597030717349724312979838107966730331091170235032961329316635888266710863931766753129409365595426
204.70371816275589433684900207603821587743910354852473410095817382096012103712160561839814327784149924099933394184176473823821975
209.58743044515600800035304176289625704286165657652394845143786995038832551840369691139775003710486490119587460896195225193770144
214.56484158692050526486862475869695723365980857061758292984239393444578880496688377817714251385735786185547489045119781793976812
219.63875369072737862164024993895379156909464547642796341011265761379017898025770085198164898167174019826171365012453639533275186
224.81215460522889361133784452010245485913682855758121846796047370954523604487732903973310048871484110346145100834693071087136391
230.08823597504048200851623922769216322849848548812229715197510063740414606501881862637946666677771137861561379115426785420644433
235.47041366419658694084294824468620823163058852170151035565692598524181846392160200771945208903000860375123483218146811917341123
240.96235095068600980703449759429322693018829692990562176495411851906382464626607897628249481076712731409692710929356232822584638
246.56798497155350370222604987924784452729871439977193960912612214813113258817956832534173507482498103432492389059662845169822798
252.29155700013996005253069932617460186085315295011007753447165164333201436207222994736920062250662409729675595010639226058253275
258.13764726520509589049140988372063031483085608383549895182617383861542080620138829395866309968923717316131142849555606843067582
264.11121518379199585543529625843166380937395233484023210000250731801230000937975105574912269140160153374733633686833027048336759
270.21764608636329560447761674982215671327468652096408520054069781822560830524098996170662117774999815827530077975008474909287345
276.46280577843898388273963116224828368575617612389763625315876964137318303608815427854752729071029349467117021495762197140764068
282.85310462765625489746624745391167452012594242136668048439772117122321619135094490845042741324551284827364597197652801685589079
289.39557331669989547950442809715085341763185673284314187351402930298710076018742481314402133780850133994411116539021890976613446
296.09795300025706594534101473225848892642222440859056953422765937271161004027474826481476049499216483203366991960535231061458865
302.96880340436354409413953992566348607409564364751276199019002737117131198833399402768947171599069375890427067641021202473881001
310.01763349107671797938814633209253294700112493366616857845010738691642695699066816566924457186789729906200035902213687570685139
317.25506080115887803560568336541789745155059810260758994129855386999835415520814193981487702067650899503421909820807945725820317
324.69300766386072161572574114978547703267794886433514007260217009448648973782976661852354063577878296097979838705154604587528452
332.34494540374828276927827346324226941779605331828536257504497352148055574391892815889865969613345809705871499555319197899822864
340.22620191397313956525635216394051557429047993756811580545472646721413609352793992637189724451367802659082145460481050423008208
348.35435419777631632622194317030916556355682466381250748727339213526202896799575509104887958555949707571679960425550662958073628
356.74973684449859789624155737237230325337984396580565362534927839925342777846376996454989067241396317527179544102729528881352472
365.43611182607223748884114438129381871301619964564265528254902249986800239124618950041656309752334413276172860651565004325913411
374.44156782764602487735308450090248900604782415969343994778602488892772007919437585215738295151185539606161068964345765029989459
383.79975462415150686317242551748797747891537129160103680796147449449781370754299002584442174974746074420220613864003771608934013
393.55162121392762473604957106506232339134796995694262011080495229391636054839274775891343646391978991472434659580139895661260671
403.74793814361154285066823069107191303819033819103465299526104477819778635460367577284272780472718976398827343866741593887994843
414.45309209997228024969086230948165818145988964304732804686878261528598892477532257902627713066504109119365091132846348230777872
425.7510506719132109549368994605242608381174850300916672128552112033646887085057354637260698111069738466283211475783597326279225
437.75526600329289195093509009637826377213116416931579028622858154748897441647324316958339601100716965236618413034655070719405467
450.62631673697915176981957907385813992186129671041061979149437661110247467802394054374472650307248110915112464334590162010277946
464.60643547937332473964245395155839379915716950839137956934622960324649931684849512191499360078638371663490914388602132009065281
480.09672527607265387187709101196632018964676226266756905414113217525651050159333876653921728206562894091477997125784301457624062
497.86963110232523278820608788844460058621943746035183795467118515043554349745881102611357076042022399680770354895569089937844417
519.92921632047695381567875302547640850450018450197079109684496461569763736310649685519481296707616609507284207719366232320585461