0.0065867829424665588805014167024293160647204510822538444588215218484231165918509808135006931192593567909298752020493295695334631688
0.034705737457655172074376812130529528592238514922037560111602098935454899989774785928501181858182041515619463481953601692811839001
0.085295406763279028492604824880672386555271134557346721613311370098139858690294431875891996853400629255090665964293964289912694914
0.15836961796075776321517543825710397128279362528631413407692365422073190686739324962088459213235817506527548589646278539912747368
0.25393349116527173987596841578574792928848606342908115484235752475835950439701618958947084620911277098125137012510122250316743182
0.37199225256602126579496608363222148832370784962663866421294226771838149627781585885382331153807762034662494141892747777680241752
0.51255206425389084955188038939800314558591570695589922270090051533390314149407901857039930121976911979966388275405589039204275142
0.6756201803189706028301620653810022120024539633488773855413618152175419231734446903813713704628985590242039288113347111768804481
0.8612049899149282600528992466852688135469103107487755118470232755982760474541291343964086258596059246997036289739421147723983571
1.0693160332682313272740018984169209848230189523618250320356162823337549895786837169569733923422522844776265329121616879213508907
1.2999640096807790641226812716676233847068758720850404720924434650654070204785727669680186404311752203439373328494846474031986217
1.5531607828772817456902768978612526809838226741547236105950219145990570938599981170027929915217233351528005861466747819036758134
1.8289193854776559051966526387782005809163228429886855135509381443906828180890220746261807709652911435848995840886863131710555935
2.1272540232678277225400788113326680762027399309274920490429782962024309552994447998509806627958328978960479301991313087302987371
2.4481800795512707835149246445333077950211499379528844999366743938556884432126289737986600012482406534069466751085579757194012368
2.791714119710477998851726176360946662662910630298608020528165592976350636404860616654910392510700525759418304920876209235367091
3.1578738960424415576744397543294160583290065288613095738335460139031249935154335388003289540194265734691665841934792312300898086
3.5466783529025919322527552114193647819183309972870441801602133298924469066625935288588442684064730365488849796669968061848038431
3.9581476321774235088692726497000589901790960484004881889094948102771290933977963953064296320137305051265189690872440578165658788
4.3923030790989138978181112934920568201609634192679637145045785122223313871978056223489496009910104103268360910697535057857927957
4.8491672484101780685032502300034145398101342066109513569894815975670974727214831822518704973756956219609448316848224697029912528
5.3287639108898927618662813016789239206799163176016362508507276838918361743856999864604742066902627984441325792768201531027375454
5.8311180602420559117199747587196456983769460462126376010298735661917682844550209796554961718880638321570643841306150360732264568
6.3562559203571910284831262177692501910869365548870270014901038782326899683030271995201005414673963263637707534437961458577539369
6.9042049529509469263447257094618019380397662462662939806592813724559477993101468821916107902266124132396304976414599498287195406
7.4749938655860586889241547751003349235311633387909843727550097097381271264883634120292215209122043465782198775916724570578367973
8.0686526200837591064142818564554213195430639128578924155992103238344469397606101189682226736115302065276028739050351921073928387
8.6852124413309223653025481274365272297934059072592360811069766458749715952818460831279118817769725674420234492439751247295976024
9.3247058264894608924757857898482891914891527414990018975661148129316557994418108174736502158116758433672104980759202716810245223
9.987166554614768455693434091068242797916212469296987854100624743433000788207164671970682811297020455351071792896681630546360941
10.672629696690299771005515877154547791460899312723139950613438931447772209643274046403670496484554686772204620047997411624555559
11.381131626085694049952904986991906910709686526491594564542109127330854514271106922029606131115386828240530744776895321387601964
12.11271002944618419213610214276852668943027806850579188415439406364804732861937312174221736575019720383067598830606975417790066
12.867403918021382983391479059423965182368003978012399460119222485063055346164549331179397174129855396522133154940949572482791298
13.645253639441901777853904919362177531180468057745087566792775384108125108230283054354666617635046589120840644729371240503358673
14.446300889952635322452020166908686948692355757129747706602167179404221262967653520047118884270436942091306580785299701687008193
15.270588727111938571228193818072808939061515398681998087158409128005333863468225147441673285130681096288563046896006039130680803
16.118161582966327720985200458457042401024529922000421868853484954197949677912886962211933524617815566081410800596712425410830345
16.989065277710758637800367544361054819637830621185006612446291247845997730673984229468759974094785374742310290925069821415443654
17.883347033844971822631804880971064242871519870727347616504377426332780015223477553167112232314818367983042342290146292765514571
18.801055490836844670022242924904358820736236016707641383722451916857040104935820506746774745447274918818523943594641507784511712
19.742240720304159674781461190087569352953229766577997772635592877454965435730193623489084554585573559714075063826589132982354006
20.70695424172668217552205625414923421687518118623746243805192989317101598384567026939174316636297520868255052934583097945414071
21.695249038700943992031467902246020376380124479379806363520677197883168040018479965217780075261466837621205861263394278315653872
22.707179575750650775642303136800530113582566705865494692150405484249535077163041262944945699833363562760643139157599662646594268
23.742801815706171965032663864568859974230894968871765704050271020805598488704123173643419611940325921259819390902257237353695384
24.802173237667133897938218904753572164590234038928507725726638919731918721802988590695835334843888287532978092114812564377185183
25.885352855562719903156636062262097618659319349461169880773748224913143897811316847113931948700485330427188970305036646458615209
26.992401237324887176961745018282462196786296917110951652143244408114031628397481299985309060978573330368518303684384358784407466
28.123380524690340084726978252984003897713542239709922483270864277414928991064426632365079533460854281011133961866963892394218972
29.278354453647754437148500172622875157010984852044732277754178192998042164375849753952915708882959466798656196144175719151993295
30.457388375547428552978225893324843217729774593240987454505197730665196681173220386024308283066577451048694915880830093739376091
31.660549278891245889321623910014238011433134799303250480392233979832240587431348592631417481609631000729257099754422763860586348
32.88790581182157212370646753590782801866292562606660571821227748424336057898126283054761526909143354065413903914358630393958559
34.139528305328478315743405051723381586956368514566190446745404741630932421015699833223293272346360123631967596654513423297856101
35.415488797195482750577424206522467083750799222719542705565938791684991655874862883176786389767803500602001283841632824223809426
36.715861056704838950768097377670698763026330582807410716417771601894108427247311891433258246678631710667763859394473734868490534
38.040720610124267911583410012660509192365821063563464099438002413765595707695062330442187053017680473637307729925893010637804285
39.390144766997940741316867916994732501531809869627189146032613256369127326171448853718492051535097242029223179761379063443724426
40.764212647265465554446993486094249309126819289377804796001580515513433916125326946143924805508368205774062171835142076739301855
42.16300520923362176638001280613863246893148406958802538005571078724498143702637839894335562278737015643293794313922414347137313
43.586605278426618090486100134420894396532617921650868765195657016227347095551116136968160392080547065457053164417966972599941638
45.035097577341729886624874740355472386177685561820697508865398941362381103096866165718344534453045969093031714900030419371291576
46.508568756138299538459052466791522830080288501813660401891930473545977805025965910485830378458985607019322327368842656561611689
48.007107424289262874435664042737383313892701561193018246834165004373421811680370367713687291390583631249754878765219923120909381
49.530804183225598080780962508700286634008262387275993512079098726499075328165206041541522619022872609598034450371125051378699737
51.079751660005384037680112911825468314291306466469336663769710828527062718746347725960868638540262009976134111106154661130130017
52.654044542040505673823695725590694168391634522134088779157774432290183294731212663763300777028263102938316261471163873654867591
54.25377961291545810201710952586026151924311965411452709723873635036954102907882470333185806127524757260225367936951595604667679
55.87905578933418249541600320633218088906613340946265731895102180258400134872825510138313057430737386185347229263941189436415205
57.529974159232418633580642506502466338918078705802280884587494840461504469209006728409025818114964854229871166846792929098388018
59.206638021094685765996316345217876426198492797513043153188639441243610971634067186860642881249898031169697090588215144088693551
60.909152924516709132944695354970610923054951967551123804926916612358445222132217208117353211318820179913623606479942352739336403
62.637626712055898640984643053173834007912485175384964816230296043580905963902638550221862905304458052794437501942366016450408593
64.392169562414363589406424616769166407094615320246921805424522857497058290822760833599668822036752099273802741757738621105157323
66.172894035000918067021963713459297104225131396574311549429036277085484537036032008038762519065590891465671594959990020967689585
67.979915115920601095190260664517338531125424587293431980121087745954890253045095464562751128855171580329027708659168888436277488
69.813350265442409543830547347722034127776392001781128060537835759625503307760721522620533623048832260485253104402521369927059732
71.673319466998226429796232036928017148758165795728900880245520523915864339594037967503392432623200016325470594626218428076165547
73.559945277768328963076097711368568737101058732432205877835222645121697193946137834632617059371441351191839127419147516230932264
75.473352880911386611632017068866684515002569043946454957495567772364952049595410214470277128953897789854524289081940779805675806
77.413670139499516952363511503105966449342761874954294360532533319920331384656825199551488300815525924432145619044108651055286705
79.381027652221764106996052094337849681610648227503263104780762381531928598937711356089032490725995319474255480430517609398662316
81.37555881092230960987564567844778686411382173353756185538978505860878931689366522187535389453995460416049824272186179371001799
83.397399860042827681848092479746591296297870428872612549421277475012219253260615904085890405791335012045043157174506765935849877
85.446689958041665776957602078950430767121998015869520705884946187628193800252631572543030623690867819413709640035207476860507347
87.523571240865977285273166137689187939514844090493309016981834590930666234033353880418392558926127067830327095345736511656493302
89.628188887556567498886690119341682374161623120306138106118813757072106620716163547582758647018426031734703592542708279661428873
91.760691188069048243312855988684733662341158353391902965287176461364150853434844569307018495343786503219818169947112657630012137
93.921229613398943650142884941891905093907396389729985569620904527239741915890423213989806937363652338385247516083051274409033781
96.109958888102663015460874578903605688963239077821955661222946877906817377013635940983202607865092123040931173689897941691331255
98.327037065310771151221299436959558628577647441530299153172257265313772397004066293669299375504805293772029501209295324257221665
100.57262560433475775413841077524461117591211923257254463097699890924852510786630940497720045349389252524619858860815063421045663
102.84688945097355189720516891499633846665484788353120389593918203260377199415006400743477478213855953140832975324118939201605273
105.14999712063136384326801022638347437315775498069744770209331478862786236512508968971088416810695921377226334193047626770235555
107.48212078436408338320872114790529162430357907097261567678818347576998900571440558941590951618985395029863338382933601881885021
109.84343635797744266479090090668579571657884493672471748356819460887650787678368498514956783884954764256921916313012492831167279
112.2341235943064844324237056947184777948549504988511716767866193607165995277235436610025601332173248033407640524029900276359274
114.65436617881258788563467811910831308644686404544048596772636848767484655576500168108994696765465497259498959671715168844083765
117.10435182864141998604201042932517913811093442228523249815106522332381813716261301221535577571550623802621183455622370339279374
119.58427239529272801855939170170998027536592220448652830761313400589199511007496785049406491952187769068550680415604222893936793
122.09432397106089975544171206335587551176418060036950436585517240509235137788849962587789725166547283107553117663547709114566082
124.63470699941372328002974687221620027263156395182419119536870256904417767082095931815866371601173933029131123144124219954247452
127.20562638948581459511491195526165727490511806692518047165097557532146713453817457907675805860588811843438752216420606854913129
129.80729163487278559026522497879236177881009720604012471835947360329378548827184384412392082950508236520351342015367224747679634
132.43991693692243887576461365020654415733369067753580368542569920466271185110691294312883073176402838316328786787530896244875596
135.10372133273014387066782118887733744039086055434544053582151221627727443427026596665765961993781850216467464887631040780574856
137.79892882805711848874539699796366951116161770895330705457164823436373966489603046634181936416126153473909615260841945383761485
140.52576853540266493410723734284669313567395382295977153713920414624396639399167037124294512606666090751364008738556111760451138
143.28447481747454301154355668130234664115108407522598536645628892436669888799678255030148602312960395232790967643130822201104836
146.07528743631567127792914185735185963083450423812599921564856249989584389217066048254912976382916684254354185140979391740012694
148.89845170836029185645754219512366700325666551270859886060073382538948382587541977804495027472079236406922435121562868863251058
151.75421866570869109586125871396002184007484679175137732995469193632094658865716235184915687416757074717310776948913028199794495
154.64284522392661407249020887153501019659616531487182619919942731205249192907740318893148742769381303542168531548562492747138671
157.56459435669373170806610616755173524474419801493261474142077566033097535689817820686947314870603294434610228223289974901517802
160.51973527764500810790324631662882856039913878909680358749291527086931192052645144597583697285656752807316029449283377955026875
163.50854362976967405961571422266781833706843878691803125394230840193845900502284270176591018131422914804780572843985242490736819
166.53130168275485110308749885636720339448543940235768744142540043649550993462786752627447765881282883195811742777671912646447033
169.58829853868480993781903389436017839628096182065846016793756343569991234318823886785127868246431104020371092075892916059848867
172.67983034653251907477863611779358097057136841536234994737247441666305477419509319633869687728229507468870065040580329158888101
175.80620052590768877240680855306875428415698509854154681731496918851982055673874499071633199266343537791949149855181846867029824
178.9677200005550992157599194138859300076674788210747132183445163232358137886164454967466136562868365632116931651458366201950848
182.16470744212879342221603284998483795030336078280061817819519192729812316922371865762776431218764311832579018734195232491395237
185.39748952480190392907291245790304888933564578836243769188998611799090798225769876091037668795183987268634291547658202294698886
188.66640119130867579457036076077954242371659907846679768878360028533365041882369514885081924496897055458221604915538730690078311
191.97178593105487509982730586093557951367248216524040600971100794342500169065016905041692243077763742175543608610802903251285726
195.3139960709754829151160277949985678350660944362889217203916411496947992595883573799874060934399899452511607985254541493422879
198.69339307986464571496648370998006439384659705132900113254508551252876128341357709902621958720995383643797339456246021363152744
202.11034788695258863398434211888285677513352332597847246509942330526660860776590618551207555666844419976467531527448933430979523
205.56524121555793309033499590980790057905471852198757980348856526834203503036052164368983987385070459680971943935343114289229204
209.05846393270196529385645891001382041462158757713080349835747899425969943216593951944662009657317812307614316831873970011401884
212.59041741563428595694542852119246267525465797197952666875287234186244610523810602456439214029970645889102764228286306973179809
216.16151393628738648852238833519100424931617523555897449679448277908710846385208742004955233399063961004429291534081787158938637
219.77217706475154397818246916658757634361423093886309331835093634495086106832084553942523643758837697945255750620537640988069555
223.42284209294156166812221612266586349399760507592361236593729266520292506255705083776641447514837855970117369656685665306199418
227.11395647971391968090436543022075429532465205464566358308919764447433581494215437904757944318039065761149210437941255124176714
230.84598031878752737222068407737428247399321386342226938509954019077535296848534675954785834649613857893311840269976354342729811
234.61938683092424574011317842025650612998102324834598044661993963180115913753367854557233808190773760539831277530219935271609656
238.43466288193752458537008790742647510023356237993518280634460412103921604800059675381323160333899055779801088062748191893322616
242.29230952821982122452311631448231680864868485105912721957891230465367128738851223926386762614691945268995989225195815349504652
246.19284259161299272108073581577564670739716649234156466963723006270628600433365531680964042739583745416054436373661642943181966
250.13679326559176409857923309774160281502013683297550758074350369957212647218325432976142505826090175985977389345077987209550487
254.1247087548899947705556917032662329179874196551843465390303563525495390164696894442039198580824771225946957003167356040142568
258.15715295087427912233017086527927276824668927770115301022035426273100795170968339496232200763914717604227085573668024345583223
262.23470714516109207694985109356457425781265369157587097009059778039956309832208293951625415459289217352226274131886015358274536
266.35797078418410167541709732002067896612142916384443324135211326541815494140440479039005298807603958189407847212380717211403488
270.52756226764953022716288816400423152734130790574873165685531595544816585590279369225856847089932024649268462397985252694645053
274.7441197940719360156179498991528919501363965410413027058623901577378482798313399036753639709790209208836382834125048444942058
279.00830225686320092876432446628621991909801017962071027270242517890542920612683013116334711030686449775219447220400198596893528
283.32079019475689242213759891659444272219624869467970284202913262935517289285029935716018120570724901282236811369853391513878682
287.68228680069197475369425226566995218560971662353436391574703652496800215247873545504815112970755782300609390771621887403687076
292.09351899365799659874550920957462515164408204979865643485409383214199194205516611645605601510999966508189276570530478505783966
296.55523855842284178615409186926247925372094595089999996836168966531893846997708015109402852899999290928849229455124937525940378
301.06822335852898201008095465050201151606427127914337398100691886850039225744576375269768137159382930195428226776010521781625794
305.63327862846072106645885530011729339500828035049218339821193131197642144309091533482074651299928926544254251137083599212129825
310.2512383514598116613692360225885082252449496685040169931492129825743376431082801566106867203458818653882452416433232757239528
314.92296673010767196778926956106311680043375901766392892176992777616074983644457596422689958340559191225295360636054276421577312
319.64935975750797526592721948311138224559960830388742320236465143242299085761640584135288377500010533410403805673130815993240667
324.431346897703698489441179272532802311056263953407086019084378798120974168220574622729651115801465160370458793794835199738257
329.26989288485940617953263220278587528349326002574225973409821440539923775801625667715669832947997686186083300709190583818201353
334.16599965174603994901697139613933345925351191418122368277069720531479660117844245548153937813703245027844360199726735926735692
339.12070839919733655951117183278533515289723919959904851244646982070100570844837674545589669069423939341996943446635261498675243
344.13510181948227985898540560610359266077720982513849227177847860122769669953430003806949484988997424378062514305629396185960276
349.21030648797774386957788158035727982111954580869888950681128422481606051988171544261418834180489818378124551039671379909012521
354.34749543915426890590453518469873533038558500266174631411543152197363981710574920315097343747423721982668945575151919942134267
359.54789094473447929798808198116167369046174160609735679272052755454032039936215048472775262300610042999648821833774280834474216
364.81276751398174192158160266723577621961201862439377185726390255298184287941752278692704839967814598466897870481521642428489132
370.14345513846599199458484437272991985884767591646530073623541110585418882741650133038992828902424567525555600426448588203232397
375.54134280638109318245723342313271534029199303173948525383535025941842988237166193717211119124739529686371268422106312235520901
381.00788231460915361194995115841299207527101650556339460797855751568913197767908458924610863056267448366210792122552236864430254
386.5445924103078054801675954243479960671872193167654361481616051552173923745354792091944397608495339555867515437177877803683999
392.15306329791511845703158615212639658024256937715631218212129676687514725778751855316020877107878289366576259803863860455311458
397.83496155221746413125828363507025664462732709944574042967345510143412258303855607249661245870507632308772648799663157119578297
403.59203548362095196314377524666248627565707844967826528294585327933523174460533947683167637921891083212834070069133245386434974
409.42612100814269585797670973770895019479346615128181174180191605793305411999741522742919311150381933321951708727730785816368603
415.33914808205815263187566992714934269744994032766433211436087755092086563698373202996931569519027672018880567430690520841519842
421.33314776980413863383847778758510133149950798952006405964334749089335025543206846873240132643486629532031777701743339543965308
427.41026002388643251266357650058720068945735656819419383425491964598776510327421182461206147210230828694153453970853529546281106
433.5727422674729707149835906832574254636471321805778096247670812488302419967606782948421395568400345858242667708108910305717061
439.82297888443350480601908344038311476430728369876497345259379743172421662014988529860590559201422780989909664008010257291949418
446.16349173826503610103664626573254556042270094387749955904619537137449050863351406827857978210988652143062914924956802705501244
452.59695186117899749027986284096983785431616583709532957492892057289254482798122087912422560674912626354064020657171464031497252
459.12619247831930552797104841751805167522955614619111609737513708379232382868295418530465257009392339477866819954550364553852045
465.75422356050611693006981579184904969932071978556203784934950536983691285411324851030416673177589166549785693291438816063026839
472.48424813316375988072276452154290816924062977012037604982614017694400511732262099435381044076739674677014933113061268409697923
479.3196806105959575865213692656803971429446635269462362829687521845883848399339777051650524086440201976951208680741486833961333
486.26416747530939406436743120640345985376344097989829735432585225336878724024132364470936795776004100322330560243863029242118876
493.32161068396260806540840062859452316922230419190003690761063174114115572742532500539459330952546526874381603548913097024344477
500.49619425771574193076048119061745025549943600294461256840219168504582099663500109026630260219344600996756606356204845495658097
507.79241460917173981776170139112655212225662642005246916745356216233297785281492674211466515966283885186382836615892693096213291
515.21511527585169261098403756474409270056468341744823494460146529255202078676791103899568602033118964928322828042608809424713232
522.76952687802624092070219934946230936794608306335186138529941540688889375836740818531274822374793243483919430279743144098770065
530.46131330581580839752471141294986067011988619285433137246106508154620511906786259763184987600278238543122358039312743549146549
538.29662537904513112291964156079793101472778608586030632052783315741272102049828680816523187514322168443345805373823789275495702
546.28216353013378153020444855537582626447481579188390474129293655435246250762637947494329755883974933794293869160825631078034549
554.42525145841597328048541353489331636110335542271728570227131119215097800261967190634789668748769925839658974876455035533292737
562.73392322593318291574812159193314763345408116268765225884852704311307104573240095112655387394136533843916929916376492346319431
571.21702695546428463867187796199124615981211650733768100038611392378257857988577677220859910576600614922281095104439112655702711
579.88434921656299521472302029652441627585825558764303969856527289106035160351982988284687528758296126720993514034836540999937093
588.74676543943754712921319019066124743625739652061967811652055305601100024135379964887147151296120755314293319311340755593048589
597.81642341957788803375549879464366195756863321080209994929524864596081138520712036258198913895257283427906936741142999403085183
607.10696937835994619319398424741102500659805509306608259812542151547608609793031155129161787759064393686605931103939821684444017
616.63382944834390942286073430503942001485722489847663210494817642623857496520437016365653536261302040602102076403167213808829724
626.41456435987577305788098057067486320573263936743537911143003273390039918808514185126640698839190036755336424764729495453758062
636.4693223229258353171461141979520221286230023166394755797386724331951628686151474103106959847267109164644140499618493185486015
646.82142594598039866515969425903327565372483969873966870610443879171525502181895407466363675894487095295271620822364738877176667
657.49814574317984544512380410668727777841647874477120427525417527546517378909545452965365449353335263039878707619978417690726357
668.53173924223570571265784847755444016039369067765018204961158857324887358969939313020915814848172780541209741001171929606405839
679.96087795577713219141374217107022078105446834060449448174465359547799744957194458502468522032798194455303861085839052314752555
691.83265778927078093644433746808007379316081031250521755080189710129218545140059835711195433047339202104713675297469999490818853
704.20551810345685111012076851163140566057164316102836998836035749396606223607454047778756983187181094935193820856528114970517737
717.15363568950442134078714527183872651370806633182466665620798307339289056217235682875130226483422869524000468119740465022679469
730.77383584787009846185875274315535364579192841537770999760305783624608483333505792528936771162980248199164947781636679968204854
745.19707445079954943468962109395773039383120792989799328149024379099502923261955750233769549861989375638686983957943454737697766
760.60890504392966150665113291734685152923007749583796730294422616715526440413725642892463503697017266921935963869501840900852031
777.289563351774801240632293775593135688298111000769157471907203719703962987354837508085010332955558947062745242522669308428624
795.70367805715132132750416571779177919284845044962812868208121231876979997246348259306621549862384852828218011841868489902335087
816.74732157515492462366126267726554767049765574579335589671689550515250600068578275425108709943490666773776344651188999044725862
842.74920062139661223105457148785640899339218678234137325603096798664770852611761768750645710894597601422714492160726500720867491