0.019942319596618161615468900276300137439266740193819757763712500259717781975516433707855098175495169559641696915626281064096726947
0.10508517845056223562304468178560085689801231570601823247157725887303735640968072367936995153144458475413451729667871456567216648
0.25830570503110630434560096820232156833495335864197800523692952528393716309046932275369769379568781157704511413434832358052414351
0.47970998524461024804223050134906848787342469903969510087392178165637008478642350579298715447883986061429676237480099471435235461
0.76940653251458093207110265254172395648560395099382102361110873410671761890306136369728448993727570055766566857344277758658627898
1.1275332378028853810797460168142335468277707463580422636039486126222419777112241216130579500863308212054841080045869508286672231
1.5542602354245723467930972821541987128514051055434244148717292630739167562702105986569556293437364458017882455181480890121294908
2.049790816696652254063876803438200813995467196669315167183783259890879484605370615614355186881140724148763462685714546142984329
2.6143620917917642801802396653029025333252645910353767592196953234432661384252819397238990355878191627028249017379603627302636193
3.2482456635630857152246165321310213995964063158243771592256107033243487309876812951796119367160127845364381740968514083735246032
3.951748375136075044467131105739495781439208333908563185874829945303881650830945388077637419213048329442935834698606553104763507
4.7252131523033640749553250576870820633554675864280802297142822930739347740488459772771554559351139417810891503500827931967704516
5.5690199517165613608269865183799214172077290006466107784412015170892480233110427413417989513531168011401951180978522578864890783
6.4835868233569854927742221254460344047387336623293563645482775453281653544914148737024994640157000153782730322606505986009282332
7.4693710955053761975157503487648353048731638299448788838685669311670747712891667573587271540150335280225731280761400446343710025
8.5268706909856030497148695801564092684111008791161586281618899485805304912342415586181171984996720271215157412157635306952088813
9.6566255843913552443077508257934677757037972323215177372175373472006795850082772304275290484876256589323848209561784110775849461
10.859219411177275059191832658329309601643583962335361429308954950305566844115597473652782988495780137341060574413334203762555194
12.135281240867545986051004192737014555971598403977786933398694584940166657333886840406316679254932052522269977335347126892451045
13.48548752820540894136240165853081245131514337585553889395924759158387054712700293946224558909528310196377671290735199909857086
14.910564257854630189651137109706622990294617502118571635479068759205378345018232811430876737295467070717712689360940218527424612
16.411289300297792716248653246152847940076828094865576652179170165254758416879693402008343017971626092870710012928957460030700807
17.98849499889444665188818508936391935375411678545495676180079448701995208448601540852630125736272783862554115860346267543955298
19.643071010711351886719062815433555213923944775172029846585062801038504251838909198828702841056597004184997955802340840432757848
21.375967426773658480109721160476731451419519442776962220505483413706034976003977924491398085644549187561653119264332352687480927
23.188198200877615901452149062525263548287344819473137966077728540030729464718147641297588795832171543419593824310611594985648845
25.080844920133635640672125501058336440180641548395766593294042078523709896101776789744429681894649866152149644112163329998068164
27.055060955071221380000133428000220658706860306755067934928521570968002704894350753817267466016649494102276006168943722258228564
29.112076032552789500445826161278145179294995407928510572142916423299626828633318883297004897407484130512383969820714951970590773
31.253201281055275619248899101912476700647821339150566263197071226786597669984288110291436059530983724163337993475726960776130733
33.479834805261459270356248434259625292490243576757249233442083527003037173957553504700595559478841459556169181019838401361213788
35.79346785557091835828158165338361640258981724835177052536834253199338989237640230338739915547314688202737855825851713756587621
38.195691668356087920839131085984678868669840742513581315456683008543573090151560595642503714398651614856247940128060413214849166
40.688205064876245629311517148503450236654623343850336947693717603964090312883252430340422967902419078276950873022681944021123259
43.272822911123561056340069859406406205582534524018524104040015866950771391199615275912319701092081424940226137474167381151604913
45.951485558012141784158464075561088359199746913059509937871179764823705747743582804401914762217356977508995242225631375000110279
48.726269401862079921674161512817921825874477795058140813482521598314530265057102525724533371268443218467985785455316620498323395
51.599398729868734844874186402492005980888722645023186674227884858175542904247380666704208338660081767956507071999002140806166612
54.573259045188705137838299213466123237417256759177056094465326394851286970956726743598187852355899283576348992359437969255936212
57.650412102702175718882948614789146248770614482592621314770146794391396558487256293964269826076740056646540695323368417833017802
60.833612931076719311865554878344362017270376725082530605158580691786925822684582323594420674320891308681926108485580010095286549
64.125829171595799009392597563543670439006311926199030613280386111422210043696336773803878926017242923710579382894095078211358111
67.530263132110706197456626639565256612065791263822412545156699821796837412631891444603944871190849241509625708140451758971988572
71.050377039086865728613240467983044819395317717641732233846361871008230738184932492171196268788719467100336095259028706367695523
74.689922076893839724857711369327448647470939739288777632354811368672844581272629924720020542062138497808059082122133442894965357
78.452971937717027982283738975009722712577733089155307927720568504740798906802708148881438565391842316893751319400847900812466677
82.34396177650016417220778619448107470890055365692656040438381068889317450633919832622313341856390021568959456109613747884652811
86.367733685095091693231519274294631743632113249413327041757581775899496150978319922128222421637959981815996019835009693354199382
90.529590084748424616328460970566266287680198341969624746860421683679183286823847288987337449238662649284204731822063418709020452
94.835356809132429427630160529243109505430734629609227969281726661734559540850775546156412966598110500922570871648102734044114875
99.291458143720879282571228965600352309407721799735714100188358673966511450630758372150047935009716353477181739250879068518835672
103.90500674777941968469142119402344890963254307535829344998198091586439841897297953580851303996222865535439431452143912703047886
108.6839122799127950248402443254388787697643127072409418209014388867345050729557363655033765434696555867762114111340960244498576
113.63701377633387873435378497080497187827185311926392100950564247773704120966194160797309913050275419555143372963133994396179942
118.7742425419369367635930993453047761803537198335328982991678846921491470472967821255775165430836142315463296913713514169667723
124.1068247360556531043668433357795830498084052710228434167075502419336164128245026897409707923193484672928219878852971131916488
129.64753632392004749585808558192881891364407151411981708697969630100486223126457315519669413705463740759885008912632239696513199
135.41102819107269733581433881601303619275109830223944448549309537193857460683760475175289218227997567957709097850940986988665502
141.41424691568958143641398488267068395022102388549809566501119114067334901999294175385406199999772563073250451730432480725500679
147.67698853937285786260567568820157069818028449791838811828840680169322087948553417697702189364412393039968441914574587730458594
154.22264141750314401389611377138667503401098982979894981062081251247453787538266570297590613675464966768037106895017506330497017
161.07920483000717116462873653510249514286260306649736383570496564057730132689437995315268247990038213533454425642577978771688863
168.28072184723269384468734052750611051559171731311616195301304728312399623979270476735250725696243891373762252233323164737410775
175.86935647698003500087758721052223471753500178572994663199316081165580321859976749557350088333457766065479638654679991813019726
183.89851510917027702441533520395195202976723604848846576360146068575916071425522249122229058559673677343047968878842390987449653
192.43774753600781296692809702575287053078848840247698441801459663111436098915911290256082494047044855984497598775046951907016191
201.58087464258924749998944075489456162451358068631186046337438790624510334584080684392057261857104956329725415958409410810473194
211.46044840482725796975235950559772315529185672382594758574514547380017621854643100480102726896394155494041935760245014801007583
222.27601386481848459543126954101474188831195552942540506094020042510259490877949989828793399607496831276525287275383425757659315
234.35722248616424629216152487623369610225121830368594382386521453015675102399304187022690935138406670943279311158134402552733712
248.33722394690400953735976557661290463784415387276163725505805429498699137648613404118491485912194248244559467496997415286199321
265.85347145123728958169752675116718950275442475347959987047949808972156468450717053408314115789504404948488556136608571924675049