0.011164504136768726093588118711443194642420339699904045425968456868812642423800004452872112392894521284216013241247035917490951139
0.058826911525512172566914477737616201606594842238641626994247307407298949814075711912823461939056010471873184248891052928611429922
0.14458260393908737534554445510389998215030468107636922176675772405693309129483077467865361299991243943197779531640176948028910511
0.26846325049879080914253757172677188481763798508710513201778198094304069868293229227292428792347421999177741255881486754376230558
0.43048943302806966558351388275508786225179541290517931308138792084937272433857034153027086386413044090662535770232879332191495632
0.6306855969711575297008186986136871220796319616621795342387860063832687459427957331664855376032627764631065168861395612079559565
0.86908147498954046598899598064560222084315585650576231802306966927600730721207801860499113446697000893427955860351612969892873367
1.1457123726903412978635803734899949144309864193553460126014348690558229914297926122013267162248464907155049927099186289795663165
1.4606192668978556002225208635823170012872286279022813540711283995901498605920898880946549988168233573830719589740369087009450392
1.8138488622528726062004830518175274677528717214563346428662608833656825206792978627742073679251786491674858999148235117897938289
2.2054536384901395271037336804840080699079900245855754310413399869324047663265366356960540458557015948640248051479856527621276744
2.6354918975373945926272731656982398883378071390967124876565939876326788946966098626740091241861122919228690522969817507502064847
3.1040278135362748002352641664055803100944681629770868857145130163494485183005449466086510967072393604478925745551755459025964893
3.6111314870193328947973400753540252985054582794943649821762436046298408320616006707538641608784293788233210985262366004953193442
4.1568790038249588113341603120468963875425451005867995057360331718581745384802954975641034026728653112713381161147376957147388104
4.7413524990832587173348482631935401402140341323749320605720257692397191365006035613523985954325370634310993344612540149634427736
5.3646402265068026454880736953896469595620332750802311846855894493625746494079965214608796866387440082900238363114031131501461337
6.0268366331816754810563186217684732668773539140421416166864291559610552103227923310274723028498628141676422725162828711652069466
6.7280424400424313202560910102098475890639242970383188675673096843681424285590746813369292826100684315986527976842726597675316696
7.4683647282153496346763238354325585182462468199749218678577278367163471752025570416319940746411208331359544174651057846953889964
8.2479170314216972381655844985589465337176977032657891739896288694609178938165284338663353571657022909554907612193497346796893034
9.0668194346437027002662690004973065420882786718681742024810207524321727297681036735183275869155188720278465198018820078386298653
9.9251986792693173407004118840785521871200238624383216582551681602662092635287769828357668134552623927519542046139694767081624489
10.823188274946930649529761219227520687686620729264434289882522562934236284178044482750025413928354936311257120602416360126845437
11.760928618397731038718119761533802809859536083698951623447092854156856868358423876808297113970615450266837999067918477373336029
12.738567119451235172269460508428636337797872326906764152620672005809642359954898393569622686497965208380937418082438988966794459
13.756258334588627180533510114926996457816472201362867039823113038141578424376650714319616513506682429764513233044229598802615652
14.814164108298985485771229055936532256842565339228448510257754397590195674397237586183766330210154952590695064419400625800117653
15.912453722575297938123629432438890423503875222602957422615788098249996718328152637906395049643167915377266716340263140758129488
17.051304054900468533535191493183309124256479759018516613722041871229411155613012619579032749707197901992595012673396414874468177
18.230899745098413659142908061661390296576483760282225989125670340389952420065800389120806121696281003284671601837818736785234413
19.451433371451962015020736204811835513382117704475960551453824651257165426784200860210161598896543150935374496021704636301479831
20.71310563651775557752992629853306117599090512328073790957651628114593064693836901091847903594057296196089115322985175450802379
22.016125563098860870648992443014040760464096241904335792394605982190034040774489118071617962521474448806056099440030295203343494
23.360710700868519047051448674948554854716786631336570504564345080030505371827994267917282493759003415197696954427978775002143346
24.747087344173586740774449042132140914739362244642090286781199899105466336164040294377064165035882147602023573908741636689393163
26.175490761583964113429685524275046223458597783111076630117973219274545113998554950972049870660111907014137655719621610854895646
27.646165437794910620664480183022558937510976975216003546706612584974399269927772187306890706695921250775468875707080047122975567
29.159365328532875604557614432143971709230203736110166935478512836189014969106399058269119522724347037041488652756363062347663344
30.7153541291626095441732915451480527314676976200046172114959722135213530526385663285112213125062126336015615940555922573395718
32.314405557744192216187166569276224518778840713640474323322716695366375744650901979821132601296333623901886461983858117394803954
33.956803653343568984729671909440309537787404053845797088725377807247009357657276942000185269936552014248834951790548878392695594
35.642843090459616011263471716456256731800649094718098951553419956315458392454529790456099201062411791605464876293295297060704526
37.372829510495091021332754594829384996365936764411386882998642913712130910977945908400229808191384228185274372561479955489362887
39.147079871268546666387858242125928194859509307441484324786206419518911163836043339441562074171133296439850679827053064126918234
40.965922815639919036464944836398416972548740386917389669093601276324902294498252957723582468970328465566721871810356087425434886
42.829699060404643790642235756364598839126709755126594135437860818789497186642651845229495410465192464405724670375569678085474813
44.738761806700451988477895011902161399287271790300225889989213983988956788800272874421779718104755547332244572549084144094502297
46.693477173268186703768699005221831393626994840104558871303075307761608814966628782718478024336666292642573787800211535350972001
48.694224654013873421962238064909933391294967538782097814929283754424583005008034097257599315600324287269550409002820698767455964
50.741397601434780313104284581844554751357490433380074855088016624636010282063393996303789697310576952855815874944378506020190733
52.83540373759833409379791640245349528938464423759200637093511705708176772485325016935767229884508959237202976108373365889783159
54.976665694500650024048118231016691407045760566321949107325934582958716028105452446740006720109085654394753210239811461592336712
57.165621585782364928415807017935202213367481220956135382293250752822589884773129929598637180570104783918831122110979898279666789
59.402725611944860642188153194253655257315851970571999556722091746030957120901910177674546049695976433837516498258195837232819357
61.688448701391440546182237700278982437434242286151912879762729426040264204717546779805697304202823000877220437681054105187560173
64.023279189817385259721078043650731126884693423659994210386595627697614897905234904347469030541736847890775257607377706449472801
66.407723540692108058791469963143633172369012996081732108193055322253589924478382131329889121064661022961920658157810203929071405
68.842307109818163964733255763589891129495901427341697155215206074496922792307271988848799623095511209960020806147512623501567127
71.327574957218249945379775702414596602910776000517302643686347436459002100028161215771270871023018163357311033291267485125742258
73.864092709895526842178257511026168964661050471543987859414640586610152334115776994001357113909919439348101723892670209243867444
76.452447479337956618161394298252369938330288875615095677598290722898946521630303577759059056727063443167987431607549258926352738
79.093248837997703014547234059682995530481019461643343836822455446715804241471740506421734303507543615224399518978309625200462888
81.787129859376344309379070414044243308963759693638786423644311843937917885979054929278810883214264086697431871508347020156124535
84.53474822679066470463236841236209340245601012521231208645715636977919687666826833157813833329600786505685073545578569183166494
87.336787416387811791086542230987252684672696350675860891953764551010074053675753872589380155812508382872150700386914603046581119
90.19395796052914784505706524585154464797123878342075671718066399549263940850755825325523326718799580358945976368424728009349524
93.106998798276665676705061118609299665524224167880224365208266916812644528211775094687820732863454929851455033571882949480777069
96.076678720402997242780650612418095532416549427957160556375995161374624228741451212090070542551119824015584900052182381543329866
99.103797917115747439820778275702673680200808600709157683324349369880329182231947058811926927518212295480709766057467150958417541
102.18918963755061697835511496854187246860292819806997850843934267500517635664070188810806067582583843847312502864324009352021329
105.33372197105883801238851418935079159620243771963000309197700002871143179595370895647191478569637754970102685281230903492561036
108.53829976140828111975750656926983570717789815415525067530609316243609463779756836094784166719580042972265015161580479207913156
111.80386666625218538726956951617419018212978209253305219944944038812516307427176354083897767820167576619690657275963351995901628
115.13140737561580379217187628083573804693338085380643690098899146132140338154577502498480218364695506621709644247469672257585
118.52195000473390572644995882944345705002445579968831637341391056048113218665117682237700373663256247506584081318562792405940352
121.9765686783698586971734725935670862232466433391244676173626261169562434237528006916697539384288422650023906600483149002432563
125.49638632579383662810028012954612167227861934249914165884117008262403323812148296541317377088113750607694876722697274468738544
129.08257770793359747765096987791700395304014759794506843043088678735952279131035761740168383739112693412942829920323475675928066
132.73637270088361655279703852189383856594011199498229202176537876603814829126401398904290480261576184674223559139809729743748053
136.45905986302341341636114715407374304371049127896079445738181786096459215752823440462611768774670162151306787922614879339309872
140.25199031652069259065158424578940051091159826545883282585078148587553107149781336649623979683896919195374039336218248341359768
144.11658197805954728203819126420534962234731024904438280651486320701997207560156674544956807153997326660925270348994050227288386
148.05432417833455473097118902402917121782125402941701251285464694131759447356368993506579974620584754966200967453907402758166737
152.0667827153038253475458426772809325986615365584512649967177366244730443893825366074290459929100887004315878626891044739876579
156.15560539253778782935449282596235963761103837685074474280998239170056618872354572519848769780829037650173432901011638245964989
160.32252810140536253071731306221901269013632267707962864043758226335938035325165586558382151852663503013161555726639047501688649
164.56938151451190689913996257507527718492640071334690210295341558973623131170208303557568966309037311272112469001232159999752694
168.89809846799684771385635812184513248467163780248729183929305280675148390994078034955782813540600344994300915923078943593650697
173.31072212232414505300936947938106536801533878089273963876242405657869200451415219522291246555211669856152479043099452740326327
177.80941500543961192739278836961894058087500464751174321400034592523270667420270886517813324643850643076142201104820248240210485
182.3964690591021497661576025588806399857805527895950824517550528583537236706725331177125301237185759752005951603004914013187173
187.07431682941559983732040299614922676049750923218376833894323236722709787881458617562745656269790279354726590083537978319967917
191.84554396683976311407140129516684044540130142032597655834336095501814888363104797229245654045414444838060195217968538981506165
196.71290323018376185996392257617254504342079943727204047874090931154962515959790017818040222008840743967855666770416030889216468
201.6793302244759123871428768715510858196382506404437627668610579358992673185907356380153055525190173513324274965434366412179493
206.74796114568598357727261963966918440585905368805984013590355071925722151438235719296918851037862767584538327146791354848770683
211.92215285800783303921847719326332713356645275121655472001803939909308001493911555724416911716025137739254018587097913828500482
217.20550569433014321160870136516735410388466599745499959793553966212800867643675348167411939300406644815782526950914894657246749
222.60188945093973290776224157922706536509455956645399519433020670661194615502224571305400860112737216104198609647964472479292632
228.11547314776650418891204261517824084953552887753678630481323651104259022789126066276070866810360076168064237001547557643738904
233.75075925135948086721506854673614727068474609113174226524835437251650086642975756742661314688777700254219537819427396312978263
239.51262321699472685232485704819061833996275930933306155449790487458615848124333221691897808248225808431531576876356961034760741
245.40635940927611711906117083745886079317779499675370076021604828159835919640144143189863766335383458750575355915413834179136659
251.43773472150974230596778387972233753311660049894135623779648796691342917599946993233866925438071559985533949293852407062878834
257.6130515526079451023098363708701906105000285268282342011105101946096410414379839752206120243397569822163408626871856554475283
263.93922224364717389481494429202731413433313437428507159862919035057216757028766945953722485920688458788531726828850802615415397
270.42385766308321405134653232014190963034720346284456269238578083281221085649163872713597758718417962295145462507773090467792644
277.07537341531334457728737849937623356761803552663959268921196166127939358953206939701953604034673774336929345057175352282612939
283.90311821210786988740092994113756228741815833342156024028716681799745295797702410196609962549554051019166397484852102584110339
290.91753040900950351047004289959459310501922427585949753529646042166118525575692791258298497719994318232585245656742545070573338
298.13033074724194647939151115076795196783920096761863122563935909272258470500502670447033220845474792383285346246485151748448034
305.55476222862270087721755663687195162270336132378313558599913916056647660131446682641790522650029244057003632613051785459574788
313.20589221253871629635010132755548669550704196453767701881171035524014355249950472874341678667750881981754481277993741898591271
321.10099794163472151910002671747685780986589933564077112646593220323959476820810847607966815613499577378363970916678131402071162
329.26006589441047395835068015525323061648146704899700465922708104397356063535669178472124298293672963956094872222190597390007711
337.70644951563413198992023632631051653364019295332437257249618805397751212000136827827313736821435437862261077760480642226659125
346.46775227935065962137650184142112275191609416525165422091522245580708050591658279708328784794346984956095033892058555090302731
355.57703964306341389318322497871652975773341409405537772947519565035503264956478408103349574043363447264366417637382377935545164
365.07454547112479177839119626294317623713435564206587036411914316263925984355674971759811711437099526863444564077622987036959032
375.01014813670897805297580276215189008479240866066276817379341525766558157724172036422221561220844870730180516289858332827313505
385.44709525405441730872046463958866455751886393461239079430262432434671006071023385931957835838657141809986753454704401446767363
396.4678581007442101063346361265597982765179641072985766542091652209490527877575969541140129704040844605852956729452204156018062
408.18385115249284479829776934122490852187490016885079109989695554743533149237770485032518108020924527995839445081569521423079342
420.75274433474218749852647692788932234603942489902967190364478230203282747593867303128636597637336632645560504872218402119578468
434.41234168876462555542874814838406790932068223385563858697597746433556711186514459514619320957811160249630901658999837514118325
449.55633839225694941719900247984177548135629051018632198809014338668577248043829718715567613929256409838104555633894653640213933
466.94275092170668853612132130824218337983667666869324411167488119953214407873457910091886529503430515651338721255563030012040386
488.53771500740074571618129110198784038263939957370077415108923960806485769108400635434697090088943867297755247955875839209969772