0.0089523273048055227459801072622412347654887313679642819104950408081285066268868167488138611983081785843402821376703552697951275275
0.047170209506681053775489675931297818947010165399531106208449378640374396570593786708728845629530079278980613131903083984513429717
0.11593090894399365255763524419240108801321267478979244051867439030259578184643085033843591873044424957385911416422575826010320034
0.21525620377617540281964699166106919103077443115118017769021854616038779617038174185569978432926732879442780382295185478081863863
0.34515736821451522839739265818684486679952890835718013860786534187213361845790981947760291388195805698827107558549881003070784847
0.505647154087839350291465720144788405197659474129883345781834475649408848922782159950610936460839075680165430697274397903372116
0.69674092322663018972010321328841558968656717068439866452605456822899190718820346373423105204293913806676663993865571079357503655
0.91845686524191849709561913888194862188931389566283052850604212977429103003586510034279741513845067512284321630036416347440208347
1.1708160627675441177048647302111886556505437748979779644510848008667550362014605905263469137178773186811782647056601108826572973
1.4538425210311444292229386291549368935831391028229085830899109499200114068992896803834457008338501782808356192115181316615119942
1.7675631876551137320806571001005017149458834101196194892950616353387717746156859696729145566554427923695024891335118408755616186
2.1120079699741878176218556214694077634678820248594497788438168349707758914034215072265088577942139614659315050571700447199446808
2.4872097523045089199556869310499774809240185019382806543678734564676576408308338696718404826709691562347327430534651772974051641
2.8932044140964225229407481573746670195459780912893694647807121229521687926750656309916926754391388289635150428037188546676927147
3.330030849373576571067312422992344448877539769857886823468563117764368742064083089878431250377369609301274814373994772661696889
3.7977309876546517172388777041137880546124203655933354199376509066956767537363649310735926002094471927749824637136593028226761029
4.2963498164674669309847491361921131997581947462524853958757902779801644746704422914642795583905980785057213824694644630259112487
4.8259354055269325398962371068596795029110808715384211998462381367554347531415999595142829725245444704369126720553615722456763246
5.3865389326310446702293605021093558553994327012631666163243380203329180102675427518898209718673889250028281617248178364017491095
5.9782147113215608721776149210210078462054407366051688248381687041605953043409947848218140298344696290343191323761512859399173158
6.6010202203532140191176696588377935222038611637328659339152975294201995870051536526973347080288700107955351148709537675776383764
7.2550161350150138353073484740190229012610356838967220670281581729573700910245549008510665951411401931677832310645352550388045496
7.9402663603482377525682629371514750454167252889995453074005463420529284520562388209617964904128886037887167780915937194479711952
8.6568380663075628051901585399400856856388139287338035579112470599897140936346361053705200257771016826201578714188081125362661835
9.4048017249141454358712719948537487286557292710733166360130554116275583489550085695733358841214137774064729343262199629913106837
10.184231149452161088277685771416486646314537999137277089437691662811121424359772034259744320871794437694692357460837889370051255
10.995203535763287304560943725590140411227350628888162114197319031203036079586828453690848953413104716331800250941916432549826205
11.837799505696809186211772930207410168130743979275926187444431748574696789902292401624099910324644008528396433497313268965826568
12.712103152776423248202018663420792156765051874976508636325479561763283176988539608456207238684097151358960231041557979165536725
13.618202090148406673622040171947807451401761593497517015238276489757181796906798136091583485417332560532560700567815823818111442
14.556187500879603484221010958752563420379108590526017444951529712074138520639909736940214348819705713992879179760638572233833405
15.526154190677661997682567884993002981731040626345875104766372738361052136277187348291958915924052755251523493549268369701277551
16.528200643110147421641543893762328257820953060742431443280783850172484885203995829838918250074200260656399575374150934154230277
17.562429077403560338716998716264743053760197106164275386714430008395507599914204026604109285240937465966504173636060149716870792
18.628945508907928960126156690366043817460406747862273176030444294053863856987185215158146446710113709707838103165462604996194443
19.727859812317524861821712022791105502672842922783838057729039296428177399171339264330235532832924621013257928405221284869529877
20.859285787743394515066597882939017825478058075771299627438972637935337933192492712334348897305143175021814751937073632403575598
22.023341229738819832950980275502974637608221944107866593468105498609855760565552936764980009499611996164896896547375081901959023
23.22014799938453923534032959064500118428704521337727366716676312486983444097875848447542260616766460639107016083030705842873187
24.449832099546597007314782268254269387047611975204872520061289597803407437652359243680549801979645575944633475023162609819399292
25.712523753426065253003496909280318141339349735851562907494449835039926827907193592742007990306605468644289275300222130008980878
27.008357486526623540079721595763971826142043958174264578148937335855943292279252634946382128580578143341210271475881094576999403
28.337472212173112280410263918150152781452108410408667698483653749939285094118670029376489039594038831676331738294522312606583496
29.700011320721724916204716443999530600207669568795689875944657303916521770551228531828666751022672308121579870287841331198094241
31.096122772610501189242354600175822963219245863649669502913451035969213205104523293215537921603991034299305404399987253424714001
32.525959195407261655342416384947013157723988700205577903114394687818883357005108262660838333355366172901922087268803851472251542
33.989677985021117248189554588939268580870758155146628617117107361333238926731066846717003855122984823242097784274883629411748615
35.48744141125323499582251901480850282936232250570780791363480074445365445072988820966929692327654228937922597858895852144787412
37.019416727872682922103312396706359486382237365499807184235128548282693742768143789238657041621108479422871679222200432753279865
38.585776287413958049504140445690197559183148739749709386968338576935208503059963373201536588557690661218709710376856200741565094
40.186697660904269245201923404155373026730094671434901828613104777221227383414851530524381983008607477833043403175249267445219665
41.822363762740853408446953915896768601145583482442405637309749586511252353622613371953925573478256648647452956125373293002842501
43.492962980951605550196740934225179931132639586729299765936105964339285569569824203414436241440247039546533085359594363304242803
45.198689313086161826021036839646129670020600184596687658060020823390496838886859275385881417731918615769013771150596910993199184
46.939742507999355962290285753278141517336779705790675572001588527436492136750124918958651651018942943132331445198393374776775937
48.71632821380474593519567937003394725906113234317893213947520830503814377393475709417757643514895256243652297496971298811405966
50.528658132292757715043999826751271928734810307032168425110022022506769026410937524886823342122302833450956905012084782714306513
52.376950180126001811028214232185541473093269405092678020030103688164671550949856563394164613001915624337051940543016382761625041
54.261428657143579314665846573846982638389938540947686702461221082401813338605142344903368873598376766639440524516522604301713593
56.182324422126808613673068513758248636273026501257579818442313996013294267441549348427373671266334062021016182783055206023538326
58.139875076400882653750270387279358323165508907872944547218295724957632897550955729084719191188069564640773743885937031803333355
60.134325155670630483044663332324244882079842939435265162504308543596368676105449005737969662190806973413146960108620686046613535
62.165926330513937994263082831211694989255931625925013821652182501928892840465780865663809772870203861473355334283469207650856
64.234937615983625880385144621213243951454152246712131305390647575487604653649901801686456175587156204444265777621811167659138875
66.341625590797846176511627015531485374831145064210507426443894100192426111195013890063019843845741134080067485380705746293312836
68.486264626630515907999111759024993728374036403575254558808590851674079351272873815175062059282359062096881226455285281374475963
70.669137128047147676104670242708353533437150556923887789176294231975917719626516370901155129119817756380065723541660768863989112
72.890533783667871528012316380587860682378157660818429660641575328233234231614844326595444771636191239553133361662109925797439926
75.150753829178699940764278069308515249023818537162561341945623283515769620411170437062026623175056290457076747436312917125773282
77.450105322854420984884558195442110070065543506149943027327741000516779200487952062589074690403825018322945536550648440643798746
79.788905434302192120867521007597888217279307848925739735265435744541953060762111695147896518445372009367730329136946337388888967
82.167480747184255537696297508986316215053158524864436333813150660773568127529688382576615538175901738549577735317350269564098719
84.586167576731544180297602067207684598948270961315848014824367541837485047936097611991018527273513424997672074790916468562195601
87.04531230291766983428260652560429636965208420126190024212441005755736078428024966068051672562217176621315291817959205147414227
89.545271720225294701448934598511266813748130901904008099741370580806556563060598709154141798255866702221014265065710054245663302
92.086413405004644039222342352810698399663380397190521091592068414868763568797452257296466738421841419291770925688573715322486483
94.669116101497427587953161406608061987478543130947459462667047364504208263865137596239628055303823970920033026499497405775468017
97.293770127679265360541991941342786158260265480861969647612298222181901553787595333576338211352017494056091095648733806962716593
99.960777802160485224030994904720586453718470112684848473403493126663894501734841531595783733305142469819517144145643465036807638
102.67055389347957228547714019593736738026729320299184274392292333278478678171800458666828935163068315041601124627794542977387791
105.42352609322637942774593068918276838503131700198914137766656141666435557877212915323206179167805683788481645530094575539243035
108.22013551454431987493070057696651603775199252612275345857673157321954178297873239432526398414971744496137923407453769168335023
111.06083721768312284276534303424027658548771082279160707196089051950304820808807750605442874196244615217102901700838322686397428
113.94610076440742280387602086970249348031011918214997492357115907038709751096507832542664321869067094998684603287515400652361784
116.87641080321268169544380093268120253599991353998639845588877942959483260396724951136985354224378763713472665928564609273642291
119.85226768746006829467235038513170470020334324524840045181746657411856189325326755075309746468806100026982791266394056290039295
122.87418812871746349769112242190849332531884578972855408389797498925729783462545656201075630446706661952430471754747610187859489
125.94270588778643761720828164353516562964412581627688766729605582947435727806105126700071498296507478735047770423449767391683539
129.05837250610678560628011792831695326405032083625066081358630763422173135251097769398553832768061253760507885709824814618594689
132.22175808046318482030636643258001622734364551018931094252216332969953746089015992958449896534662996012362521883143853789170178
135.4334520841752165159638844159887281849648890149626866366809857458268020331326417204033894679555245933937523092580916998321712
138.69406423823514938696631087205348534307820572774379966706010279029894451457019949727719728440619419677782001233030872023243311
142.00422543617067523098187109227144651968582155014793283771948451699468538595758290262632017769417448278331095446376829530873781
145.36458872675579482395455828368146080781507775974846308082120993381496719144909380321305358352202671471657937737913317643846236
148.77583035907635014911354025396814423773800984598152574137420602126344265859114423616929962584660521416378854564236815855237373
152.23865089488192973375814047572191326813187091536284349741159402758738528407993524204908244700871964242598974947331564730220206
155.75377639362833722958748902166919522635691239174664459948792141175459416732261757915311577892144829085834386393619828517465397
159.32195967614057243706767797525811376630975648484010054086469609020315498158682622490381788887894775533330400935141383244969829
162.94398167341227779067048972597321083044568569039713844943990962089001297309640954943581456764574688369340578632604121701491597
166.62065286771183292278712465571272031052421072231298187170069934205300670147388452193649831538494186638831546100072817173952188
170.35281483389692085698204742461226866024653108996943938696830905392180550213606909528154365901737434392122180823509251968194385
174.1413418896590364424157382176390765734075997146919052078588696236336173618548096378704957633868127788125638991630155546636369
177.98714286433930844052568204085354942297025775968882396271574763022530864380830829604091645545485994763681999210132146632372128
181.89116299699135218368489879108150303199179798376315649834122443507010924245794997917206076606662850145877308525977378918751603
185.85438597553214184697595750147163540231550717823824425249201089561961768539353797710850924125454945095475398685315042268712617
189.87783613013727993663128832825843097179700889042587497673230494709664930996806281086456391231429936896203567955735013222458245
193.96258079552494613744914058892938815450656297902742029098071704269424225999682422695047397330163083171037946900763146704766723
198.10973285845944310542255877883107591107370077498430544387550940370816003550480442744204195388292695168168743939293637552714543
202.32045350872138691474234673491102696721766046882004038123281115033690445431815271128966620710705953827192184887090152728657933
206.59595521397341840586530486206821706600076933461663168226220516823340077410560318229277437148848022557739800714714689029136158
210.93750494144056872706457810050413174975212048398957976365534609249370580914295860536248975124671029804324814319988227797693921
215.34642765217368355367570710188199638529860472107396310517910572046772744156797850860579877057851693843894065400724224319181107
219.82411009693266922944231590490697767985906170295778314403633802290854126304194129941032987910794151107949399167202490656557792
224.37200494648534367733808413548223643826543634442678189591578593331307650287127868151693795998084975741938123304714403546748874
228.99163529345291864401600836697777097796549642130505226485527358846204626838549668569835444814369735200468575043652213007321872
233.68459956784725548577939937644941879068552665328002801499786758231488077039834584912582959809512383419646849451263667012310198
238.45257691426161879078411937376247396069098715988655226674711641985377129739859201290886336076494453720921594727681411832560869
243.29733308544508360620811727237756708742491770859248833059320441494835404928777229401424102668115857466614477106832291508349814
248.22072691489230225284788408551905187954695557956842854121432553479796202732942083334003195273419869685616032416172044843804974
253.22471744033587885726238820722052240829297870072666931642669004422876554019104173899421517548377791677589383558287570180687707
258.31137176090842722375582610559512316943324966395033518081813335415660785579525717087279667968643395581355157551294716382700064
263.48287372357776625192176018301248641489158235654101509575473365068562974393066098189777074223858322304911480118025615422946017
268.74153354966201375297660006485212772795657283935460049257344626082195706426354272119731765180952209604110456710577032843735186
274.0897985303109328352755415867736600283781002037369447797553628217957878747809024555621263484263358103168396936597286560659618
279.53026494143125756009752326058582135725634680340710383298573803289387120981760798114764061621467561544134209250333262396082386
285.06569135443405180586592413345537826183256150337961794859736496061014578026530448224699366912957944510377364073345818653866081
290.69901355039714778472683982627602151107681543190115766127649301617695168108161693542792216227244665975976828080077508757041769
296.43336128304179513967701356676940513818651936961190593210135639099398274202246515246004512119521755013058601892266056140550189
302.27207718195010366483204324771095540350618615714157523973322473100960595399247176798380983306220701781672442009269250015591495
308.21873814379481328821392304085677195189038092254061380787200188075215835066204656076366653720951875081755736643162472106731372
314.27717962872950339448994665596006174284446762737323779835111783189798497783205785584694893039933442390254824416696099688212438
320.45152336503613908231718925656197620840973888789996604911228718681806351084831677986775866363495883373260028542518927521967548
326.74620907230308858515471406885679781942825352313814027506180508538528256583975631166908732793076390339218674464429560691011112
333.16603094798271332532734416789952796382053669154515429963131794491031436117581955683777514773127332390360870131619589013174442
339.71617983241018297625408130557265014431470758765936257146810940866311865684739344775958278955064772655588606773341393993159675
346.40229218440502772036930421748370678967724570808501601427718070980418543308462160883229671213305600557818250565850521467224079
353.23050727863627493360918742999204947624488548637101239628494485561915020861964817591938524562898707887064212145142469629613668
360.20753439798998325860370021000572163870568152910518886801700768824026936948127794461149775315591481971521232984779861061614961
367.34073226850559529596860441781209533347768637399372211564220598058440536907248725276761838292025015876775795137045495873889485
374.63820361239935880450999334650716581764668644719096280457573249729817981125433821854197943132266000138168188538414289176360336
382.10890853548998412489762365895270093282159082170173599125792372451046060862952708554338734660610239176905269404332518166989106
389.76280160503831215108000823660990914590613514474707185134831107291046757824814319062440358063256989890083828635694277602580187
397.6109990396569314068324769378128382264548551221637489994457767196940031702044110223307590194993038985950211503630903832693446
405.66598461537995100880674457969623240466963050320998860010976940631269192315389437488477226075405062163709474554888370261437322
413.94186598335844590641915607099626920889944440327005945471377301973353110964380154079476374566961285555511519127702757585962865
422.45469755161069272319812425191965685229118801410578394274736885796343689384180225390938023961091459536616163098860687307843745
431.22289263617983163594798271104658093249187533717931917860903838163580021028748220377965630939807812919913170945305834775525282
440.26775743434470616923310400400606224971685757914745507547866866727413524122083143556432851242127258993481738493164316107329238
449.61419453755820577876532409666858399145530703739417551322090639627490107659372167441187892614309952580049262074851748526109014
459.2916477124308253282258071382781827679878279465511355416073305514291339463885518983054547536652813027208369561708872403651382
469.33539891419088411560439415723612376484827026754790061112619152758489806059733152664022853514203823222741322920334584907376726
479.78839498899968626682800984483239815399034741551896294680858335670778235014296427764746571270561868719528875672536386141690386
490.70389908146621174539524389405775565524674569053603173518821474350600216538620937809625682874730860860145404128898814103870647
502.14948028426585452611918916046272028353395881322527489034035707273985791410915002654963029387472964510853074185054693161934957
514.21328643008508428679956543961438279734371632718001424687197704944322200012989794343695752151266024137450578336609375048952396
527.01446164352612367326998115949554489606621262459457685216957879868558096990488661506171718542571512394059287563661214588238737
540.72170832618608927648135036650010965794836290929932626570211201792139848041233999588773325019970366442028906766960370989415752
555.58962479437388069362303758453530247893034396788385981887620041518667954620262354057852571510404077298584470030116470249361819
572.03999281596936076632589231027820827147462333515547128669768483874198066474820252918787117596183530215206490681140021198280462
590.88551951993041115753663331357222115379747287270748761919535268713597432789789273619769388760472837000428236098269568594412248
614.23605707163168650623795434055506006623862556183759943121150108866484636369484067677678427002454623694411987973689748094850924