0.0065273084124283265464379142771815104598625836449575763972208026819237080367777788790359862128622119686746875194979764540601370982
0.034392359755780615904887942313172954471326399404597562791443337130993143329645280754574108503563180721801118487742038531957186858
0.084525197181678536548107209878352587804545638664675132051034906120659401713336238624786680807187686850593777667097156923599850942
0.15693947676789409273517621646858069576583425359037024426541217319734443562037833225179001649995640706933752637647818315060404918
0.25164020566783423499968766115056114206018556217826111236925170353377187258263171475692660813800642958229210691228557517993561658
0.36863247555768927037867515880641079913696901923634140990533238696829961002407149224436761968759102121573848020378011622760533546
0.50792228492251418929441614710497413428550966928349740789670917261628539274600215182686079752468724092862045985680714470946256515
0.66951669368389258513077092248087924699464305904939522336769992150928997065361676756871285243696443430948234217379414381250397286
0.85342386580341499958045974995690199076805016391927428258038988932407808598185270759088175904698708291196834184899042609158586135
1.0596530850635774880225999682968012796349363358591362588755336023427171845893044133561693907954118424172827141445218656624346321
1.2882147629025799842148837153421802749877895442929192634343075687774470587802146063089792422397491671860070942632362263546726763
1.5391204436059458434734395576591965872908501865962654119157813869301672996449972846516102580406569086769926116091300863877293997
1.812382808619047094952359971821561930172991258111238208988899089346527578376376718988759877917262852352989879410396440198743068
2.1080156806477252063341916501363077858536178720688852764175706591221826224512585527557548436754096623464996818259371146037508689
2.4260340278266495679213269420801762060257085199987464114075858508383642710017010592836427064382409605958791877469572036931196804
2.7664539680832991616029518112664784596757462790632001957189562618168951864365010995224706372636721585941485416561506348478702442
3.1292927737609018297809406565508915875504480120168501164068426718965834326812808330217550416478482146555808132849911323736892551
3.5145688765342967275358561279913235581177879252695763620050762427241668271399437305003057590778410151615281106851349278943392796
3.9223018726385767847668912262355832847686705389235054029404713468418442875898590913606122704236341676804623258853157273113693246
4.3525125284232977153342321969714164465501707003325818085066651989407176653584960620924773313271685263468526823830224183988575981
4.8052227862413928982087026418928400307234407775683901343519220871689400182363021322844704541032711388257369032369483659486032908
5.2804557706800301929471169917869947732899451508983172912763934748899242772851288816817396770196068871130656538780515865833765043
5.7782357951396696224827722265468362075495138178500679011256927217824745228501785688155133619460594071498299304425748367515483373
6.2985883687671145851711527535170038180810271298250809311662518204974931964916712330653760239751790680952343633473077082868320675
6.8415402037481750721840222572126276227343317482806207745657737332177266814360679449161437376790959438772973751227173414396986311
7.4071192229655602007804335492861381150933009446789027429272983092483989588388765688292958024251129714378130616081281543728857007
7.9953545680277225417329362860497293500636335339256400285476321080189981164819279770466893746565495953444958401931826623901005203
8.6062766076745499221692745478148676982961863125038364578511588272498612295988953941158233286560866750675817824158847067549128438
9.2399169465660191556140326137085460464681100871853196218834839613599327460686552245413382354894755558499338358148628080596715359
9.8963084344601770817091399782222968855503648463877521221342618056248186618106795632410328146961986830975436968413498505990396628
10.575485175787089293574220091537773776475472883328037113130489145240339192351979687545036092601218605754040585129162357020707696
11.277482539625691081137544953604656442313367476774030715099913087737446790812931881192921347472434153631341141243422595664289998
12.002337170090785465975433194928115958929933432310014211864556951744017359192228778808258700278187162479772888012894086153389039
12.750086997137758010603768213042867575095894404778374606816335493771966586928659151317341017338842528230838452407370082318770503
13.520771247792916396888203851463639737263500659325755180748088380705504582040972934255060823821423143885612820648246340100203114
14.314430457817714138761879779703556436731452259523205923666879268097092038299343799367033963221049663582945100707671172057950018
15.131106483815482120140009946359415513218325914369468748136456144107631058441619205592520838125947723453711976556657981864809853
15.970842515789669061701976709991478600792721086343789552025278750517541091824600086617278260454969349628315722463264055784616936
16.833683090162982819585157805945494687860051418218383961499044809533525392154458729473391519813150593171428933785729070547042553
17.719674103267229028404299021687842941889418876885387630940061741313920960996674150868531808676249824115182208626157450807559232
18.628862825314062539411376462605465895064637367812618127985630132233027076947085788112397927965930869978990046505387916342879421
19.561297914857300968472619840328124495680197783113440043853067972290315828741271503214083921731830804459525941690508508555052845
20.517029433757899120041842197170593048832603591033569753747993907384454246340956999574903340878393601893597120592367396656689529
21.49610886266314881315080448729316553025857436605659488281119104059757502172935210740970301812189075571297081656881894144271379
22.498589117012151478599696263495310208933230465741021344201183692365021197863731552184763846613902923707848351987068752431952026
23.524524563580111650121336192509685645699781491036402413025180309670530952056873974126309854553171766992535233693927649582457824
24.573971037574519014858614406478347167030757980636749575440295957399955942476083708031933932654972319874673313977920504665749996
25.646985860296825950407539775060495145409015669692646397034214474436457616689740834297687924973599099540189075841547921458985112
26.7436278573837874403217611646046292128055906909929685591861473175729018466693492171489506696046981081445776167724827316236153
27.863957377643211965558247252780391292025991112911723580927887490879935605927636988545485463422630787943298854204287516270344709
29.008036312499476511225342142248530865441524097584183383846895088517997668358622197725114106699561484118640279371581625235069557
30.175928116064787361432200234639645132520532880803306249625894290033413140681459965429290205822841581473061194624481815833781983
31.367697825852822098328799636424812835075506934941046121811061488337351444825897049102313281893659295351886564088629583603140271
32.583412084152068459393220042742055429543219121295484303590360158082187929162800504621634985739840860654362585664028833336298498
33.823139160076883794852692040329310879860995609301815568207619736898622955141178938600035939302509906887090395801025404889198565
35.08694897231503623453020127638427533850676800044380465905246456750178295720126518634120294774484669566475250596030849943805244
36.374913112591256829138773340491749252398261163180460009460740292306598367716509010488013324870676825291860229671470761272543688
37.6871048698671324677461462388372085880616953732816931206037997676251023273586879587239085075254679849546552922481917483458661
39.023599255298503972568994115770265847379708417896925231287839880404423278702653633623876185120498277384423832266237436357729397
40.384473027972404210924450974999212045547113248108510846951576107175948128892027715909765451775321266735016991799793962161339188
41.769804721446479219312870440776007822177875844438192551783541951473056585740144679117577047577877920562938176171351509902063558
43.179674671114783190678027560802811658311301030943486207939379318866400897482394961589911026847945265077159865418209296207368135
44.614165042424827831459898112576594397737275086007596139952747877824715361618624927922325406234381909152758055508459975905644073
46.073359859971800270231324346588261078299016823212353621944185624322558944763181877470971413662729582809683865847578920077554801
47.557345037496943744097607000720726567103821819052355265627847957065255802640514795357400915069623002057843688057103518020258745
49.066208408818224190265533618736902354500087379254167657123788319647273212136476946264738493074713438337301291397194657718037372
50.600039759722586263058608625267005514354942063345351764263190139029002430345790909445883069705246021709688608823214244733411134
52.158930860850336972966582494925000618117874688589623801031707993665402782121879169938854057003354503039441237204098150916325995
53.742975501603487063406023422169904528517165481204999218614966553367794009880024056775787877855569270122306382496075692883188114
55.352269525111232540931540913007135037057492146687360078930117524707739666232702751144686782761184929080487678820337272549205369
56.986910864287174784897550485868655536642277784641079654611237747818986344271408093922587050558674416749023048938683217860536627
58.646999579014360916354680519149692220320278836168166799413552310673785625591970636738008437241189989867184767412232255475360174
60.332637894495780354766037149862066492457282964597782057540719255988439962414174865705080138200350435594538053731610262151975968
62.043930240809582719736612004313958002423730202986369873824583179269126564120158165210634569120505662331211560690226333576715509
63.780983293709990677738178092262517307926086136389166748493897468900593467451104763260357398389876408639344637673545724696528646
65.543906016716673492280142326593632256406911451457501258737138935271411240511670644205927624151137551573790246676730563655148445
67.332809704537227697645027209804242017361992387531699877170919543173202652116923609131982122909759677587479288973803860301008748
69.147808027869385575092752294617475859181873817584332697631177043834630487803678834147827429601878832922630041149131129247050084
70.98901707963164538862783380012362180365799681254404396158351569876709526051312955667479864763487376973704143866456665611508337
72.856555422673195409387305154272108802668102621587428551124228456581568910800464688988821629384218436229871779071333109218397629
74.75054413901629277549752656737977230565389193122731188825481864203032038028743105693058113657185003359299779551681697820144356
76.671106880686664755257733848339702296778505096883417935813832488451435173462419839880419391121155202021009703208021041581249045
78.618369922190030998360947697299711406226217015142205133385944924871126936199989244605769336285616758945468047186366616791462355
80.592462214695508332738745739611695933008422572249579320347796383627378132598517613408877373331783144510918192846637184974160273
82.59351544198946255622785436500253418206486687619008427493915186375290328677682475722130753593810701371504159911495590528077632
84.62166407826632298571430060856548929365411304349612636312977445408506500184234166451175940951881198381591114245811886725066834
86.67704544782598434624148773699496645251510743366026776695295440534062144650323266328384128118460518960518595707598438606795549
88.759799786750696619171213745707781667540594545092732043102857930686819507007530871145488433876145641048286104287648098735499816
90.87007030663779710634607111785079576022835307611902409198103558056399358171665076183025373204264358451245726105075668125374302
93.008003260468281317205127816664165756717164686305476058781713636985685983752684269964951387314469286011441837607348259929887873
95.173748010695052242046664284621694132553663770878121685544745035994698373307008156766430276707763661939116815517041567493375545
97.367457099638743876127989613006429372997887396815718103345615379271368753216481517344366846468378393635034360150623320690536245
99.58928632228329815707073362258413989542966915469436475156013096917743280447367648358556544355156988930284629848779701876014986
101.83939480156799940811985952980807851583382006353764460464691717476656817492675518947749586091188571711898697564212835681689604
104.11794506627745264263376971341446388231222056248163229187158925656812670790598808315387274658351359045243052950767587198286782
106.42510313163604853215849907684670996321322167429077222491385985069801993218327929921661761137188905582140612197356139975024057
108.76103858271880656820619383073003228877790184718072721196332092036474646473391318149126547736705061632720288780767294195365228
111.12592466079614840115320749291554711173783516571593972395833171523892084547373624231833778157076752296399332289395093197051157
113.51993835273614642356210282507532783300680381758975685669779711599689918364094692165098563447318593798126817891895266381428077
115.9432604835941408676853855191615583367273182572591924915762325729750763387370949094119925559402761906848219515515091852888176
118.39607581252634621276006869159018180316672844652179150920003307218370281870576606104612913804078783953466916808205820527307223
120.87857313217120061514688453013253764220800958144059755984549357723789285119836289836019329967720180043367059562945336001980367
123.39094537164977847529657440904844925232398611878502655068075628491920747748207442408237683620066370834439239611871484966436489
125.93338970334461643112162552781401949335925889500522946911014832518823989369208686200190928957893179177867769102430333069804232
128.50610765362482970055186859450945422883034880371593028902099248556326568656896098271994919056371362480801042814776805764256219
131.10930521769445407264739249318737923145012016496833673901005811146561891516303995088503731470082909803521460581699768722140397
133.74319297875057708700104666476319986421587196143412477982855994151326101513733298786831849209233341388469656192011475652609288
136.40798623164806125479171863146695335068046386958750026210376751378652121824162343079201513222046351884637404001704899439159414
139.10390511127855714025982653884030910109564031031303829268111488688533868433973129174119170175481402105500147615676840396924246
141.83117472588310299402302222946614959537233948719653276484664688870751077534558408277454268206556866388953634965168712976914241
144.59002529552996268103508426664847454003037552287634533665147496171223459842283815355543181055079706022426853972382950877139514
147.38069229600252153739675105248315262110476685240208406634515675283140278176647121924529092221354226552509228377535606995244801
150.20341660835610198496464362120951948919275852841495080231066100987323070491839400879400194018141089676302991818243551977354053
153.05844467441754395123756383374906228196502241617682024897496085337957671635012301197114122928772739313393293475804499705160067
155.94602865851739186484745844477847864137070231761256275213458473904717850798441086597337188998187959054637874853319054156079333
158.86642661576161902090995248067899793500669888736276962496717572477898503151265041813660484951023099069433190930124793093380658
161.81990266716808716419240144428781180213424909899373174234468677241701491564197037996838797200710435329227257954549430302640087
164.8067271820124775643383799691754646299045161044903111196339852905942791373286654600150745681453594485594984535299307686841986
167.82717696774934136971454085560639592799719885066992542979604297702036276562425249389182069752293716561958710792562689488508204
170.88153546789631254881155004453173476963783329314070774167784810925420264313559660756595304250867276506761716364015923544610861
173.97009296829352732829544743905359198598368728257020275065092045142251773085284187284814736254688804061248910586264085841125017
177.0931468121760319643407706771444911083445709215861908817377650892068812099911536845027247237198347703980503816655718474640351
180.25100162452458052595200430629077661166631667787205333950579995447948313713807311103470592798644634868601794676922668899394264
183.44396954618988433858191061421975364059930902843029496549213702304235420788623488918917909042275043193235913220240003552616393
186.67237047831724810962645973176798314620100213670170438613690676944061361623283569067083586517771948899456302511245825254156648
189.93653233763280447906313199355236943454008492654227314101109628393757251702658956868486115128387811356066688355018987995928534
193.23679132318944721714146268107088739726180346329613554889641205168730737742775592524355894472010429588355321087810639562251503
196.57349219521029240856329649252482848321029190138353320973599844864759218569855998095367892732006687146218471491312862912836537
199.94698856671031832651955639006794709626285341844879328278479109655146796824366339617734471965512193146582551307392358663006461
203.35764320862302517038562030912040056565607229361269750986565307535064232189097225262546843722396717327057530994689684479011392
206.80582836920882036924846846402004921836480903072465489143940749996858115374472905177200482212521341928146091439559145682484183
210.2919261085757099752865756974880635682951850716597335680000657104055227991148735748669656138044376988903642678584271263932181
213.81632864920113290145199048817939810341242570824352635061325577754414967156343424241911661154550071130108386932110031590561537
217.37943874340682244560945540653568998371792991030502374789967676028183176401418008078156132177536859095743482412456805768776547
220.98167005880687224756987273799718352359475436711170454424620618963357992888431594965223950136309318445317123122238842815683876
224.62344758282322379051163137616144980855084946495432535245284406571707842541059740525920206561899011276429922023811747411753478
228.30520804744313657062923230936419953346485731572904784030086285547369798023985484785654656488096460917058123599376928413909742
232.02740037548046808722213920834355639993767990128960940251640236127925405956111325105828065965409939605060206999510533974900318
235.79048614969746553834367736338641375359659287608419583945868794909617767848313247434428584393148127618223908103920010692344634
239.59494010624701852174863639777851320501493724887326442876753385239621755571302106512315574551323572701485133548445432729879061
243.4412506540077931588439170806960962082501618049532435076863884395764034330969571771597350685683966336313485047630472644917202
247.32992042150731207060953961092853140887270200268149578258406794442421390232909149478238952326654956009016947571084871506144799
251.26146683326192160070622730244914893455604980921885683075972684558043725995586592675049071042312544065426822445063794807400768
255.23642271750888306592805240503022301459050970922373859958865609471035546206353452091856061883759189468564751546090873725186308
259.25533694746586613036275500397293195293678043751463473561772200633882669135493657465434231111995828415067182860944554204467212
263.31877511842839831195688315167352284886826282138090934423204138004210363299422057175728960064036042823644507211280181147527332
267.427320263208006915746818103795630898946714812563989306453834049815285675167236233383104278565988663869619465473861737976425
271.58157360862475852379723400147761118882862114655986157152931159218333029049705279376983801613749075761613038181439603935478737
275.78215537599977430659636380907265710882699921336915688678873794125699216210734614539908785945823908036475520607386773890404196
280.02970562884846588920141029453181806934603622046962269140226719865425808016768174123286246880274536878167430317752632890874479
284.32488517125639566689153261076065756684135504600684902091892019462786211144840682851197836578543408276774100660719162931797796
288.66837650072987229228779803817665531827041687244475341543855151829820966331354677850143760629623514602039338803157233080637106
293.06088481965610978209782949027588774061228755306269202639837512216104707963923866257249004009158554569949216144908291481282689
297.50313910988694013447863568981375761994804471392787009521894827521127615973656699611512049798014808519305838618297965538580934
301.9958932753801484907106248401770848337942221037746501026968171654718896345479660998932328383324587248606306569922813298798598
306.53992735829859560054639183737105959572113522706604934613976238940237325278033058361438612408729925285657889776961546548639085
311.13604883448522661016220433564580014243381184003378951020152624703257251740177496842930521635112965421151866195202415016217903
315.78509399480849835591520850924683336717500248663042074244187122180082879043269446385814523347648866654757323584856230112757893
320.48792941951532406927163024427724091911228964963182612243090730028607978635722579499390201782472268197628644605273813517102393
325.24545355344610402034104461224586017395970352337443846711360725777499582883715269996453484419774563893209032538518539599321781
330.05859839076887703621725524952168932536014759279631226585296249226672023273320497321523338889262883593664123950919025576970349
334.92833127878873474585973306618139628806390985620719265186908757309675315957893430148331006477831607526118576152919262913479449
339.85565685139784941978367603961071366039303195935431943359726186934996424773227225225943077389305547364855269463518518068306309
344.84161910386637663492672351014538665306979875030666646784576420649729352589567532017299263495878830469347337337874733068632768
349.88730362195322516859928780008088984957714068307509683689469369900726988835706091587427379061899005142308067924205188303439141
354.99383997975933722474339971029643665821732701597139198152099995322039925798157347812235457330575300905232216304183412446652612
360.1624043223793227002648659229703291989645784253420925953462054715418693157180631207649377149495022173912609904457537136574839
365.39422215125887062288753162924297299221152538392361117822537249003185677510090507969367833232455501594494757487580067953850316
370.69057133226915420188509328998632948346644138599080589378327013608633899329435515499412852630935114493655133885335831155296392
376.0527853489052756719634509567271003634908715406845250831082591606322582556775202509773486390188246790318413700087821979286574
381.48225682575066978379374957991072407940176244354725678436705291120847576297381311349207606827901927335980737943703507993557053
386.98044135047895489460128997282903297544745099151403952167707647220556296560882992009706745852221339975211403090189178450603849
392.54886162625508861828407077554190430092130626923259220636782320278573667289383596573572765332664709943617144931283930681259746
398.18911199052761399552510266121295852544502158320972479851158173098597067087136291390947104984335973753127250603071871552615048
403.90286334096744141713782482374019162661114272784615677868943977421566100421597287624715339118403952130020577798753480486273942
409.69186851481898638245377856990936061145461971216220940425492731115750316449202920318706431434209030117065412585815512557349226
415.55796817432263103004312639908433090059741013555193492685957566173321509654961630817658103588775516911213442252719354792437045
421.5030972583078639288533447939945200759061749226776825838248622777029678439904199098033487739429589325433232058346872824981233
427.52929206874367317474558166052218659380353223413528377169801092967335785623593800947365054622479648079556254821663658930640638
433.63869807121005459762989440033830092522564078916143166757727695755453813768782200359191871033542526815979172661981732225077496
439.83357850021954109484912495742912767530795355239715180616250594382929552582836714747000801316792852099585096353695898999227499
446.11632387443645075376266786890993152377928435743909946705742960719802389447334142751079913706149942908239068787399548456914395
452.48946254356617553536368698788530457088581003454007889396582262021621802332594862047784589249618255464788076680200376841285024
458.95567240857848514840044788899507416224027149222874447097109624940421434959218904118851699848796257922008274614315608327928512
465.5177939806877571847526168973935392946671751449528062654122893890007148498733832323503943225096967648703863869961744342508758
472.17884497301779065287411825441108015038829849858756499564915406753341602145114956077611203554949898265343306904453990140657338
478.94203665323789940948898246580107326749522752863005867585328954043533915549209146969127984196188030250301449532934922728887578
485.81079222707736074433677698743238721845415531115617167471491925265886358692588634996569726527728049112272049807079408754212986
492.78876757330435242993751638440341726827820462080523859717747775569163464094097705655587927197680535734060998190101406877690472
499.87987471280448815306800256287476476707299857974401731913309523327284777159521588158443778676242126247748144037017315144426086
507.08830847080601359975613184622216660012148596192592007596053790597168757598721593691528417429732147744629421473576190872033659
514.41857688597862086684484725419051194110995677732216204581521671779597323413222194033736081084584749858750025315176737092974132
521.87553603821572896145891897706768989072128324644009744262459356758109341559209267832853243160635019711105194473839742136777395
529.46443011520534847109664177149732881583022250295057831101122587074365664937670700475183097358439903201523105363502647421733377
537.19093772551270231853600544861651181181669899940809393754906010185087677508193667810866168610409073613829821957087499177708596
545.06122570514378197537701057083814510863309698681532023486322130616205424991419616816106257658704966906320332468598580781022614
553.08201197222248194173856451660581120598004787730247346685882177049602047882724260492591950376702996133134812784078208829891258
561.26063938365270332118759141537632028732388844252723339448195269677164126018424503228192587907260818212180875704671630131167961
569.60516307076639676627484557026341903722248131151119144790683412795507782198475152254262277124727757525806089196695475022061798
578.12445442364169147446717248304869207279287437707448720672650817852678999651175822431781348673980173982456028560288674333082558
586.82832582141224720521229760276046494700294134460991318964137560719938648745701451109658903236887722463851161315435558233774244
595.72768146352827761774059996849019950485634012845135107021895167921442114972265080762153332541152234252206356190070074126336634
604.83470138491939715983334253661645777398028341449906074847346105376549536642838147813294422301452149904722316539614038470289127
614.16306814720421727217261601596068396028858525558471204502859967848033725856906772572321078060495858079958450320151573311104079
623.7282491113300760799598807466764503293259663835540542954891806382370735174041045926629211357661088464119433259179843801755516
633.54785211900511794762033070049758070861277400890478030464156117394121060635019404255733329747641748835924274088720675544571918
643.64207964836234623808812401696419614044932040883616551546606420738269025860372911968922637529306111099450443275022482356823086
654.03431738842855711718909757404139898627255712739025288221084142231664867341562173832142312084366419252391511566123254555425895
664.75190993457625427978502749635509381279690994938235170753241381049224976606003936075583760186272639663678467054883413553644653
675.82720284500009282325568482111555555692598703152308448039115167845065651325762166975156487520776487214675972077668233373237112
687.29897367370188242279959626097215203041658638260856717852403119729701557667005066148813757334629397326613426769291113917756992
699.21444811882471450951229351112027897308533855716573264476294169132266361881789827612330769219537236717446853847879918094730728
711.6322274471975565485490882032104473233492698944417969581080753592720447687859322734834854370334566452259989788996025266844081
724.62669509906701416007472975293874696583598612382120416263260321895252838725037923838079697047103783420575942150456772370338924
738.2949477006407987574831904452235051737582405001112517840421805783253243324885507332685080596927164341126579605220181244429168
752.76831036438611806104039373706771780328012781632241233666921497303263702779138017596364258975344382196545089605858502255321437
768.23286326233185053858088334952132776210663246787349116759683332399476878281838896010804735852073101497476543745528290312009483
784.96964307042224925944854683297023140268859431443120031368550123925113695690940231011841548972470823507441836407776365636861569
803.44461657216675720550222540565390250436837426849747642477898279633047001990654898448369151040083615538508057141116763813147672
824.55645853318240097487363030088117515818804529398549258355074049289946261649448796236970843555079382539432497481353758680699913
850.64070395247445174354159484989525494497457485777793437570906259932507112054553346233011747981454514201762610727312661721323739