0.0096066546294099922892489224417480043189602690143805977090858282749049008047675414095550732908179633912518059953340722446394851112
0.05061804045046437652117714151377443826032189581868859404943810502580002815769522318652975986217442002028081042291840187250418368
0.12440536207005142897904200251003496716698327297110362447955524021899508378421493950592193047187147402621659411506418196034934064
0.23099304803660010713104684658779323398164782098919199000517869415070577763824168754271679573218737113278533518935056824881770369
0.37039472730621088446715166397904820988024236687662368546980446593191225656195018166690111177987670797833030730267579689001775643
0.54262608824631053890803514970861926418503410733174535858939363584541630311907135524926940956360253127070557702351571836089628105
0.74770609603515572552391704549259082217924291700378784244633085644970337471952034635896462101531542255646807871278594227527682968
0.98565722914715410983152741469398160605569580501050211819919513588046809063832238872875211187882786766021298210730100349794112898
1.2565055526970563038165843225006790695063201901460849452520005173501413479232310368540990991274421918184263384004111292060117183
1.5602807540567546622033708129001534134768086197724817658763932102006516926211946923992513128652059455537546454338457635573958097
1.897016168546998639874747323849821747701041735373940368468255355087596154986354347898532924555292137569167509506378453922322539
2.2667488030324073480532055066764546011385508680872888165255412375767475091459254311911882956226065855557838104538237939984696104
2.6695193600429576345605790511016721280132021139511033027784999321238136332375678800681618317964602657689789166336282490872221518
3.1053722634339426617999298666467577605667022530044623156052335487120226360908094824493375202309972522146953195831349695220677564
3.5743556860292846527398647390173109648205279785426516303374696900091834648804738238018896260164021319062921826981521005262381565
4.0765215794730970694761348288439662266495940609295757362629406982682049131268648995887603582691260055073026890009897110896620515
4.611925706422855299812578865590218676127568650319920373080222022903508310563984182900627836775976660596016907595918434331452887
5.180627675177895951091172039785861884148422206120044742903491075802908960451512823333947427158556419407816295641587636499387987
5.7826909768199139225704838441851080668535298341438799135437559809055003176224047615091337922513343322602023785177653267470435797
6.418183024935575299452951329256814862074499451315277767410850002443914620559438416950898229892759910435627044664414828076653393
7.0871751979900044140356704802374016501495340242503597262527957062098609387650277011067888405153369625116012323864273012717598743
7.7897428844212772018721484710024047430183986357024455221527591722522406224515143625814936515801642004290809663423234102801545068
8.52596553052897071991283703832464187089863123785524526186141858106906681360442141912101592838188206654153675446966362564119964
9.2959266912336841688073931122576593281223321237325716394134245482037224386868409706660541503689061441899719264758991035561774551
10.099714083788953897330576947611562976635365480504011964985306246676196260095158547388837955424233368711252700298224627371301364
10.93741964453197536334978127679520162890046653404418546586423105219959172648394105647170407213420232721611047652534812699466812
11.809139588764938795089157801114452637189302539546053784261929541968210345951048135526885728934672588820454572461329743107489891
12.714974473864545259895461596321919089831028390298216401691421972848472376517268550530175653714343210224196702097699990522020455
13.655029265723383564423666828196473319263150985504907231731269079094920007588789510389606393804450588312801390966386653577932838
14.629413408633318235120464322920951202834460825370741792221190288190588051715048598300569221978920601575370991968864691659565052
15.638240898727876528034735092016062430910324142212548394425389231007727338491317274953070685073556275196391456186110542707097717
16.681630361107846186379493725905713314428186539678537733119450167016741697257378086513781806828201075246320047746827541023651678
17.75970513078192846670217840097172190838896569577459155047207092429426564713756573222195320646165963875508679990622852114488227
18.872593337562359621551767874238207791234000629018086859791269792736653678996161898547125063008219225907530787601824489044019234
20.020427995063948798427358515267164570180367824284043720945368100645160108958542182368500380023395689038129079846234926132145052
21.203347093964014650228202729026755570482268051598239383358651295856123253893200088028406693562988324593240626674088764816666899
22.421493699690273508366581548552065001505889221597761851085017904303616367363692604202061357777160761067776355556254182956840269
23.675016054713878695057747574534664625988553632948151024827901968322195521308813001762875791930869293631065860385319520428845087
24.964067685635576862002499484428973948997761822051140306829852384211131208320873536952402890798441950088990443726580515841487512
26.288807515264380260006727170429376492436514760758352248706804875754963757635328618866976837760374779828377905680209675473695438
27.649399979900304686415758904080636639679964323660316725547688091384471556012769469798246037318689767327034183768447128393935187
29.046015152045646980723468248128563127725269513492126448284407552947623370919872545102705167539328012985172138033473244458611618
30.478828868783033525684933481584138606819775912242075739649542969821056397244358908153120674098031159984849433356927932876116764
31.948022866073127607586438645653783490965665624210938128064330456534436190528897796565554556121808171718122221065573553198146299
33.45378491924050969349079088625523496822011488889993452310505781649578871884576379939661265095299062075776536138957977963223299
34.996308989932917891378736819865914212134416122822348774240946121154065776634101915265823989695571347402994400921135714978437944
36.575795379856840071129559119419108051049088069383054978301221886740191690365932211251191827579877336969963105136205247990414173
38.192450891611475818057203338607319226881794004481378502620001626096883040803920026337837665841701715992667667923388873229306009
39.846488996963435271148551267036388949618983130754120842873551999945033291051806512717748401118841972820838644123194763400045038
41.538130012926321730418276268860908258458350421625794191124917849671767174811356210865093062612241731068414685104641001305847781
43.267601286032674454527970290304123265909188809604226392630418287243173472329152407482323427470019806101422498820421849208570502
45.035137385210757083651339734111715859350794737855224212587501311468940751045010548243002953118891366027805460419209874696356118
46.840980303705507557103565975203899336063499595861789863581884160119198933946514654871495897909792381472548130615985589539772979
48.685379670511772649237603064187335434556929965174982085816096527976802646052081150035517681147055680460446112379987479207291751
50.568592971818904608723343177762878550087986179708552079645921967685206889726469520111278468756292829881172629057526504080669734
52.490885782999085636837812811962769654658618658386038413474847564024097151923277844656953266954099180745194900659873753001363781
54.452532011707573149168084177358688800565768402829451911569240300343364657805517963180677565496823374572552230549317623486472499
56.453814152701650301070921284364279664770128250402015683493831799849235130784627639893595910334397755597246762768757566845558048
58.495023555026670045422854015402269585017962112625954271575018737079411489026169494421848729531072283967047247662026333412444356
60.57646070226247004757112077292707131018048956978155437341362076671661447753615886449589391963714270458544056913628553995546249
62.69843550657191106423807710749604371956819042836865155649583187202353136510002971329662188460879196526604482927147085617027519
64.861267617345685008643266200531644591664068866497955501180734039757138270628779416072096961853646458454386836403046059820195181
67.065286745294217750940212234171924627806755792036733289068770655899296861531429797173104474264047700535043718431721352616247356
69.310833002898861473164767128073457730084518211225512919944481664340808004163816800908255231794009017030673597086657554594163418
71.598257262201081314868873957125378354196168258738120406572469189552107393605105028534102482332810996683173661905328981332988356
73.927921530980489011123482237641289746891032782669242874253160548675978041991458105300505056532320719679508295562930396149833736
76.300199348450914762214299191512049131486029002576629665079400369192387485717750406338957933676760406821328015144741114949044617
78.715476201688851553659505707022122628710791629610018382622186639028431816204880809313178280877186360668213130051165015655066656
81.174149964101236424818596496867834561952349243967658004735763119320853315914242837051006425606574158775936747928261855743381473
83.676631357340411313041079404942368427862534558633819932031195284703327494821768413367449323135415738295374354347409740308264144
86.223344438184080236732706076700002033018113628087265788372070697678426478355467229640746996972218707711338432494452907737703647
88.814727112018096820963655099204081684518884104066633470439319221217697305193859853505338214194591756956913941120636395598491916
91.451231674691035501654060166499355763767354249910022497832473712696718580580245412207441971278687002219890918292318794233702617
94.133325384652906889972454987442872750478317792891463126287134998479373468020445609025391317059438584639348144997983386628803162
96.861491067447402219653614585235659845421728322357880033822776424466404222443092497650913350212545493573082010703480138304141406
99.636227754799186352725288638008962724131067263880559371723767307511564094072297742474045863269169912389500944417287910375130338
102.45805136072668217006793458549325635750807353641350906810642063164920348626958654744745086598112593243926706912553687538579668
105.32749539731839187393233272558525838327401017037028641010788972473084815589204037740002684090721522405767857739422339695288205
108.24511173303921523644285440086958454856766353347254621366776051008549504342143446293385058649185765947470806534722415527492699
111.21147139668486028157428612958819510474019928315968742479313321095911160396957180577568131090198118441386193192982091335983979
114.22716543038002445661888423122221392882402725198683324886823177449771613565633260413235749706757104948415239840596154482590151
117.29280579532264412229961509651814985454177195262197018291733383893780819096735001320228054550290306633090830285923750126496021
120.40902633431567579473435808615106139811371913752136337335890263842925030164785853775681526418433238179018467190155907825700319
123.57648379550357491434171239403434389338265529563828272207722636546871917617634666020203110566214847106479419603934351225942955
126.795858922147424742078346921475843128058568781570627774832011185173414233899735812085970642617682109464844034048771979333007
130.06785761373573127644073911880235764785319121102555238933832870359141490717146167938061123823824682575864181967621246423932043
133.39321216424317875631608331986193170467315606771222789606045013813188215868859788073699536223014612433236688631052225229753596
136.7726825839239411350894955937120583610945037665360957865661563180587800523854954603774129391788449630625099759381856618327064
140.20705801166728527294963621918678641707860358529162625352560120646808953743173175257878412575538850650467417380516143685304204
143.69715822566017846629567589679786668893082630594345356245540041299960503051816321725274257892062794268092792914417715889668664
147.24383526090480332421114883493091208949181862481219302091323016783336508126745119889338517645118519801540971292371797563251358
150.84797514304028243664053169751263738847167507339598385424023950739450909032245952930511437101487520625876942333533149142468778
154.51049974893142226963200460229345754899281189508522248488588907291686149206167264068858546325693548546851259452090811135107321
158.23236880562904206441318761929893225724729402117658007965725407104331602931092039495597561763611956780357284275221625736973286
162.01458204059525253910751235686099208675548063237242960669729892112187289004682248451506165941618812318048170309268671137497416
165.85818149754482701402533482091047195741710081119013387843947585270856336062985907212862615642711402671730948441136366942862024
169.76425403390623607642532145671682676150877562046167740679702842864093646020608942620858832352686101627182171684027320704823191
173.73393401778312172244840156837690541542802911121630888750488490188065413282587646528951901177869205824210120466578580203054709
177.76840624443441985434969147491492446607369539419699861303555993348364062466571133836655886110031239857535062940301809335756579
181.86890909473084249846309455591143557725220937673734188925576387058453409165622485504285035491173321168618151439419053012241233
186.03673796083653534789025018850838039705967445005344048661182026402110769151595731040783560969551446446065725861553537710430867
190.27324896756625296326726922843814421192562299547507780615126975528299472219657488882278022594206227540431042695259262045620374
194.57986302155042197329038624066976641742492682465598628157651907742876505411748153447284910434688489462251261885689214070376602
198.9580702245867661585190313547560161690867592808321314750779605931158055767901198958912086000436605346003705269437755490564483
203.40943469246824504227319382005719581328674768720146473162097202989065156228550352703597191780516156652648814369727517596884159
207.93559982627391281624870431742254679228888830121050269829300878149208611343552933493815226536727485966198872141819625724426686
212.53829408973818380208486936410489368601211553593157748188238450511512260916014821134478437695051868253703636754784007613893098
217.21933735405235258725284017130568398808098408569757953372486150482576038176755267884587769775771514898679887202556581198576653
221.98064788051628460254925174106629526898935310213376441190893217162092499232686622785066786795811279088518344598179111570304616
226.82425002211256111694667224718597427494789008768630738455360471857261689974557680629178123685394677017309109506176181682551387
231.75228273764528215873261773621936451257966340887180147389217049089301429191435416363663951223135387411721963995057628931356976
236.76700902697290218707596968282873837825723725759538840983010781117058793034553458377740647489352256308407585216914845048920218
241.87082641356747026511669099742586609655384290509486884402961137132307856015980031162969839410298941897982742012018322759280021
247.0662786217734865872407693620254958078260558011802495931920869967497430345935290055656528552116436955892278416145250505754165
252.3560686214985179236488222025745683635226965793032842792622348917965540862743924274568880441477911780654024946577121650945813
257.74307324362905857334270260414712078510853785293469314763214689412888187179627811084923483885717222300076841928979956262855544
263.23035960647812201086327185252468798251201974547479208800730488888506780653540126158871109591616118288091903032498102590330497
268.82120363863120324830450330798659813245869843012643043527650267555795012729992609222074632548546005123363287088828415968811822
274.51911103871591529222053330419985076289974097016797638418633410000831364275162928423789820530774524225975467713311007302335004
280.32784108053383492834528272828483864995466009402267202051214221082633649012130050372554695175269942113005737372103617013625918
286.25143375612560400150367117882088924474199668868908590762252221049864605169918545918042352335369912277089038875346438631351068
292.29424085424745648401227411311991892397955459927603242557092789587038601995550385983948243714568795799844612168733776859949307
298.46096170345868102762373906340170335276702014261632431169469723595658498876892587716196670682767539536003605221251033989100939
304.75668447563416642489265595268902670067372171036779097897195269618836266911538833935407558015531733911910789970992117814080841
311.18693415813437627310998195083988561126332622094730379624379490708193488679084124135625013504908070383709302167378523470188245
317.75772857597044374599202914891993288987990888450033420046792448571863889497232847850950358721487931700470029129001948529787622
324.47564419961982663013883021181810973210746622392032156589666826534919370874389943162839803390503250350457236461530213999440046
331.34789393831477412118305226439085810568391654786904296384098028407497445845535413689613032759340225582135640362704216337481248
338.38241973309856450527868129905969893897950631736891903952449639911070481871979120143145556456709349722375953271167038212925721
345.58800358665614760447387049381056741904230747221577702564324377546937632559246760359889344417780505165517568706377794042854416
352.97440178205649835317490812307872727674606544476955656999513844905910149121443477433066570652837079900519583571609007650695972
360.55250857436910141622112463160124275722997483667538677640609854360873522423229910026408861987832206285280266893412863592518828
368.33455777430708807527073892953151487454034098283284349138542456961731826842004023695679502559643763657005776102686026306872555
376.33437366735726710645078378005324574287777658412741702380224330380540043693622921142280550348029185498187818720023663305060596
384.56768707191051877129655125915721279437797884546795722625864490843433245969209976864164504358189563031998863276416727077320812
393.05253875002107568103879954414233117025574121693263383179503828004878618862704115892229337626382853201996482379027548199175045
401.80980201661548814748111355264720608508479953637493847399325734540077762628827908080052875272113790727175129657281390566076157
410.86387122595704190596091270551590794039076219598182804022590438097592136051468964501943063345069946188926986512236450517321324
420.24358629782247060864307793235113866506587277700088368560894078418798315782499782776338256320798658162267568315428129572013424
429.98350181866689760260074995578000015333574067062206557100211850288057447772932155552465646516083801245639895900180256590544545
440.12567427830066345388253560526374204610596879904864873428340631032276189151917850132877282369045401092252316307844583407931617
450.72225596265058960100209654803749696698361797221062302634500248131612299167505661200077640582681794923539553611029694538470876
461.8393976980754425746893215342039937948898748408934584557068749904320763834005470730369794183901563707549685469364767900330823
473.56338441418489923345652576592617044530255252215179445872193428482624789372245830527058518134924122487537160114129957174784039
486.01082376701033965036159522629241989170079858415807400782510517175645301608555778089462256951729755550364895612045870965493454
499.34679830016717448761230942626959167043587037442971753817921760838648817451362853828722056726741910392262076044385955864115744
513.82039682065947635416415710099189568986701572025327823574786634847422356978149315704759937479676926724070664637166656730733227
529.84418881223836940597495869899996814912382947425552882049219164105075606470198138369018494854881739556585791068607859890306427
548.21294730493810667634821981486692588904247149904140110257992336291257828238675960460507431622041789066256200699562151745431435
570.98941077355480387858944782067238825869515453666913940379327185382464896210406420418730286562395218809881087290023850976055453