0.0096709136405080206925807915328599570111271753966147839423013991189529914896986979082294575351148645631576543902977466807557026045
0.050956640573864893212067385942203345864953831403324380292291412678985948930174518334985878373908847044005614879645784387806453865
0.1252376176817097615712509751215779092320617485762743170368869325529525020211589478867683510620162685887843099678746209122784641
0.23253854563479256312103615218914345861099887762060668395938632091602856993916467514317191754810502774006953434660731968980342304
0.37287330176896286999889837260224484480104272730020702872504533670924088976825430349988665287184703919219554185507809977512065771
0.54625788529145702756887272005828746877635919875918174958198767376003259513241386834686422504576955212919608133507047997626019952
0.75271164307263330379092728965092822606773601304479798992345420712797141752384928282802728168988337392478780066431069310840378579
0.99225750802200010182324098507660144749173239333405128552709415001812312292136463843035460776244423547486986385976517576742320718
1.2649220732922612807877096356747593491265030066096898861204986282780246917828927011247955878406360778919685734317049481409802466
1.5707356285648059158951857684870628997877958776017598960190518419084830189116130357489528970720934986781598682652538466403048293
1.9097321864058700670411708526222192823001327002480116113319170847358039121006888873222546720202608064741861581377950160808625777
2.2819495065752071439562865334044265962761289907532234435410078480677393018823310967760543098650979356020368270519524272232923458
2.6874291209292293900044797318402722446403093456844033858875317233064138950515962801517409166983324206306953716513712820082249408
3.1262163599387723548613191950253048237235997107295509993648335557523256549113877017641867137687421309368871036140526757981135472
3.5983603812708843733568269025562673355842992555338297959638364648857609087935750898462757397769741026454980295474169423838029647
4.1039142006627436601562196645273470871345725946656668216544430678695558305434785168501413412934857550266883935548435751960569725
4.6429347252238239593632042807350136779856003510804444334644365155840886811547105736081711376549506407278680808967717672095277306
5.2154827892626993524699475315295310702110611186577275924488507489905446193247719625168001118964544808129765167728647995078392872
5.8216231927178953248319916225087557759903645813920345359159765270010573411824846278143309553969154846706430842858767542158129388
6.4614247422657881656668553624751215561991803658099530158185373538355761833478377652857753829068175755709436160458162571925871144
7.1349602951773851525460087022528970090543179428328996008379975110746881893090352961790589801042948125173528706836618465582932007
7.8423068059974102096638005079310064785404626466298926687942023387755127794787185028819545705999274361413321276429859789178290501
8.5835453761222772614620397186200327035891676756176093575315267835283322190722783124140925075826095842744244608665067087327111863
9.3587613063576570974231435029625619012739286300306358435730152398780653008300242418723386597166467325956331875826619536735083385
10.16804415254112614519718469316033626916575225342283701359307620802584411338643552444692189926680900394422857028744445835004712
11.011487784320668885698059661448609882399278780509284886912957797931384863324490977205135074592617976927510562242186839655940198
11.889190447185510325155908743701204708971195330477408142273947239216238479302046595394147446543662019264192576447335346036431983
12.801254827851844946938165169180751776013014765120817121230275741621407781719719405943171716142163982818339220015137147735520454
13.747788123112492789104574753892722956720403271050547827742832416564134264153142265562170673600500357516449289684585479233467355
14.728902112266355630707453139661693909252839926680701246924268299361993428403782860011538201765323150834506127876303944452151577
15.744713233250780220579176893138699517701343841010719012538112916496477595916159368336292117621365890790698121266716504703977282
16.795342662607581155531229991230699179750169042599374838259826879928207955970845557801706363789213649064171251798151076823448347
17.880916399421558473666254670921838967996212371474602543144210223951616058554014967726403986943914122728667571429257383081111974
19.001565353378893397696969205993500601776396854584687662353444435545005304460336025227037919867417306783101263139993426609042543
20.157425437101852684052226794373723781012663145140559618438064095319065343029177551877278979610282753210294875542747571687730874
21.348637662925813891024580002957574385317612580903016012235338207634718324729972415795581239132116396925953894346010887938366221
22.575348244294780202275260945584632245620540477508643242344782794330291036570155062595056918927225467736240091036278020433847137
23.837708701962327421044430982741275156257774286049828124361871657812338834527884313610521522803385155255934475953312532499731991
25.135875975196364338984881503311531667227015609104617856134281535900038130248022111488903555383096144899424261419843062656693215
26.470012538198241866683389853306993856939953441005560084977575003422097341598341067921051065919790149377636579327037365815850714
27.840286521959671432439800094832562835589143991954749389753631853797662189822654131565590119888920598697332831708546479790298862
29.246871841794669288371693070643076488733047711920140850213876032144131638028623120186989711627689731398709938164718349291459432
30.689948330798395750093032286675814665383175281682222621030187804063600158955116381145373651031057518581341325753992109256972889
32.169701879500377928813689553540850610275692150910331783811553584440559886533958462282721179259486713114781094684756163189665872
33.686324581996268273693894774918406612781955890689800387012422385850710845515948936940578257947988530459834211192158889378116605
35.240014888860083102124017980787538943214316122495992175515863689624209174146935908515726481252737831718218205052498554953905161
36.830977767157876595677697358103372079171820527051728541391373615710407112330722703512342593029394182913207105595658751574448095
38.45942486790413603109215880616862900417630708124228835846401977104878403881647355936827195689458723664162907120641530248344464
40.125574701323941893002792644896583984927152151366037698473113128568601028033431836514185123730504719326734237109137922962678561
41.829652820307240540530542825260817591606040277537429038080825618670912204022167897769388126644885218052597135553868638157904925
43.571892012466556833767550803922135939889358485023229695467036890739802606262365335467842643117804030808129077394893465370120575
45.3525325012362712762665500530243154926287917206587844542191563789882308474653643760996375129488043486166936725113900456685787
47.171822156480355931951176458143034833449956346813437746056549482258273784928952037079533466540339380003073180443710723691055824
49.030016715106375625670040529543094887655741676016500893935132696184862268012327709246535928837592747932224151172413479540489832
50.927380012216802192836563495929995827889292995551502589550955101659866118100514741399722575994051543326619725987105716092567417
52.86418422336446451439371688705969188961593974349109857332162966009667190837316352962401817316832135920240478240225870459326577
54.840710118517490727742896420582153771920698577254585528802329809287399106903740112429265548382965110286338445802996372982834146
56.857247328380638823486413507920832059526215662196961107765431513681247174640081505597849422057843207541964873009708511948337454
58.914094623764730345096184717144175995897027802726073315445559747094852655687836924090412959311404221734745841765843370689239519
61.011560208744299514246751859837087522632440342121758451492833537033455521417807955597765184189835216997725377226946892203023295
63.149962028395878309361235583244301208464800607695078021095130739624527341891482720578528777861292358467802317388508575878625882
65.329628091965923031836649631889403485471554600476883447953334359654995119297801409577208800245454125265124388176646408877801273
67.550896812378654685466706419095910180108707876237003315993252681676451343009186337439827358262437857960624787237103122711853819
69.814117363060482439388271282029162163839199799421837527896465061169207887574654103199430608999665183023714192956919369539215057
72.11965005312970351697422559957818995093467305575027422391406507784977062199500318613474546181392921584245501729893541985510348
74.467866722078375542391098465872485157245466080233530247045540689225051349995633377564529900841077258040105954157281106955951929
76.859151155158251400328285220633786433767015414026146272249550128809029428111484060636362834154918559380846783781968852744645465
79.29389952077513359577111724487667437634448465908181817615119542663874258800155609453620419936750240938364520773875603211592432
81.772520831296704052550354510728134918825540269540887454114754462142194405286413017666835993517496983008833225515266416044597513
84.295437428788662815229825296471392380021972879741116236232008220286758354343165490673083314674114802876985240179918321970607783
86.863085497313810518070000904437185464539583337502538963911190446476933482070796506940771700086931804084330109610464986794819885
89.475915603559591732330276662147449506495204668515756179247556928753786240749162116918727638064103976424004336398390951782345642
92.1343932677027628611706801411997706852922284225606126844867841492713210427714734401766649296892271330533430234759703130967888
94.838999566576586064504712487259171908008477671608180599542232667858127082522444150633689408959815881764245959082910711509241867
97.590231771377769725948707609538680724796278193649134470747323471308794259623159434354146000062396557673758446229418024933498807
100.38860402233895169130074995190070361257548523845844734762289350867509755291266875327221822729833684319170367981073688372635496
103.23464804299974083684930425409033964556364334536616255274996663370612168560768245966542977742292791913538457683724880349774803
106.12891389693732382443899617859622883718554805259204576911802539052525085114095648985779503791174091558045823865801261095782808
109.07197079006881167177605093369203998548608469792453967519065960678438354084260612639632786229428310873384557864169408165646424
112.064407921914565924121772913737027260744510436650105700484342070615496173675643165567189064154290088768843487281799995250891
115.10683538951779088120357678647919712963567570671158013525729549444128979421449026057740546842904450073712406392346331288942801
118.19988514805420835375521627453740711162024488589690771594690923497295177341571705410295798083555696446593385355848809081180415
121.34421203254062797775201775267035202870484670391439788694215682013751941241747017764125725103309291789647147025206154259858252
124.54049484546722812957696663306945172636811039934997133186430572265914107838784412222193780184338569834144072911932459674748298
127.78943751564055186631139556382391695851180624011351340104120834716982801581911236516070183088090027447516961648814657071208944
131.09177033403852642701454882045201303747785538847082951999114284060785250384662688535542560711735749111924521277706718436001297
134.44825127305202719219443909803656367868063603433351830941891525618259944272284663530101385235777900271923670017554213770315768
137.85966739612742976315403053737362004617617714433378453350737947128444949912915600388412050708656442489585139254433905948456167
141.32683636554020639765844259809433731037790186443460427175947627052865789380866139655469759134534144817437888481116191365441509
144.85060805683128214901769387749150134481053162345347111449384116919370398232134155920192708694987959563020117798935671784066694
148.43186628933754374867380969200057464071230122880212654886248057038414061012416563475761692471633048266805668068341229880391248
152.07153068325946182109639502845283656921409998175026315031913714422323703996924324080141437174886694826738235272462953316067709
155.77055865484835454084814663393496092736471177694354470751834074977510939626814382282340342385567241375560808731629328755421968
159.52994756258214473391308942441990918981751560091580812159584255171345216205054665890037642416010746871279448348597581704512864
163.35073701865343564309693901837156712425847573679422995457305462237014622730825479587036150865626188958777109429810110674458422
167.23401138174297440878958693741181522125624614336072308621660206485371195535396619133293057744929261994793919335357962269428093
171.18090244892515297482792683617017982168560587341210632590817822418650911364702220799219868721220571825056598583008456825866653
175.19259236668549536133246814372170871384143839251030054970342067380929888898061097329751247283247720064512004238532925262119349
179.27031678346485669778029505461375913255460227187564201572320048241462572997273024671719202538507266759869071923695074171838983
183.41536826893074715101049774423585018590541886545708384421436907163392993822251745542309827162249896981359890055362891003580598
187.62910002837149695667499178632893031257256407387161253296063633597563030671729546360958420924562516060323345332098404281446518
191.91292994428383673108131738181507425868648372708477938418518295917332760141685210035457993611499039795568503184418453543128446
196.2683449814624876903433692806004050829674259833618362829872766950268178108736039129655196015409953489665812632879482485809053
200.69690599680183777815949346044997513716908003494245876339081489400428748485338615716036430637384597006858383524457617817115636
205.20025300070548385277031994305021973327886442574392541654109541471583064315655908587112285437205816283944862066559082548764448
209.78011092361530151974012440443384745935210983574960357974214955830968265534423359689224278682509587251027521880000882479304079
214.43829594889486625080214389618547923914233857613919203373030287999249391235825683420952995923047487097128486806118316918536059
219.17672248234828197800530769133577596854837894020228465618436318591567442937485650940416083060016889612004452649247887819680124
223.99741083928884033814998221915981707733658611145391886908670753582668465526297329272752097360002474790441188803860794472395892
228.9024957426170322909867140562065642176940920139023779223240530820386994427090606228140016819041187281119417427067912888061748
233.89423574022515595720358563086263567803828427831264599784137841666954646724163272453415733327415116262536499960007440989020297
238.97502366771367914247866589010300332339501660340300126602403325917744161767038047193406932271579900453026743408444855497041403
244.14739830350338409481863109966213779180154533789084812302125428496963040457869084137055298506718436175663624465966880571546028
249.41405738873581562842247182190404813581297801555657953484936141745936938966390847502062501877514464928464380616378726891198138
254.77787221485500154402118222345092414969393814896153676687323648573800250022518957363807614348447248240533670526699382744523264
260.24190401870252423296296467975003712544517951836946102583198122296553400332370503112572027080696131031971014341137006366749765
265.80942246992805563839597978819884591954600368713216940633240429471420768614334056637467568876520796537498372802869074647538634
271.48392659056560374120882588175211255787579032015268825727121231342612479123492377064597646074560745213103526332602424394903596
277.26916851440260583310765154827174658324554667247461657581372151181412856701729953039603684596630477499940156224645391369154454
283.16918057773228214585150903996149647326125037948548875159492939157564772547258545416696852813218700156860932900911641136430138
289.18830633777535586644692803756517551622100005889220787757504077954922127006635140733618393934871557573467254606999916183916593
295.33123624651258904533761886131332619992056532876599874148252795349605509314473970261986227180353829026208900894015064842801138
301.60304887394709334200542030616211823824402064119793631653928177005317310670851216571176685662135506615361495703710482589676479
308.00925878680290123575909221653986124719765271989700840386264678589492734784310638992874773641412065066030274955546343401698753
314.5558724612167867877191282682476408042567567993685078106813497450777846234812897070553707600756685877942366127989258428758222
321.24945396157675830420546290166354936664997469843887024326308448647586739318107894249092653666114102472630821527665089436831975
328.09720258088053880254785924932263518427193139975020332249681319057461137486995382173221780239562730536011092174102792411302911
335.10704525120385930609529389775814715450186529881781699273850980962210132074962412404243528795192300042172789842234651484947181
342.28774735389454672366464710265384865873976163156294559290640932259879797877104767187213087104237049331682439000912898865381194
349.64904667194948568022760710321661617402308462813906506069670233794779303877395024062955606877459103810986662610601012021436418
357.20181675570457850626654743090572493129184332774018244451422104193709801947148652106614191488369422106742036726026604161463311
364.95826810375445588927774075471521182840207331286227499882002045651636600029073170101176237334778929412559514818457881211758527
372.93219857907507401970381964601417376549544304161942160775931961577933596827754360217265582424985451188879344735127611524677053
381.13930883134231625723122922044276292577732999460530181594314677697908977587530158452458776812970635869040480383023450142853005
389.59760489324284275186046417286967844640872484818357659393451664923506487026844765318703440434351413980182909586646683426668165
398.32791973071438633305366336676640314848799671894922836497634145107144047117248463160440186061531071684625653470087754459049839
407.35460032908414660225299586974634453504565860100544227700681081431386961824769696505413127026705121544939148882591032360649885
416.70643033159650956966263042996588691153209487255674784585269996136932980888664880641528671655405993230547750724805795509984929
426.41789653915764338300760165231241563989027356947459842240686794021016324579500389321893135048652550023782490427342819744165528
436.53097246863088208407826493461191295680073618212514001623085539936506769169329999915416960502047917586414342263137308571593913
447.09770688466504035440549122834939363526955442274457293039120687026246821101474562095244590946797866628099888475663698835993311
458.18411844313811720893373750399757805836623871733094089977136146635625791156862211481661350080658051728422026904131513450535292
469.87631846142698155623041006204395559787592834813360997359210152386902471454677115080019115579523472252912820262023424127436488
482.29067819946074722224318325471581400527687614719617596642644509127766096428193100505028826822772180829551546692736707783180794
495.59194281219485122493136676234371314170028320351071840334528823088436502940577689817428363561102888557529975025374898223389042
510.02868755099767240201004363127602270826816944212830241211437419622109677391950203115663695446343088056235045476970545702290145
526.01262311257225707337810069999007868126198057317990184382866076376904712367804964214972910570228559254760698042343128731234053
544.33685047282840329237747086568123709236523665857563030155395768696722510831970161403227465557780564875624350834971169429094999
567.05971489289439712418246978007975108854910968452989244157535581888337955235820948720460114277242151965561729362315574186348543