0.0086834870946722811017289529288796007943913930287163672228288374596641705064905952303665207759497203574905254986849463760307423578
0.04575362513953065309224542255291932081856933620530300734885635456348637839006355086399878940723128558180914556944886667877608406
0.11244911290438041049834153893065421541590307414191572788362572995905508219282297116698856346556995904060102647639961734961891058
0.20879070098840936471867230923140860753856533937565172424440611431965126197639841104207777971514510979236170157279878755173387315
0.33478878494453688187323491964993697528862768152375224228166737758874089127363048225027534395737613207693698358357169378054939324
0.49045502649476407510985728477685530816005673137063254017839578157266322674162387041679346329720348325671116474967590983585176117
0.67580345119303898610959723290843360124965323346268690832123796261645624693261799110557695859552802640846962116373605377017159692
0.89085065877720816674560179520309244461965692023886587011874345605889782522702978169572682331754253798742050072240612660114859798
1.135615885392289524568759140591817453340529448017903712570735194703271863998393713256617136781874878540430609688179599205177359
1.4101210310390383052641381417222438546661921840413501318179806037581977595916688312010485378726197315581883293632999830744606519
1.7143906773689621259781758081032998403065048459217371592672083296826698380328852397526623926732130888486526829459492445496610489
2.0484521028910080642923284193371635629286282691007434601291461075826647752854408734258754343054657493657693673060417018188364627
2.4123352979487013821880381496916434608478560635470912760252044194978055907165403705117323352464413019697789397568593235557136175
2.8060729803686829943642457247311930228414973432534857580473893912231855154909533639583381983491895392567677592975543272072089385
3.2297006121674564491924943784271143349593717030718241501409164004286550157800624855560766778650114926306165378447665971731372774
3.6832564175027338140016605225330254857569796161502126887259484434187114485550966843288109121182104373548708523774451339178376429
4.1667814019714003229242834459039706961722660165361966910712668046276776125675572595177688772481643296867790618704540484568697126
4.6803193733185956210117118331813544933451165882311019716214809067572711956567864072340954512183774431762798081146542754291646006
5.2239169636052360210131665406281577200880952980960028888691804823323474832984071848550611808785493231827619072324456850693673421
5.7976236528735441965672088677042614955905326771379035189664718557676336937235463560951231478115975970841966528787385986435736773
6.4014917943470049614414485524484025083729384759181652383480779809887222514366972832791079556218374289125312824376992180046779396
7.0355766412003990997998495853631080735438300476357944578519882716468993734044905987368485636756733460070933824732632592279723971
7.6999363749360985520477230163198172137956825299757489069215647011293262898039252042831251236625351521998521096473258134175043646
8.3946321354040883282493008355075050218212868623681729250596931518634989409555996692335216822619260886310764256679453387377232252
9.1197280525049277123907238936521041853206825231378291798045450319298863595717772066405901582815198296705216460199605735965667231
9.8752912796169229808265429745709095396799270089450594736449657092839484500840938894343511650862777270081476930574001849597028175
10.661392028791073342297720655635818400121577605219425882735699718390366629757332607125535249540659873960188484403562784897761281
11.47810360775982659489766875934440976481673580694448547608570448664100256829421986832563214969985548637451789151300761664114896
12.325502458808318015018009285219469958270714515016894854224235174990842776960981986047499663632117239066393018028414651192172751
13.203668199559554645943031182796124349462793755882540996365880813148437310493984139523169759026972007451185524765732676982184394
14.112683665727944362531949446996321021712189345322732918255856329784245448838509728516533851077957471517774704124716643728028033
15.052634955898656506885350103511254177550053840409896983355015576958754660666230759109590985462137239485470096156610524115069923
16.023611478393543301406852512658064106969722526251009053249932101382874956548746804516514837182471812715294222796334130653897425
17.025706000287755635576862283508976056495378263310401066352525827295617128441866530970248940544633785665381621166041349257177414
18.059014698644761839642161013348136635627729099565685704928087637454772106439548774776932302936721189883558872552285583064381566
19.123637214041233705925157765886366279724085983597694669779463725597035982476746859852215946434609910317214201250567537406047383
20.219676706457211486999829772645444937900331037420948736604754558610406233178433859944507994545461280271647409913532695103891344
21.347239913611111185956267222640289517965887171063590182364480519167677958460309871851869347163652512353204780045330039475148614
22.506437211823506535321215520153576220361632657387237622026086036353684592024807833446313455734864069216601507049983802583531272
23.697382679498219110974364071467383355208872349586094876157474718790504088193593342420620622636553039681930583152018054178829374
24.920194163314098654258855580359678181424173446801784729583564930883456023458142528261585308881870584201490357851266246893127847
26.174993347225988684497710067164401946868591940762950462904530691169835354430022379066019010661647005854900789104799113429577233
27.461905824378767954038476172288080652972781953764046982070370344609892389739860654723002852524532034439655923336896617538693618
28.781061172044055672765857920805914658366673339702549921203162782079869046508399603292553846729385353960095487685863685577158681
30.132593029695188622919268902203592735607126223149083619462171359750383746328213355088293932232280415030758910211431903375334635
31.516639180342443800294563353614975831070487247066343026002981701111858536702557046452063043936852677274734661979704603913551449
32.933341635257215276065385119339097616187767729961023770312950193877297647787524069440926417800184585726553260361029382427455883
34.382846722220984660535248794153588679156369252284679840301398405084355228534096967408125942624135932627838104231026965102797561
35.865305177442478976574922026916124943673076628326747442172773576239885543282222412392294743036583651078533182918448307214540286
37.38087224129441822729746342963057161612163897881826173741120134543120382767641860795501922260123463526255039395715788180293504
38.929707758029750174848267497794409239696427615332642168604739433011583076300578472649599757483931598797380190936137275764123396
40.511976279646287147303500030867048944435283200015402410825847496147495674728593570175284644892280049772887031064055770028287678
42.127847174078237212044852268742946319711086381546242191018871400629134356158902361184176734044875001618218315820616516908650223
43.777494737903301048817979672611149795507158685809515326927422575495381387484107671113001996872379323471413799683524034695901775
45.461098313764830958389287230833561964428192499201210112047735632788449387939526072763491122031284112101536493956706927147330321
47.178842412720067982085064030290491712913013919256657939006083882968319380323245561341559636118428284630526557824139735894209225
48.930916841737739450810055938655532845648898099121576270037769603719125704168852944634815848064501031369926735490586976484496064
50.717516836581369214723553643420082136223351049328150313948737588569374039208371311436352368655486885410598733417399963009135704
52.538843200328587948978600268964758207491646317076433484127445089675195133354908188233537124609523866569285177330088574586965082
54.395102447791598209202949999868179428129528159862385168174391818096230462186541937178661731727261231313836083731830905793325899
56.286506956119821057118523273886967408554402487426096886690062519588207902845185890777192406028573701896516966047352855953927352
58.213275121882707204954223094473034702592536317262021262837228461750334514295081464377391489601609237680856026929849135881512592
60.175631524948821856730468834885869790525160240717887477389309991673471506288127498148573589053140796626014030022352628494675789
62.173807099496702577465798804753624680595107649912886479176590661292372485692804257514485854230412360086581149397962954261549676
64.208039312513745895829066487439856748801546233630908256318813302046892594584870019902816947995699832033075646652794016036135845
66.278572350161612573918448922388475466893033287665516329462752345405862911757836140828401818779645115973735352124369112474314636
68.385657312410475481104865007449905706925616115519113985749949944875475613397899453070235396922442593661850393607896908398888872
70.529552416370001061106876486198319853227955245542849953863572900379562799489021768277872971381790078600164074731801190361012834
72.710523208772401293953769515470846630903194745843109726265759492717897637856574070749319159496609212434053977243527918160161982
74.928842788092377497950414020240062838742307663326237151712670245237211314913798996192992193117320146511695330331253670504370759
77.184792036820475297813718863638260582211078156529556593425268913054851345221417197095850772492872458124578953862735504275977779
79.478659864440473597233648078531171130279180785761728450884704305103568844812760424870875663057348300774164080609481056970561218
81.810743461698150265342355630282415991453527794795685918824834701612803939647894936703583176952073448169737841890763572399462678
84.181348566788335210570657633918112371832079423702521576682347795079303997940853807212633661556897558327319449502259768931316114
86.59078974412983253455391177663009364110847993426234893910722360781258517715033528185482548363040619645700566993744933319934391
89.039390676443848334049344014044523455603041318466720182357238996806149360053851741256743916772874396711898111304373758717577254
91.527484470901309024648111203519931333918963666925208003483563878901587241027315506238411239812601911516668762159472409187163705
94.055413980158238449151361450154730150460478679382038047557966241886334816370356211752916895019597136681869327766514919967554431
96.623532139156557963011588811087805228920324958255040837866097083016536052404651062724339309270454241895622740305263893234809185
99.232202318630699627297976046704365129958404317841322676044717731014757983446564070284968515423167054524976248558398394587233728
101.88179869632874082023383034651821763566436307046691274141753206193860208848184650456498203885317563655906580000803210445143472
104.57270664703089138381309147820140083961263568367265351025861003080785324764539584888551114342790805727952368923868400093935357
107.30532315252866048396998682387849180611756977903996327838452260481483634151155029903886101585798730688708796115114735598483575
110.08005723281553148742944173852806485360855137270247484552377787100985330550014131019906524332846440195640173699334482531232091
112.89733039983518219864940548100246456998924642145295040229510240043512294310715145632172531970576219061450176160058308771944764
115.75757713523698761782512298834037289355537040739867402188000389029867115484321190971379979749429063631498637549835048559832504
118.66124539370160606402826644984018609592430730151267132235842239953935758561056280854508252153694187854044555634708520000690562
121.60879713352285203905880248321419508470258236585841147706859258197161778595219029163975430990427835936283753116299136316679944
124.60070887626689080985141760354840537780632943175449527245493028528826264432486462562996869111253574028836627123813708544820827
127.63747229747727110980271294368741528043707196961100952557424647453460527627861384305612598961444198708430994104611454063413438
130.71959485055581242114730814084938820730476615359635760182712196246766626747458087223145768034773148317395196315647682827946862
133.84760042612641905381862250761353955510888622282663341878633495603031841318189803138331065675847737712003202077050099218766123
137.02203004938323318435641983814086398044513587593705861449233219659011994719911236676621880329602584643072178598472653883314712
140.24344261813810989740163468692342937502840980433280884778148003511312485366499226470902838123703561729731667824646358848460263
143.51241568451739500080885355002911781823250581440367491451865413333658944102170654122623888622335581946820765469740455641886446
146.82954628351689189874775348631219861786381962420834508608978487144905722777088693011280209654455620649008025705552283467896792
150.19545181190952462668887572863239621386780621738291503443426742630343419141649282690932873528335626978150431910300811272921621
153.61077096131572270352842562322112076254049922080310877154093966483352005060804833310981900590784568367104870690632338515471731
157.07616470959558334699396247496751430945151262012157287823499045733650420425206951905743370874835998502000831081340734042745015
160.59231737510851830434588002696340631849254810884674434602889569814191879010366831899006852200007997592530368313063842695300298
164.15993773881505024622741776874177490816664553891383418635634014834120441478415250075443614033847394152401340090908562646564852
167.77976023967203530017181952246813590296170749818192653405684098274465056209336490603375921574565633152533170700641745979356655
171.45254624930297139862319875560004229730388464331512939163219217442503706239696230807918450295358390761153460742935726358302815
175.1790854325162184479119870120762104364770093318486002843051058391161592690787021176948901789323537866619856553933997420478494
178.96019720090395901562239511275784697306482852590478870258013304119381204321195144986582068332569422015516147449980953203938448
182.79673226749283590774504039337696575900236491554455260705192825770685211305903579086098008371086421460089988396547654864148329
186.68957431124410640108516061308229305261453884199726995444388573749958617087055936240292671729559816894680146050493813188960011
190.63964176112921066617016975351663849833677074647929972365354058904839107128000910737055746994924424994945044764516577863240518
194.64788971055018385908464429274613566647222564525780638123726248801343802040975457004743302136101667125118358930575745068311938
198.71531197404997919199166556721346745406490784683882901771403075094255590470038945132211256451242890728196178295899574502724489
202.84294329958487748435257088120634816548146240229117602048647494248993668297654213165300411752383200988154497449787174754917905
207.0318617511323408991626389007843484759105114908226482877218260916984228358817303450818984908525510461683026057556449985332893
211.28319127810937889475761258746358110825566185430457274800037263203878014286906678561713033622187148989332445721743652294286524
215.59810449000977769435587221700684472440709931971978428769264403751614510100545052968897779580628796393998721490999754446792608
219.97782565686993569859905666456367180886778046021425047499247523558674637728303705432421903807138050838370910707598345136131223
224.4236339586856677096857607396758370316404486830841190939589804646772050104110005100760084085714705402087821126192226244175283
228.9368670097772401656808941515773621341440978113860270318041671729205164402698028254206268649692988892883078984685652293348761
233.51892468739770288589776359968267145138293680664422426124513396628158933712874879532842486731940606885269470345559661631770559
238.1712732976725215109303929813131630225969079026637070867469585999098193219011646437090195701010336945483259315754386043434491
242.8954501163329399726736964795821151759469653564645395589945376993218883816091314558349129127361560242181800440361491446911971
247.69306834676500814683792708308127505529143769729434304626310709631529508679112170369436014852607822041649502835461913341959757
252.56582254376553187525704214460796337741548061345531260985510318959641353193984726790799508050724866443749075796866535659952572
257.5154945582261047242594263465357372413438242310280130440944975584984314558336070561119573062387515705654396271028693544314703
262.54396006593981056230506452899235579285376211940468681750069113161676008265682392738898523012875137996329215308650906475114641
267.65319575306506395535168665870116496750690681900070995949294389494566714963070423591449013714569582281926064928090099877945494
272.84528724176018395113385857477023436161818901395705197770628100749646921654482973465043745495061312880462069780230596253955639
278.12243785245603041472030777390711942279861435524799222351347800194332220487497053940720732718488251481963375544733917883450446
283.48697831457656772122125257630933603112145007085809925024099871510367157607188153371757987795344467349300190202265489308008689
288.94137755576266506997766736947443761536658620583581544128667127674906622671374765550242975730156630727997856803920421953327668
294.48825472144422091014945772472133384491493821124264530261658315214001517601913646452394949975752602589786831493461364035587283
300.13039260274443889971118076533644031300235123199233375948187710062800958250588956979866342868227107176366004907943117089382884
305.87075268220291061372326223848993049675580931405879418459216591137793775273928097829029578740445895937877591650044999054339117
311.71249204495947014967706281876404689620202946100891495041727359507722262967663986018158080661087128294513113207551183083592002
317.65898244949416127415884486266983316725852015234806231699322082495753516901527196657076847752907432720288380375672702635635026
323.71383190888594102134581493309457204758228554144482330787410821772498517988445594551208053261739165496995561773989221271759287
329.8809092035736252816493984497651683272771994619846013352744387612892517586713638530386987510998219865723010694793756595106426
336.1643718333510364343382016854985692195530728519491069037908364389922184109650233372642727695578723681221274992201665336986684
342.56869802450356091386790188667471243573341546609156336262878957240026160166797712361176500415055915054582369600574127989281793
349.09872354382604297770642073451587028512287770936126154725569684924214934382879870307295291581460747972824607130235203106829702
355.75968424308722590469505103842911751107078657477342558200039565755300139737550630754135907905156273322134625746782290372185305
362.55726547658036184395153677732533382937688664189521413390308238488842200373716078029771973571868965460036618783709389245017746
369.49765981607992534530350951170312284249968308486225860860287038986877371291527929666665428729078634889366410276955220711905914
376.58763485298949786735936565986900776541198130569549194268230832030293390852769398245777450245760558411310429037671519850049026
383.83461335626602339227398344339927123330448724021833535829835394020068175612307669235906899065331085666314631969582110929604266
391.24676868859041898478307905657922279705599708331330616160944545024644681575920256858786212438197637821552160987137437128222881
398.83313923201153525350012720770945089511559129923330116617162375832643073825876081676800497717358143196279962788465970502445468
406.60376672479919685734894219337910074928987658503967677035400832199112587218967110385914060670171369184045837962322107143165812
414.56986499177033928620135230273468860365868448272318014944002450360750596189546120484745082873790175284137718107866691844438917
422.74402775357840084825220084903990386109505136854351681949575655372781835008252589341527823507260356097159295067679632035223875
431.14048732134635320309088996137653100035389436180392046294220823162146213601579341109041002398024971320585532625288669842083114
439.77544048263374105641398032928037157319321788261982550099468649605821195687600779605782118484022605215589492836146488103640227
448.66746450049343392662322326561193823588904953457831460621743175569760198354133010307993252969015912558560411022017960385260173
457.83805608931664325797324641121835828905873541636514551523251870547357212919259170780762125641626933965456237574402643862342065
467.31234154229479642585070901568542701860813417489877339468792781022861219224792342056596126124675619952247884587279024206091911
477.12003042784076839908396686249595728285774714095586762826911922970993764318549664173705881343718680209257185907758633514540776
487.29672488824908110435799388477306634593427411589552803007540036665120893902453243919655334814752786343344405218960406270340026
497.88576371109622330199271760187127882055343057960174391967938263084332621213979147890387824740680393839657348553373581822931069
508.94089904763153472478589590397569861464478310013784027415390907000284163755785889601167025065621702635353444575439900381747649
520.53032430462533011996347777187592820218080675987455594216923079007803609989408245324720948093270718925036025550483266591329556
532.74300731880424741932574119914704357253047518621779003704658564226364021783770774921112762169354961451796854774887206278321365
545.69920863241383564289147008077600992336059839864952706465555234562859319752491396175098304970429413963086693965689958570959457
559.5692237773246347848373527388409281560949775174131135902620238825367084783230262262300356319443563529458029721305608977809882
574.61007559157802016299283133463261904224397949598181421537887638808109632745435750336292218829006528011713606152424488529633005
591.24759928658399554810924641214457583177121121207768230764348784104937216461650369297480617491770605150251619834742730879134611
610.30239184308031231875232186280199518669205819910512289502982088685973466971365464300106306744534707295464813750737234500044275
633.90502849844064609365992698593284115599144078478610238568628790077314337132097747342871665613565486472605022059938412634544919