0.0058181019559654333699338181126327725520059414756093644574811201691952427491646746066705838088931205682707503986828302995635646501
0.030655487964198651312389685775663728595868429962314192803719636919117127129458114181481669839057569651859183010557135223922739103
0.075340893712184914940147615797968324835739291923176668052141122512224551215351998629195299068620241009174793988342102656368974516
0.13988602953335405544789409829227905920501431443215020364431872287755135954417690974210034742697869049068205704145166821407461067
0.22429469092234611340479557865109472208293311621161610068063488085142687868225292701538383886367667104661908561011802369312233659
0.32857054274819792975260127183806707509364768047043620913355267046663264486809261884069776277192407157424423191120855663557393128
0.45271785176367909466416678658370600826119134540427078447787510994761918278224997818421625610240889907119519981535587033050843464
0.5967416238953189149233348977217136254699368423901954088752258380757305450302735565932491254964702743296612521221002261801346631
0.76064764157741293229627689745351960381321887215003488037007689931543011858838261557096993108927663064709183622035615741104639261
0.94444247707376182775757164406268277375218027882774878179697570622309251672903099519666714730210920844961977208912439682403731066
1.1481334986119917688282693334801724889100423698209720942921029214853860689113426290575747330096243210366986067113633328950767842
1.3717288740564366336618373065553659602753144284186877126985872758408295987237454558046766700945945220979210707357464259927520196
1.6152375736911278688692360766808466536653277721398731785871288383499607414114387197795051369290189149953754195299168279760495319
1.8786693727066235681578283595538445762190449031862319473503954674958209166164252246777025634160433729788913104333955138949532222
2.1620348536388683571022118343110943277317807584025784693714202084443950734670159074938072516062049006244369500557036884545775365
2.4653454088729059331428330298733844596179416286376385346432030215077760586328376724704593981199451110269271541035421730384842768
2.7886132432666252951041465191975991906060542745754043281516936928478212898896586047163385178292122905490754376664912485308266063
3.1318513769234385890119201261529452812367572357257811748882705093648756748440781246084860279273679262042924701972961967373337012
3.4950736481301053553018234985350011566742235497634726943514227040400327291226657923741304268881127602285384808396230600377067827
3.8782947164695062967290151108172627553179762941885567179978025101344145453622646408765070283266337543274629631363447359228320745
4.2815300661148067487952923473616760483098035500127279024368200064247114566944308309319893550204402755866623517138663737104831507
4.7047960093096389556548120360183771216663546608094734570924959455162541554793508318489875856152886394779409550186282811988071083
5.1481096900379438882296335271155081238374763175432499077322972161527684853958378761407888210847126044649224777169764528803255256
5.6114890878865773394896674990441791910577953400298463046846591362198699581536198757676090885156843823795700492079833408937032783
6.0949530221035061912075876367771314691332543454398428303368042420737389137289589444340845281922228967348084496644003121539313563
6.5985211558542927309484684693004984224710454700520069449141174673808491635206921717473138321752315899397534241487450300645294257
7.1222140006795280505916340157482203959440262676712579225472531049966627246576912746222642104849801140540494090676671459465373191
7.6660529211558955171583011761032154656588220792101028959606298408468200891544443466858184141952006291286419008474294262046864551
8.230060139763601813254935979844907456824384775162425748553286286204561142481960309892646512264038660963754619145355721779245689
8.8142587419629939043198188228336774326245306137983318546997624840881414338321054509522644432449496225999140668811376243482731957
9.4186726814832780338015677843587219928497766458649078297677662710581748532383177314436476946331585553023432029936378260173904711
10.043326785826366834423287886953885446233867569554224458648946442124499603148996592675907153608254819554319563583287983092731217
10.68824676198899996079145394487626627193228553734664486425488707365877962742311731794073193203669978962220452731246078457774362
11.353459202406410458929345726248036755084742677819666139112609143264840613934794083127931376889712735097746070159186394921918488
12.038991591120942237537827134977722339840599952463688869424936452795031123197220204416264559894784373805927364629428106456669188
12.744872310179162780280875965453797374503365528208918191108534249767233496308856652698485751979030095480972663645783983962216729
13.471130646261159214141839214239875098376717698063483353288616061439612348535952352664821948054606507249661507180136491185085244
14.217796797545854795718037091886388383844946801906413179338334123673769238206181927870724823305833667439838627698344441318482123
14.984901880816336697317729540819379675458442171432850291494228688787582288640873121431578878858831923546393959779626289069511326
15.772477938809344662230190013442129369886595270261757455865566526004012534922875181463144742635930803727723951039657273748235781
16.580557947813233713788047905858966396733964218562762543769759891080381693148397898621189168350682258646556379800558933503096315
17.409175825518892754481015647295111843038305907553299749575999905913276854010177277066592912240238540726300154451325662374409153
18.258366439128274724804848112012781160022161473092423205449574428436334141478096227628070081737371444251903659341906172788475506
19.128165613725373181047959486563121727522480668352336004645109001956821513064338882199130180525914861896139640337194082574036767
20.018610140914664894811205227207361937969380007180715981919541919420395685789719956202536031740435490924706476678826269110139185
20.929737787732228592888129675994648207130237282627157813931745370685927446821282208739316517559090221368488443370713542194301811
21.861587305834946480272451325271851770023867346018351398870156653373909103091960907244575943200978784926856615036756090613716192
22.814198440973397974045672079602975707499990061940526545881461902304463822426828978059811798838382546332757083297509312599931954
23.787611942754264389902549344141987986604935094617483223714002033849521037566886728994833306574680998930055675284162007589351449
24.781869574698279449494842275524150124269617088212172664353204404026401797237202029649159122503261025941229175185489567560661649
25.797014124599983714150546384369361945727194271334323173328754038803401266559040821996517636302081034993416111429445336014088149
26.833089415195771712678320871835475528060464700901569608157777207562044749694963775748325173197906591124225522299816008870241297
27.890140315146958947333371187832776084881214247585472431461347884913357494534255388678828015322114468198342597992873748713668404
28.968212750344842478134612206040931790908497655093721823586405701458665775376507129649357183133504156435293717884557759295192045
30.067353715544983763809192189448094467118402894022165040863271482061439703806786155262253559876503873598233062248881144998763688
31.187611286338206257319039508492982880263401734879759079305129150624985012968996360265951634085852911655491752178744806223907343
32.329034631466073313001192730440946559048752970799317474394314030415498612755150466209417189578511822779377401689228233590182258
33.491674025488894677698679380557713619859454594441509519547904031630555702870883077231278075614167118915659943823742237888069151
34.675580861814602646760609008927774790985181184037139831458384549102534407599046331898290386029788723732121285198578577301659916
35.88080766609714232539170787066404387350369814711192137255024682734697518039867385509151553235069869591533064974275791780020537
37.107408110013334826641002366123782340553148744048425806055314250920694088458418377639498055775335005022578944885156841594585264
38.355437025427498162800885454539313859659939389093087136037666058392555645237447496784875502485018763737844852921598043537656686
39.624950418953448575232642261194740377790742177764310158233299234485960279960741265368901030636094238661392168692043746853393844
40.916005486923855652716352356154393523796613179519099761043813915237509145709523057299470684905475966211114197898525899203385804
42.22866063077728839184122406055634632660873924521859240070362507437309905410571609005114162585956299991465578722084257935309745
43.562975472873666965167480717231200075181844903878193046005246152725635218934100976104329958245863213305245615622183473100805729
44.919010872749227024958366980174851684094871000844717781757925881676953741756002158807165804250125289283594087027178398176916969
46.296828943822510555588097085054555779581324958608156066423165774892868094408033361824525142176238027495078402852264939435405939
47.696493070563320303845277778853527082274772803446890645700137447070605759312712733965779300458908858124297822056093074491320442
49.118067926137014406981868765894305320734409363065109332743288562788652208110131279900879908572521658121988264493188698712314978
50.561619490536974785448595991182195995835792771829086178202266029789401228024449230461714139261671459208971319576570838612215178
52.0272150692185579932083085621910857717365397266238634486381259761488175237249060168965955023772800109630082068901883920606815
53.51492331224833138854952968939323884108023444487547119315501607694185086513220632798714066388088454944919392843038557788549682
55.024814233982911612992293764791833850119565828309856092261637940881823360698294597597511429476238762605978390354708024005397337
56.556959233292257403764804158636112365589504168231055931244256852247521302636127110371951435722182982386735452128506801935912342
58.111431114342825725883051038332443873368607052546995547475443296575835164491945932682643609562138241618419650443739144560523811
59.688304107956580156450895935778066596201791459704646644441764396563595358977333682635901839658754813333009227162266983958517336
61.287653893562444506934775696390249976481538920742213143988131885843532265462784245075236293500568228381055622639906875337549841
62.909557621757424009984648319023140663579796873648738490990437038568190623557865695649889466350653950743391616688277851585635564
64.554093937495272271295517562630237302040006624344990657209649377187241854238808096709126642341925195603685860077185251518092071
66.221343003921265907682426743562042396421284646111563922416770137012500095520307355429248957959912320275252657399812581265609034
67.911386526872361746048782182771112967588037120603688758046084268153375927680823474830140892299990177654788907955000893060494122
69.624307780062755107237632120500923129140540710950010156157730942760196156325055333074774668839447542662612612405808812223665535
71.360191630975633588529167764827400695500044332995580209463445322518083981825424095954120086700392593096265310255026085445355113
73.119124567482730520245766736612995863322970093439121967758506537171100481166561669265424899366983155293972661865172798032220873
74.901194725214127629273599515821413861379256463632123321381210852505205859046339567292658247034057801666275487212960086849870786
76.706491915701639217141464007662524149232643512846471029501217702367570581817200718618097719565166781451904187678057976036694725
78.535107655320032278808792738077854540338324810240624719408260864929970341032979930372830315890000582605466897289924406682010673
80.387135195051300487754292449112113987976370081913334096435373795962106584094413137398987977281100717491201063911325997790441209
82.262669551098217008790467829748825805966085935190205610373679211595492413133486337360853605825046472857570885547219924520705399
84.161807536374443953615033636688787437897670163195400511713345692554809868994985600583134730933538899874451772155451275354318273
86.084647792899577380920889952488005067588091435976878753418747593668297523164700079522412495365878849936968610048147033700012189
88.031290825128658621326341345679883552012226264365376748016227329901065304688567469358255345555704112670514647275221091955952065
90.001839034246888088248015915077069751575382959604099924156983829978434612658629885693328026768707520364279332423473923939785795
91.996396753461539492444698721753195082522611312831036044384391822688058942896723409506408411031995274477854944117858551186439245
94.015070284324393557059241960788724904111367416693397389785091269514962345203753967730214214694798040862488908742491515801416474
96.057967934119394163446759073818859840491399249857365054082061811257969941966530571812733916161856978715609601417521723669784291
98.125200054351679775457586089562121790244741794091983956816953069533313146467962594743504028276368181488164531651568926137925068
100.21687908037566263189778439945626687371208578651972783851612594072350042301775346598335307314940542768225787812079131955463927
102.33311957220142143009941797716192526796028221731345091219052808482315526497877962680443778265505073515294062335062461962666855
104.4740382565203441557373284456187067697614173347443803716547238896746344679836700397766085872078090011110855947240011034103186
106.63975406999271071125510901740341242011509978768105870290131368838980309564490192318225456249083309223473514752534019749922912
108.83038820384174469984716675001208090127429683433481359746005918354359496343178380524831214218113175759786267056973685312676629
111.04606414980059507206203302750909246912736061375825451755626622219264076687950179099080335591202791546995395275019605752888583
113.28690774746073659281300557162503292919522089374737635765501795740790904571440224400186446332451969431914721305353844468141236
115.55304723307240883257580549708118363850760144854987607034769651039922268796427469384022053390243579881304320721219260983616275
117.84461328984995258659734112453588360943618421094454254218817537711511029225099103549472158768191631465233822560229080156285253
120.1617390998372566293817780252329933844073414428818271384961888135337267480398157460784725483788988151060570980887289157619303
122.50456039739100328706108552661526117556531361904717631371996107432014582982702050899562493812192173957413251853322923501189431
124.87321552434200567605000131090767543757087471381018701799500184541572534018377554212165181048255290788086841476089514605640121
127.26784548689767031464921751229808324461533002005257624453124081754543160385588160938134467537507436181938875428461956153309836
129.68859401435150438663774096800045754247460321835160799520790798544611846980366239068054087887959265475716360713792564736610468
132.13560761966862600279624802458818819674205058415323934157919556223502957860019806576821081481758656432377628109923986491353393
134.60903566201943774931159722199917876113086117470901840359309217305332823147478138200721300555592680793931401657438402967610176
137.10903041133699865984818563253656025898073677953454880681107267124623680073195411800856322831335808139929291447484570136546884
139.63574711497718822643774240258513570307645614596471593036330874784736200740939790260509192431455742252569266520456171171157616
142.18934406656450965001487252371239509591897510056160614655127406219692602435841132729014364710699372275810251364421412787483866
144.76998267711034051100136020970922881791377787890290668522295274761100275674963460583147672828642893977601591452379194260862727
147.37782754849462057403215433434505891421538244501512648294093654579281909427840719502203964438040199573107740282269750644662501
150.013046549406382631932416550203626827893219093353363376513185512319718142702974949317200161221623910303161032061745013205938
152.67581089384319826407481218285635313144469817877919743607708042971167533629283238711682937732477910809428180780709181505462837
155.36629522227454235555647320496715389698471405783095104514436305342609403206185093658704429049662403625274818702982059785506209
158.08467768557929560860726185495913433474546524823058046323378971812870956104885257556772887697776206491963043803700900691884193
160.83114003187312177625078297656565521981492417796502333113091807264871729422391685596076156700380304783322838174207072617759125
163.60586769634729605442638906285808226427119572616818321727562973408531821155457971007538750409020738363458303404511455190553092
166.40904989424674458652596712914686896187880084354297929535577665581307186104577099149299814594370893587771873034208609775460603
169.24087971712160560440060558523446302060956753722397999784393770860548405126220587549706473856699537016123506006664202617483162
172.10155423249356536850999131061724742767091116417740056933380261029019996449032208687254324327606998809845742597713713314330266
174.99127458708558372007071615983260506282014441568527572365993451764765533633545984102450756534118534813985548216413294757716321
177.91024611377143375558162542163097899821844537503851552913118070570215991522034649730153041455188788609619596040524569779262654
180.85867844240976918909193666711188391743991972597710412065974690439036223403711400700300992027500188625770947799569179337730772
183.83678561473623516358850350962360772754790467625444203645295546461707579939503215767153724002422258962512461844435250698382367
186.84478620349649008526304690843667237322285572842613278534278969847059144718992859399937476443763673731361344339214355502771103
189.88290343601294689002391855794364895830794186839629915949065955678753283018349936453590230452887304889465356243226690016514303
192.95136532238861461211012014194965171838663915047783969092913377072966954547873112242715307954629662352439339297249387691880429
196.05040478856267129605921431945627207336647922092724168103087824836112346514530550425845884995996799790147202411010643721909179
199.18025981444437706449163374567673769520349276694300414099949244597383882616277321322341273795348088019151269262005445961354726
202.34117357736469556783485224388287653890132809646689881047396986197295289151135952407139327036671183480644830133601694951633063
205.53339460109859168121876662711923739142094625983443786399974969094951135489903454847574211139421242812837015734422601810600564
208.75717691072547672819212353485315413650936028009544292520598867174906812599469271290668820768051529186138525817490770817388037
212.01278019361074868824309235962238614274003088116028105596958893656204366316029580126225418287701112735976877996755669406155273
215.30046996680789873101631684873792104100268684004082328459404516782167416394241646489006792121096002866713200713209205444162022
218.62051775119830849378675453281594752484765441975376354113002334058717239488641260722600809105275127433462042675719900752346951
221.9732012527047334299183694055207688299219537562252613449202906630207096974712256599114355086811335652078481809844930580057226
225.35880455093465283085227203245957141486914197735510338324317086104464057322264155758867183862493229339513130124406387696446386
228.77761829563127194802469835149557743350269645985797031223481539636836331943242773827391597936286393944525286177833031488414474
232.22993991133310072768992314867095233839243707391328684116227843841346008766591852602343756640793700697966628789996496042897024
235.71607381066783222858622235524912450822153737180146601479639113184833240323642147940715259355131424538477534336484254708565154
239.23633161673283859556650098167258321973381880228272873487090062623188221009720654924236895051652128623976071308056971936238435
242.79103239504314305175768860054296132164657618236126770475271494313280870844795849979152512805770187185347810133043922203863273
246.3805028955583763848794747796461366929680469385791786245478652057355072901983781928925534798099953287490573490286067687266788
250.00507780533316506221063781827166099358018933910916848877615830685977074583523137147220478473269603350091637911233923048381877
253.6651000123708218817996020678932665173889567750408066306250694567676331287189512045390188062304259294274026342249077223276014
257.36092088129833452752587680020373784020414677883368598426728192666456561164570293610510414741647065799322266400748780093318432
261.09290054152170929922599952399564379291495327218100947487866898124640917196013227539166407056820428414327703961352933903344283
264.86140818856498690802383147704910530137978931880672736477983333164510955744333280392240262798792531197497764937248343295719343
268.66682239934399096348035775882569788016316090378901023182910823262659354895295854743262573533671052920429645014562440485454061
272.50953146217741310413381226288559650379670380440014276409270977302639595117099391954111714510507848863554208224505872172496912
276.38993372239352948080522748517145829405803374835834406420926761567931946169542081624833282570463295582162982836505564675568096
280.30843794445106543211688244452911961797824905609774293816239555292141197900376078219360840418061762807562347162239685727792466
284.26546369155790292487270952486619832408653150110860554996480841948750069963625691570665875418451210361812863531871686062900622
288.26144172384192792844233665194851197586170726343487504688955418417662126010180835237471273753532437723623764808272577080971905
292.29681441620486199780515030196752828273039069661356603958045873381811462206827527267402788819671504153972161091682861288056222
296.37203619707299004932836275513506118661032537489520101046180205152648770694882249134735484456948118046889094857266435774746562
300.48757400934892404448368401409284227653692380401328488775870429714731005689974253047401136085147677867644135579303367692834216
304.6439077949666405935348508133750549550522390776137369005591026111169639170419687971672014046032530678030513380668984237138011
308.84153100455878989510234573487144853920168732116317275886764816889831080955019397273535826271521708511558923802945414938317994
313.08095113386157457735356051251455214708087862211862632075182067613221553036380021636265101824297115763943607650134547216887579
317.36269028860932215575633758213846180975721891617986375433162512803321340289056532312100513692439241730598751763388803370554299
321.68728577980932099131895960613857919002345499389280613451641194887511110182962930667663690362337072327097800338926079673537746
326.05529075143878365400229301443870605258988491819447036325543523900481078827462095763016452275047225818828564757733821824413563
330.46727484277131734843708158718303144554980130325596153680733228169245989010229281865098312515929096695066935342937639122218484
334.92382488772155925156621095637561716103791862508863259599950329026840368409802304581942500409030814494412949580162547877550707
339.42554565379540552003481014466975441756375457654043667869106630078351324269554270997734653245350342679213011687856351518825495
343.97306062345147237742342707534815279335890954341905842848135386299967127293742340925496804586496185009603587459228841234363431
348.56701282091926807703766727138199673332057196209014205698861960599823105887637396734358100691802507199796657699049025748668081
353.20806568778349851837038743845378935209197972748311535833152192949414645075092487777055857929908076735567223628475717369423861
357.89690401093477103928777527951636181433284460293261657380548110214027852089918320694230320377917223554770957468283690532338644
362.63423490680786278001433366333742066128250128812967546298993200024084630496674892190603837491493040250169618076134131488366571
367.42078886618326711465989092716823299083267126550810967046769139636944332391911686092845187411266778837210402579382355897472374
372.25732086421999530539911135640531670092791121880902890053830486518061119255358806153797395915926669634528239042907699846413872
377.14461154082222246279313206563572971548542834185557422041153151223486884835539001216117450456155164171494562309649860608759738
382.0834684569246059039103749288506837629454856313160277028835699790384915397338611948401801680449310276873465872325050473822251
387.07472743281699767858627655077679268717033067132594576465113724869173340605204993879808297240555026908214414386313986330025165
392.11925397522571723462813406603033434003008508750319514316289512914975440996261888631186476634943226520013523669883745086905619
397.21794480053344975596493732238696125287550018667429308502238360638862200290295698230400234018633924428561135206686344021123711
402.37172946226227062145901929182109550681440473839557203747032868209692110312564481047060477084687762690480839091036791057605321
407.5815720917747184991546850197023387835548290141505344585874610813568197877215110425898741878454247757762511407387253918512223
412.84847326207830580798850316330288864173783960056009445050889033580402131410013108470230041415868388197088272062082773382701438
418.17347198566330551223122661832984675941144394939389259453232024579250085797614515499867269730577747806561339938437823995808115
423.557647858478241477539511750556212221013222436983992169026498622462830275554852900171985802402425172485609969674364825174409
429.00212336347100041966474730849620347919745654167949900079277049160743193736595236431970069273578310015954955228325556037504013
434.50806634861772738823386202844305652439511123954173978462168049407533539902099265446981831799037426659073243744210732565468612
440.07669269605217272254478228483907285817183040341096255431548020187214813023662965047113281617086410569378556626479784035888834
445.70926920082478481411159191889277095764625864057533399581384404584845219192256603272356227532320902052339562639207313910276325
451.40711667999863427687104828295708386532073370260534758868105262266989335404304473899522616475240548143561734584076215219145518
457.17161333526945868111352268588318750991582778022656158661429075037823016112188917122031679570566119693821350483842479726862599
463.0041983951284230219276590293747372154091309265253631640325521841668467434789711921688060790606399238319165843298523265243753
468.90637606582624955166653576139894358461599403798805758741579363974524308943217921965202667342008125685957040959308458513004673
474.87971982411465450467976828634984600882066774153996153061015297890205415012209992704345107551467582562859056265276116336123206
480.92587708901713166199758798387898004350362446055332502519247429761914863242036697070115250000843064032341943163052814705364119
487.04657431481360005594349818759183028825430795862080944957726346884056800653441134245828311375395976904808086373389980265422431
493.24362255312933896869813076195642842902359238218272427407446924159857281929767202747807472236733535129973162502161093065991889
499.51892353863892946181438474109229572827494589235686879772944298767833362689943919219785833563532659644464790246343528384904162
505.87447636060100839275533662285210730027661545465655224687089626796128348413685164387436700618556836056174048835578015522424079
512.31238479143632376781342709013443681186205323488737090991164918688606606578139623782310140039502267544801326421772805402821125
518.83486535410188778274576046101779136465382901557290285203539410021538697299095567435320490516343715109492231402282411250416039
525.44425622240642487690214591162173630210025680943336473191532689026633701048863062395811158798217386926586135256240806573217587
532.14302706303606165457507088095534152728562117304028521938032437443938798290853158674783685743650775238875529395271764836244228
538.93378994538279262365714158093284229023284097412704231081339736175426315749618546323701413850522459211847465722988231500446461
545.81931146587326285409731558612753660671370455148005155664486333137995597346534917316864013795476122410400827360628210884130861
552.80252625810755746504679761267486001188654156877114725274386900061495180748757028014160123217349493345924102571673115473659224
559.88655208964749127942389025453565019391158740675710774532263337812663073114267286854213633061539518725912744175796625863067139
567.07470678189024025722457117163553555682528080713253241517344362963308511097179831013150508770106743216498567419837505636407862
574.37052723258444544160158875921822537233869024610788370982930903306561090765167914900536902666034186316020508953616197582042992
581.77779087305516126332085891183396661431266009625477893555150319134221234625613410447906455694472185677988019611742255459527707
589.30053995649700131700566843102610848751222602229769534033833651827990418099227162573429668581037365523034939585795062032597071
596.94310915287423626658127853863860842195405164731886823267822558462476164841530412340526474698992111632310547525719747062858443
604.71015702408058401886869065365376292023272540456220060132558055049030394008328282599710223419187213787640447246734225934171569
612.60670207538358878634688670524666529552577562756041546389746121620011902048616361327821976368935115849263973379161157040908989
620.63816423286851843969218161822328390893020566087514864072120690085083626328331177122494081669226948177133488643773065735527972
628.81041279105034971950889836140624130647284164463489492205830862078950485507140039513373168699209500091796047555327230848605893
637.12982212279832131631364777401327350560480899597936645942914081252426863898289536176545661132565359398365257827776552507173694
645.60333676262476960733749343257428493035108748056032190423148679165306931846106809662077343513439852077665800575383075775706734
654.2385478882420093544355509851307095147531143492080987915964055133544200922880964072805742617387386304363094608899998841283022
663.04378376759902674905938942786249823212036365605231342975231420174104682411145918436533480008050782985696329618472333191068715
672.02821745672814180056929150739701308118730476380620264808582752178517750546848924144765749281502445748456142410133829705660388
681.20199599548692641838420558585742449699178937873694569570238666390036669259348799436897726737131434957063379872973189938895975
690.57639665225185409202057433837571678329957485777279682531405975795950284318362495670977043247378708273997048415503269565482815
700.16401756037628264777376269997415955413398968096815586568160037782978552159596629971452194512607498795466978217116991471975124
709.97901258747572003452181713257112488440107778397837628183161907897313841788289686648825028294489925899883813925374524089710676
720.03738381822984405037854354538320392482610801242093585436367410683030022683085353897523146249002103919539067413079011596542768
730.35735013594491897886047365102335638991494202012645370703473282070299843885311312509179544994414686326607532898216394700077061
740.95981789516662612825283443609069760523670575255302170558753287179918758955437382548838426985534442721494298857505735272805056
751.86899096177542430925717285824996194771755466520595167219971187372505847610247257773574379855432346264550205450137013373737992
763.11317477961493577343518998060217649483721726610203616445014990293816887123264852024097555500802331126520314665921081750200774
774.72585665223783235500711136267937494480317756289738645807813181876372581215251572718686253170244881505564380013534476041686972
786.74718942780488776705749858175505046761664223214265432127363477692134079876374958758639246338892330879808724873784876705341796
799.22608205677774946279414935945321250079069021527249878966919551842921527496340167589677969465321634328739848334758788845502301
812.22323540184413643321360787336153448721494182102919296872000201562546241122643989440915670559712286233320136553699777322587878
825.81571252932178023952361959433430432416943130384432156211901702435739549287942946654282433783042144082260527076198725213221838
840.10412805517214796116055497750638282687791065488552986018545452251373345874319895868534846448665149059212598955867433356110636
855.22459416292561597626857778058447351360150602458809072270435274360052097538560818562626942364379828099905252831474019460778704
871.37001779054163040522860296281140841864323413185767899038537600917835975210891348677246092948982676950268568306230491005858483
888.83181720266017257225585933100160925233432146516349587746655089228025969073591960747952655465293263015078863312796940235475383
908.09330059881299579456891746827536060694554717759753005747852673741411893826749492282439739977500446369686937697252383452394528
930.08686300688489687467853699230361584980512454719700974677371417716876778021933412928533755859507111209658015927915923253282299
957.23650078422263232442851767648752868746013325380818918602066625691017067913603854769625445943239809823387738028848694710294274