0.0099367826353416247537446784276093851888069368630412248774309180409789174068155120190308913867211146160429928295476956027189355147
0.052357587874109373147018524663540265269859129073089786257204451359476977981651432827996480014758057408908400134692085189148525379
0.12868106365668316041068374969328315039550003523194184356879124318761571027155268382580359096237990507889407899242445477650648174
0.23893305983727356105001857150720274338762505491919103024797718474639586722393221776075193956990677033054542209072518025617644104
0.38312851511565443353064037320342405198269981538341099589176446122023935107897285998911526431787619927693073289949285539600490826
0.56128475897229881833066943767600158743786087726734926784402318722559454937645670567569407366627312809580307488263915416926925958
0.77342277227361123571081490085903536313036143635396780139967059434857621027680129896683609683880316406935797102688010766553477034
1.0195674335836639799617969065990724096059959063504872432188770073454589243181545127971877253434054398822432408545439177574310631
1.2997475970611690310313722849929859946982052200036294586714744343079529483405653952697111086449798453872131246549120965094555417
1.6139961316697241481999660631281407010534764465333102239100759882650793409598231283979925746380845357369797946987990116265744767
1.9623499504644252521791008657986650758563603751454875902295458009680437529364038178164718024801100336250827546767937909759377605
2.3448500380584295242084699950873409690256924830080474281554609525134346344483736492672619719672271423154080137560996477276690609
2.7615414789898054272871021371853227122236710428545115341357683307767183314938126912496148590951187555685872939369464432311514726
3.2124734880433070139750035097423621151991242994924668210064171268902198341626996924473402932051030492943724170909957043160541486
3.6976994429959910359723120964631806596984080002236191579749040353409391359145445020789646768546724388237189784723295489862690427
4.2172769200289610844229727848765169350278531181750183539925680714576993457195588911095714371441741821969691386560973684799076416
4.7712677319537919539013550397936330535975727532496992075385028044285132415834749660971313166891417410067737666451011572288120634
5.3597379693621778450332858270007966237629391116601910464508006294358668609913513293828169616811053516097609227387893836292335225
5.982758044790747729030119103142203223484927146619550681929440584487521127313302093372804264642597772683996164426869436029491834
6.6404027399873009751170255328764211910224929765863764865551318661836872886034389201517953168271825226335020675476328121341614075
7.3327512563644501252979703241462369842005010045062303518671470239507210163255080060383619621847470709940954644872023970920663407
8.0598872687292781191350602817026482930693035175290114326390098181549794745729151629663946264044793011814323378267035448236324501
8.8218989823818993250746350774385546764385086952765333282261602917412942434119264955955984068381735566399944990248395688830672933
9.6188791936811465097418090508425390842955505914754094120737013211475474762102776070043808849187453468776179746494609167060509373
10.450925354181679007287408094090570430472615184598059583037847840195413148728540188777803576223711283723129753384930869044060771
11.318139638453463803814773576066858789034061753416158536417479189788420208726498459012528851665919212238380953009020697241855117
12.220629015701745419660890908428216182576046780328780162590724212736556709061018408348958961369760529571312234236840975303290476
13.158505325313261813652323679839324425323204347483218751358761946458974263891174784907488509895172808986034284236256177983344728
14.131885356462577629366132322625251773111568227379411931554988758872990120249263952019288084468573214030499984800957740601651989
15.140890931921004540937053305612533148229975531360554527689240776098461342325366401879281889611484847983143778583398194879615504
16.185648996219683330065649714729600278180636231543559125267662990113466943262722377083796279139119776701405703269105454783598541
17.266291708328043230266833545764795751266994512118282901618303763903871330000063342775149448432189464662430526507819079007327187
18.382956539019066473408119108654641530662913659454451242008940460758425803143901741893808673377572436603334187615930679125035411
19.535786373103610364828353957194241616753351031018231823816972412366065050151879395151069217578989863465663939767285623142214404
20.724929616727520758635575621495231075809101079749688529864414727206055234160947412655287947983641438880974940836150239373291397
21.950540309937459250730060745273758979442713181481248146509462723220550621206332563908309188352126425253068255680921788080975451
23.212778244734316194448191740965085788201032948055988018188788039984493329936769438144589150995484923403578983642745623812763635
24.511809088846852149045727655956632948345298853249812784641659626805139722747981897421508889167602197395293175540485589911692419
25.847804515472866249055817430673748307713155016953217698425838838086421388130599178720433105206776934178374520223666911988184255
27.220942339250801591162361895214367310141563610699454744543604055911941935477796942527988777168217849201705970614133880584077909
28.631406658741341638381986593069071320849990623576011672945853785694484224604408960754675358929613992184194661377190254657297022
30.079388005716311183732337912374740573417529440464672816308888824143295972602345957790131740991583822718928238017740845805841067
31.565083501571161373781032700333618517367434600150094116513473717547876973175389635952044588310970868211688348181731871756483781
33.088697021197589606100339462078754541953691949073483291926712104326355207906235568807286153850763747481712475632638022870880127
34.650439364674529704156933890740175478035543727101899019636236205396862165497002756966477832042295851000479696458149760353067965
36.250528437158963453284607176090415028739785149998218022593378071000151135966123401275016341614132530842163246143938071856321412
37.889189437382880080556497941058713888028061338025708527982857764287976423384356287212245040894395655087477305125884178462079868
39.566655055189386359499295116249791639647862972324990162562772924965629085556363878185498509170604391753009934729542891341779089
41.283165678569600819513356230574833077197848393910514558725476012784521552950535262523255000477866230362839612050240945803762998
43.038969610692719882978576674082222955102148009450082847931872680664847196933356994970468328977404759686277723441632206171588048
44.834323297454706812998331154893000657227972784723000680924144617394203542971544318857082955398581489518130455436101965601938029
46.66949156610662941091545502489478269241644158088512614642165664706169772968224445996086223547626646322621299921736263537549886
48.544747875561982833103144675053545738290426049599091120528504693213663909303880449134469579585999028114694836378542159053876376
50.460374579023625412520627555024836406910550777655389468358012843049217121937015916551634232753348600425417153932583948295912659
52.416663199615498527262832537541587996712951870478594439544419562685437518263721054127060903149053150761575882310354178181834571
54.413914719752394577662807617310969050100357400612517526299864305436894019378288403668892686729854985445478497068698642270340357
56.452439885033009082592569667999391435966558681782535622894242206654044831683053985537441274545980139341517279843549875114821892
58.532559523497727280522934110959072600101477198391804169331124136348953677022897533049059197538399262036651861560979276322592088
60.654604881153454391954020158522498828337687834945211682579118432439259587367849525895034823431696176430340265982028554619181063
62.818917974733746884198085512104418892870217744535178716990418467843507022854413924854810379949449221737475665931974774442805795
65.025851962734032916903879522414774120195748619876062808777889526239665073107545435893566019229537399156471120253888816597982087
67.27577153583937096572713844717970120279629663401266544131736959089649057227932881906318899170952037397772211667930041510225572
69.569053327946594498131594635672043414830975597931488789657397106429397817752144908077620248419821148030950985773909184706376311
71.906086349074503901461998667386762196456760076282023912886529089572791994267837427453015635634124306862854448643820321487003951
74.287272441555747963173922464279165186684133826069942170891624254653536179145168085070809608109692365887924727404570590866056025
76.713026761013026155403455753334246848592332566070162971168027404949832350691049212648548423100246530976897027912364884548950408
79.183778283741177831277954907900967238055873074958923866851771200537301461037353046306225818003388672608652941369006734080219019
81.699970342246654048163446298310816146714990051119478145566723302448585196146441324960997206966232683369506983551544904046799603
84.262061190837966437068136876803711010589015125095014856508435917040957888407662029205656857457089204348019118902675156610845174
86.87052460331629203651483397541591251150036821969007962884448954778142591162086424362818819406013028323965458704361722877612933
89.525850504985961737458831771171301429107653123934093564280784495002321780132450704649550769424229991300804605969910709588270796
92.228545641391735426801304283380829396138752045705289601894044804037061094545096396114118166541077085297812646803609118029663003
94.979134286395441342244113562226570532444391091872487487628426365514856129179604651138861283372946886292252063701532854650594237
97.778158992430842363096216346111551343952571778277017473047340353789316112954500328965099182644930899026806509932141569625533297
100.62618138602487372876250236017871701620049226155822996324793734125602405605538965879959011067084844976051050409003130217529879
103.52378301194837467862010588214168031758862681959705227055058617681596541668059399077086251666716151780571796485478421484863672
106.47156622966317076257585126483294580902575957136695765937515073261620221749641390570792563297128329213099766218470218013984147
109.47015516606832851258855147388668508977080156836898325203977125743529672752450843735436744179535872066785059280645599795954516
112.52019672892055174737798442334671164686988737323140846779886000501126777907272235054031945950483690507958336794304717960005218
115.62236168571652230137533691200869384585754257489251599217374896230863291822978135253774251093479764455105361498548254868573523
118.77734581328364859109858045374492110454961038577840116158361690841371294030152289838187180056439286483422533618168590870113588
121.98587112383605385881361561638278993847539242411876501726692884893940018993909060102206167568419786984603903244147306922540246
125.24868717382145212676882593357137688380097840302661079285681484056799418081710223927603887614965814150124535809216006517594372
128.56657246251956441592369557834932337681150499862386589539675977139079179193850762926499128605887887106815882433473138485160689
131.94033592806282905434684805477571189541117053660459668917273822532329671490513989993632049501053522529434060737835506231235866
135.37081854934563266466677016633625633571176616420178143320639614697437948608141825089186696719494088887092391353869679117112394
138.85889506318100982462987372743776235627547476866717926933841887324616376658964371802773247202418693024036615950058748256333911
142.40547580706749061040986017776113996269483387899805472661667801344291303041094442616128259821928609409530213001902318879114483
146.01150869905949832806642812154083934709344335833582965110851939842495888857415764936864688316998768066326516993456648584806528
149.67798136751102182990692350985854276814676759634266844575858476928642154939837756059964857020518223807606451970131937647594874
153.40592344490592636899278139131338336410490055634012826748847062376639183485552898063871199533987543514696374379020906201284676
157.1964090416246407768272262840500226242051252216713989231297402083215073973426118151922124839696473189191574952905543242150801
161.050559417355892788704502425765482712584790657853716582168809194373021450710497126292333279099265595058214091137040987462437
164.96954586997875718499669775391633414370323659948044505855906632129173319099327976896851576309983746925378250079154185024156051
168.95459286415595706625525453991074663261410280203250760050626963352159791066619374373471213377850680404013027958140034686106347
173.00698142464315440319448184094791289317840759303850866177150448211941160283891088959505233340617566799967163218843304131792988
177.12805282248911429102102451712256217681305425561523028704891065414936304152791396457523414935975434220310613988654866889097256
181.31921258594750482466303328927192445944123948050112455791447563162137037981211458026512873636759697554109210891516976117589236
185.58193487212563501456333975637278249373573766217394417437170795866087101279058844947093450283200564907211302612364768850247449
189.91776724025812570083524880481530119927960709297050191899094235484486061075189387585315682357392479290333478932143937061359476
194.32833587313413888796691184968453881858094447068946971800448414659134204557796986501509280922420730737956323484049871941251206
198.81535129977013257010590988725577343136156259967636061791412240290302351119988744746969675156540528651060997976340478416348912
203.38061468008182885135738711553449557715009441117021525701325804761465108688960589582698361193093185300041060531753806864112042
208.02602472128322133041679932288152895194979365940748382493415426992119153802177043358371825362946472735331458136010366265458262
212.75358530628892073935249137511228275085599737737487421736107583815065089992412396239282503909833093935573707089053144913827063
217.56541392684090034586000168343627163533085078195014400519005867206089559235828064114506984196770645559425675471674559131630662
222.46375102881937820529336925352543403915916452488214694011549081842071609193856885711472145292013250451821531581232622393248077
227.45097039472366815233631262214137035021566424897409536984279210379641697884796153778690813113489664078618152262095046933626134
232.52959070923803108030984002183555702461442322849107044901158168981603809887689713709944383860648933552335232942392499891509827
237.70228847890215523757422471481539702502009318240586476403435556866404731866698883661957458766349731910295327309484984522778777
242.97191250716016091087524752232711267857502791419540246012541148685882843205750728000398925224324945583183801581905962246439568
248.34150016270242661955204291055625914100430905553195039881907766502568650683973215114329090040506575202623140189187654137122619
253.81429572362023027140865928487492505882803944883419166661515500597750183099580201711637173932719915203255613320852797760366935
259.39377113449449738287114981982430038316261284932392311065996020017281816942073764347751635748838762543352167042906297166892991
265.0836495807656178405638468169387810816180761346786333141494392180643019971907389346501024430710682140368276755501727868126951
270.88793236801038542088778259612380994144575960064029109019492313591175828749605739069731960472202140114581709199297514155342222
276.81092969759300588801505441839438754064596779616417977631239961664109127831260557207022428423657061768630799326360961884917315
282.8572960605370505706403878821894955797112572692698179565680544678223336604740076296088693376228654149639274393484539816236095
289.0320711363797273948701097386889618265118086178906730168239517789097098140988850476723268606353052314553155762772179069949834
295.34072729401613351867531450852218280441321745209758120989718897924823973144848009964871638625980934279846966223001769155927219
301.78922506184837257594021171710103725010303031727463612448587120097904624991764220776172301204858063822202079279664730623623271
308.3840782852344562065395633271869186176803182934987391783095843334375105419840795370415905453268961232201142689943359818391507
315.13243114862321474772618391781438263523840948394188227330943642394865745846216873792309868555003768573701185110034759404507218
322.0421498478988119560862964750846787400921347578164505756877162879255069731638216971441493595440724134217716428125893770741786
329.12193251266953870816424545519065476539017494002359681703583108052210250601242756085458582486277759983543581731236681300370123
336.38144208181907183460948634386181984610086293681059323771310734601672132807995320517677672472708712652420425158987239372386849
343.83146835156629948851546007619482348516083458496286414888631992117016445771078804323472855764324142759096237859042059808865423
351.48412752826112770215754966933996464058788859983888001277603341425741243419744413709396916571033272441497895997584916093851092
359.3531106109226267630132800389770570791968137513482956920873543783457940616638358186457880991445034430609305022930420281888219
367.45399624301920513896661607962440312472586229961063746559748570088547329941468526098792895286719215918878408940543400246270708
375.80465001596502084775804072466637516501483906756060437440825771510323397166092804121304606765866210268025542818312687266816896
384.42574173786640286692528021396675452506429720397215496491184705163906045885347864401309697204277875408928288790709746021563637
393.34142685791516439947161922737298887466084232365400367981912347626422960615063980391717007789173615891659911749000720393820515
402.58026147268187655597518334842328935817592968156341399145550613855128136427414150752782164389619569052491424334763819340900365
412.17645830743645515573288448933442065872253835059951437599005155024753911212708169672302562943746040215329899745126276511765706
422.17165540115666271232199720241997347195080485146939158221672727063925217493086704999554572643048029653648917680957706022400804
432.61748296126546479266286419576330190610073014866801964237622007267629664605519041904332807976964200013404204991857509473147846
443.57942525014289834338770202969060495841418131055394383541074782667436973745953876013013496818774715048532270408171278759950914
455.14289162571138056341495995741054896798084123834761130354074502398549461250683383249262883398324390238792223995085785810025491
467.42329751827770509131168765560513719119328363957213842674324822308913790643341372758458463306787731585294359634022937322421965
480.58402386862149771315140978927760629610996623479349303186643652977365776465098862591438183518772375576456060187111408908214373
494.87156931800709079466167946118855897516803033299156967631506004856103724672856511411307644043549845072499591992789178839301179
510.69417182525378797024232338376609474220933266300340754702124653674785170598936447201937281563489566274380373995893439589076841
528.83817060181740973860195137107246826911477809039454976557408706354656967514952940584750556213495838716572120391233005108727878
551.344143643620314625732516603386350940092427787440286846917193486453585577049891603646106159968312839109857803400879006529554