0.029811235829960110682985366739808914065917272442114961029698301623435047366251815846458849464106527027468677116618695153328491051
0.15710799061787630222819517893986751098831308358548319132450581041094224274939870582716888187396962363759572476352061743917946048
0.38626503757645558642881662943885617193351675945592594169002808390105138644398906188792373823636711596647281477343310905834478685
0.71757469411697225457357660805598928508298449435673867010204896305156192184728637976286065856269520709105660942709985268524476009
1.1513938340264346398018456675525836520558467713305463023377782665881186032575004298699630563639962114282737655841088192654893824
1.6881858234190472059228500412748264089647546376301449769997709738720004235791624182442078393034809213480697593396762002453228027
2.3285270066532287333276479820444333683565957408971994706808433130023265181408124656470635291244412963578242360527629996086922088
3.0731108616526388357528151784400786697952133556709828474352696555975769795333319463997457500552089598885362502416456009313211907
3.9227524130464804940437326266919371096079591795465325747338082157208820691915267473523186043840262680105200760188618837618349978
4.878393355921346109238952223513738086647206758922998311455055778287087422859509053338752251383916418320037969274633036980274289
5.9411080546245589686555784381718679506855067978772667835103574660924190163131087362177236958939531247413281156506028610252012995
7.1121105358907433539575643690855986348285797528199336506914844650405835392564533479782720214043240987433314245841113231646697354
8.3927625990912246254327558403581589897759126186975309131387995965717206975915530741106138322382744797900847908520783303211767764
9.7845831846873232831103993425367865600544094869281682815568640930771645770095755199161322270838171969953218705815657705057320409
11.289259168009527145918955332686303390700008175335875503158700701436986995316430686459486125492585937362827938791554470666093441
12.90865777828553089511215274644630591361071824107991173599765062603850676722314759692783669816016440908812230999339491573626875
14.644840883209705821425419054161071028856150005794812250649497321136522905052753555105397564164904893634033285104320523725248451
16.500081428964586133171800702352408426572175163413137851850659973048503421862467768688239066811731185323530217014067152075855159
18.476882386874112817059546129128531677698037354517540671268613150964469497774603828419374496707462441780084286230820259421309716
20.577998634022209504854922847782767844734637983359741718394339927284809755722810657728405770042591848410202347955204916929533591
22.806462290521371661775594330179511573912379281496633284134357169246262556932152646575000209877386133264252402160297828986389833
25.165612156439108006474693207730136530311267723580078498661059950082079036811194519676838166666027050622289231539909943903771622
27.659128044480529595252296180559769845687061276280508879980401072291001443557495842426924008112700416044960761674008566916634842
30.291071001008567238994023988210308502422367870253233924545693482912064283830890121829996895057104654539975501176235946312280894
33.06593066249874416694557603904121959351396735627236218226732423013020579434423766079078231528876323348723027047621534222882616
35.988681327478935782933033034416088314386116891820296432705328860199058249744910655736810222185240966513096097316148385663888387
39.06484876419777018337438572772890229728963829962753426125033704624457435516379488123243002832486039618130095332440327033470485
42.300590362903093582524135359107160908689324335314608748803041659536698743045364346816054271764751175849590536971209842423439906
45.702792038511470367674105224060992347600243741914134201190632780108919582930652535790904075103722382809550857153011098588087242
49.279186382836792859855883637413144060500770071089937395170571700513323765943196736965269564834643952627098308697320325277863293
53.038498087816664726378446288838486249683844925210599261676630920750509491879811508645504047088155858540124758052550093324091031
56.990624814804475826011973803211551066580681298994002156780950208803451609507476804069981442747788654459570009118275103960856556
61.146864786140228749998774407740858081709773199752214752188306194022397776533861275081704023836322979556641716536415857546914305
65.520206929018606521346903625644240152810161599943066091821739571079994665280346887900483704592921946785828270793253417090782068
70.125706236113191551660896778791844937594814918288933868446681691758612933608788435285087723025127272436739352076369643061985346
74.980977518911310591405672890418097024456067368527058339083105859709368065268673431308942431613932602192260804732466122111691451
80.106857350324393801600235740319374926400586915707695108789552999040611552017725860395585990395598918849435992917406462165419156
85.528311116034167887101614169292354711871295901565738785682337303676564735726514058326318519679053826737296443730758663038759751
91.275707993668089450661845884767714502548824148897317235451364412498723242701561749188481891848619333722921365817793360941260931
97.386667713581531830136877038250723487197583587485905912279336887608016526877659869508416223695757076745311986514931874959411071
103.90883335717625466902023184223044030983556116777723802942025921190996547925931374379559066842747291941984208264149907995376068
110.90422088497627549041557353489213504904613928312957636317318518285187875831407877688678559291863087977613615338348170911645956
118.45642504628363202460725801536193667935730511357482257498811242251544855506634865395372893505222133514757389240059414455674857
126.68342576888583092966483062580754380082318283038318869619057573704486294362157476996525091927460014637355843691429171778667522
135.76258957786430197338374081124783153357544733158659366307832541733628589293597619881663195690184357048394456733752993356609281
145.98643270946345468949298874628576102128337243717151547822302000753904015656339642012892292101579818618096092166234543927712695
157.91561202297798952178582196849380614822664449488837450718184091650238775240911875697873948330756484179818323156255066567749516
172.99632814856325349882207479455614674767113299580424475883015242134102226203220905619488911061137112390960262396864482252846102