0.12579644218796752267579457751645760861147652225314860096328099437901730031977429948736480934426088089021980239686301828611601079
0.66541825583922784167812783941987786343004655397682081009738140298414216076061416889818696226909358547344884188951436615063221943
1.6471505458721693095870032136530529757180737419779407791004466920956040910340140274230293411411292978981426716649362844866992691
3.0911381430352549533019593425858547511230444788244159122702768256421382853460890866476984683898526832848972316481335150152040018
5.0292844015798332123699950836607509802964279097837373341976423830938174387113135072599325755116259871369467624261526292371113703
7.5098878638066168194109971445000919099275801978258454479298730290168894110636770741514563028991892040337623868104281255922966377
10.605950999546967780555921645721984367797683751037578398618756457558448647511916158068126531322851800110314611135604446556525605
14.431613758064185535320045034879276231567709484565629951217897759088415397810972231400185601108565566668492714410672999315929004
19.178857403214678647817485398890218525634085053557395298289201571911414833866364782451990563546429676707467768462900722892010406
25.217709339677561104090944779668384090899936664241457438165975852788610592755287836604106342061835278152430856584040517467718716
33.497192847175537273191725939504050694993935641956030029149267031441501840819976827607922502405166039643876352570753374999756759