0.0092977569349809112540343762638945594245769745450427801548017572779406335733949990688933083137736069269753684612101158268684789385
0.048990369541495184381221832800880673120387502379889352491613450761933292457477312435094806295656530709674543113280854969971848711
0.12040467879290612415371732659964537982483869335669999258093977655423110831172655318235915559315379139226082731959922953467550434
0.22356383503896612828530531360205490997457205936761796013410551328409508502133703203630337525574792591645352268736675921866713785
0.35848031654249545351961560221825819235205419863322552325444666941731745717560921393249772591741984546566633585983536426228500284
0.52516837418557702416967088304385695407778827510532312471593782603891980140947209464542545779805802446351984326886014022125326136
0.72364520863877491928534134225315312572758104122289044132988879534208937489499235767768872029365883085983471851676567315491938904
0.95393119789646493353404591903601995328711762153351165422480005034553029856915739055572773591042862412710176283548815928766139776
1.216049966653811813657870586102129166791762852637175502453797418875041349156900764504487103018915428443739650948511920749204894
1.5100284189031696544238230356290708271404599563460273658249636045607884683140596219872989357382197640528928435209803708866067446
1.8358967606542738938324654251905349635113111408028575323294071438418344954723776277072177472317160703333941045378277682532475106
2.1936885203503148021495632478954594665876687148089285914967439242494151894386807656296559656224848375645376749029673056588840973
2.5834405695135416771354036178502555778840580325868881984101832334066929787078235797084519227712304121039041935414812954390492269
3.0051931445940452052155479966502139370582999311839733622286502157659500894368583269608379428967128683162248666593733986696399212
3.4589898704458442604339937138370161502434361132486626620332681864108963368031373752560852892949054367465359388467935138239545911
3.9448777856408208903014838273167730999634704113959887615643774951094042658629613496729905501708848814680035468478196990199329404
4.4629073697417612937743641019963823667904594905332920973293897382647761334002056903187008172137447683559934779377137401107639311
5.0131325726166751095111408303705309430199640426892634580033175288669988539237074278898440751579145433923168181644566983760750297
5.5956108458593107287469095093329404449399264259567576567912141397006054504969045468602074722365959004308123639702975195010765359
6.2104031763736580812119279841767998733100899943141060747965463973091388742266568043098073296201673760786613183151477526858984439
6.8575741221780915628905298491390630143070152896807118325424999340982422590772313690427332423044093800831268239891374852890623878
7.5371918504852721906805312174150623205277351797070259673527530291343834302754562053354500125997324292966582805145233189102676954
8.2493281781158448068045818120494979838631407643897698902546361525638600774892929816552944354648558650350508351279524975049386089
8.9940586143067523176146581210521904788476201398416368698351964946912507575967230363390958175976707871257929791307408061639242809
9.7714624059783441816189963631540409755982997779801407082599309652863848867403493628223126584583862183237151923609808900936896617
10.581622585528223027960803451194277020608882339567707880631810252938330367313777001970476164655573341168197972195939272622210185
11.42462602122386912412759143325258501122572410208303790290645443086011042803083285217848630198427704476380077493209697681761034
12.3005634702704664190988719394681960234546542384641780641868932082434072246219590664596211581949809862209646137432133024844095
13.209529634635008512320828650072788236532992924324407199252874370249496023768142663642760229954886552344550726668058170409968043
14.151623219712684470583531182864692991257826031977320803106705414277082162325082831543229018678834088690180342320949503565546269
15.126946995926737895521424225814717106152503479557784070200816123968020679800269271669046402986764462963250170355867261876470116
16.135607863358468690708435480738501354781348262053656723619677677594358248072129978346896295908219764527369916138220490170360499
17.177716919509820285626018333018600836741385981075354197591458875117336031967078676718661782678891615155309640366568407411467332
18.253389530307083450903935532919008688304645759505472592294910868924176905448186938204578537968091563947693390861094545589903427
19.362745404460671695585479853405256398308099981259189004534882558701559909889461970968894183607893995531550841444231467995885697
20.505908671302705333820983836144024829225518931816638188891085096284788838479065633110333490853184828440077533874231778991277493
21.683007962231306661533317867887692116636256235214420719793742366829268464029088866848889932186235909577129414610274929849781587
22.894176495898084571017957345177130821822206897536799301518875931934408952433662861115983482789145066048659775398031497436060485
24.139552167283302968812555996262995244931794378637710913659527186199298745314263067452983895733343754996666801151381268289804479
25.419277640811715630412261430035190599534824544471622441831096953124402289756208368630454477670289066284242316155865464603765206
26.733500447671045338444126312028059513958096660221371834253333722479458579705078145777647036741721224336036734657766927901760011
28.082373087504624858116133678239964876366626103476932686732739387323150446155845923362736544714577487032966621784948426361020052
29.466053134659842124369286416712674007232432561417759010944362067375293835979955113733521001943775602259008184537503914293655302
30.884703349184785904114339516511347784833304225377530326914907418171104230369401258839749574526484242812712171675840822040165003
32.338491792776918742790872220637673764390680487385908717446320037788625286936563613390496989975644799275696729059129893865446397
33.827591949899762761336252921839928474221182048732061855306478711596742639068736292317640040364020520778165045268500466915486129
35.352182854296526725582475494946806014982196330725215490887685653377923598410275117102076567253380360973343840418167472465051992
36.912449221143390395581552804185096919212093853478410835649996959399936762773509453679085494678897419639368799452814969751554643
38.508581585099860302583778457637812014945926873281406144742035672150666980832118784275897805050521263506824388091510695838536032
40.140776444529291317237518546425733895469700525022247281559824844328126718663460226737475150490091684068083227209097627663160789
41.809236412179408435639795214240328850225270416222740583351126872516262899880845899594135392162988794163918796412286905501390528
43.514170372630547757705205579969232476323420092352797868165318225057855984667980272253852306830365107837099916278457914000056072
45.25579364683845685096234516770884242357572831018863792996364533845346601946070817461661590048182036591837491618691466760195679
47.034328164118953074538390277701547267446787916498091526332859060371710647689167076820384344083221629250089838057753277386371481
48.8500026419436436231154218310646334100205675855504263373509248888585941434554843582239691329615246672074714721977393959101601
50.703052773939382764037071129772474434129165382115557977852088455654915561229316831528592655023641196677725992617946884299081908
52.593721426509310834778036708543537041141569182988407089634533510489032147028443932524878075557862090557813072248608196144644888
54.522258844520329184176774230665356431601424200507505559850447400466070267562525156671651353428958229361307581924971211916640606
56.48892286653087210628911534542456363837435775880631413661381448961616163895759312768851955873484889708384692336885923949070372
58.493979150064012690977956845410734121869498155211088191499482145207420267896730409047988129021674098445067940990911912115345501
60.537701407464472813097399504317522502170060918434290088717765025973830347215519934322681294196095760696238096857142353408272604
62.620371652914205079076450963445941782664985320026577193092094017632579373823623107264528127272466806593487279491001069767111825
64.742280461220103816980070820809384571127500491444139165317604829081499231501209550360019067622469026577635463562719620390954027
66.903727239029333277126264336056559593331607268893088646568797623649160507535050062765990035086301823676176875763537709379567458
69.105020509173009579342390178188029396184928639598054733807752459570051991294718731410010559607003667485343987533830069690686061
71.346478208887842282501923531141799034204293685218673042536711999157405375134012588274973142964406404280640629091119231417418793
73.62842800271816689287407078820281849883895347158459019433138899758175059291185498097462875515783187556862351343412946737967617
75.951207610957951401867711039913348772144418756872867033254788611791512656875320728914059367067701050472232497475635529649421446
78.315165154554247507451075492139192732917098320627545351479680638798953207241433904146257124187954232053207166718848354690735123
80.720659517460633869312335425468759273731440451066434716162384541098672226396504127675425952563855320378012880286583737361417636
83.168060727501967080214109596825632930431452279263251917243036428049602408206531109221607446265412428622684159072386192720597206
85.657750356890773651981602896363484630964238187065546017461915235332754445783228040533503830821305566045111768524449848114922518
88.190121943621502791825738323997854939369448578034318579523016161648966040922415898354568582538777717792301381738707756780156128
90.765581435062304307878467120144251039307587055770652739340724673445328252613124886965073651054585507403147937488380564294742434
93.384547655165766287720562367522352276119962521860252492613123223857316425151986308768406763738991588327026825755353473179698397
96.047452796830999342369076711548345338740356809825835138511772561149704910663613767392480927949839437642478812240743124148790981
98.75474294107054418504164155970669711893121294290827327302301729410958517454826996749818914919054879062448504277881803913663546
101.50687860476787606514633874858993430328074458784837584772880598826820118881780231492547816319939211449285728081438122652222776
104.30433531895597999440066189052464859397418340792828103222801357299862135568470739673756047255024296044054437596976827710245591
107.14760423970591681232948234862554237381958120842627495035294590089103159480082375739533911296698061308333710339643716051269771
110.0371927938879988701741402024747683590071095681616283388386745809237091111354230375001297132675774595155585710033353250606764
112.97362536225884004578946470977610695972243001719673698848673694413100080111389518312353868173500634555083590223204700038591142
115.95744400253704641673805265658592933640108473568818576662627777209396337344802858191577700019492041090937185348750861347669453
118.98920921536082392313380352231972237724837769776401638478632140505829567316661254893669943127465739462732546305976951297234077
122.06950075627472979973620864182461748524134975237090742312473957549837516223704757251256715629554564352059197962370200830992927
125.19891849717293758297537105839081493514315405477567736413639989042182291535748328260134755811267084349365971755288829116758691
128.37808334093584066643064372229884270970548136532117619506782668571933003368006595889030620457867959822590583313261741742205519
131.60763819333912882653229925229962224870547572069671206027273831127342492912839545365397848411978124900832195069783422223754544
134.8882489966936649469706694436551521251469141769994151764420661767634081115120907343014851765390481837237928811807263091068606
138.22060583009515663704600680945927653818064963865162077130031532093241726195639497104342444624527899486502775712976412382121514
141.60542408163000134330936686342960782333680108354914920176153718226769032048139813414630320444309021659721871460451727847802831
145.04344569840377983853816885356108315478522221889716872554234837089364810046525982157066969993160468672002213385166581651758907
148.53544052083855386081447569340908856982969914226740219838083661907983717310149845222071074674690460166240134026702366290476009
152.08220770833228183179468552790078270464846956023134262806328476504720993094428816379102444691249940255864133301962587392290321
155.68457726409738571967108380178911157928729440334060725789076491284559596287247054518216626536889823781598267545258944697867554
159.34341166780625941844115105014246214838539112840276399653369652932576997930849266901982794396034801427804095611765941017692451
163.05960762558141597473203894292406564511599360072217248457357587869869607156774401596957556729673762462314039542752321157367061
166.83409794789106065202454998938418818358767448810234605197245748645740156309699856416985799553626960600680843612673850837970457
170.66785356706344742863244359317926832215687915036895442490432375338031861232374646339795542992635714824478857944768626105314006
174.56188570743440380659707964601194302595391889695267291788475257203119438045003662124891933760020064486891437841930565208661495
178.51724822261404206544552531397603988743933126936156971607909294716375029538199931336399228701484022326631003070854615778049254
182.53504011602683602167300879224191474057183199160586635432988139057266111563934150979733095901135125670334626850748800413437945
186.61640826277435016246661978739082183466923702287260427134778494334969189936928622356077331971226174919067839668477926943544028
190.76255035302776042547191267103089349010178826048112614458971357399679328988076253075945897498119944784869703301956539372396259
194.97471807962015314802198105107760203815403820224319428813447123546613796936877721395220601970581605434655746052661221519253855
199.25422059532644764333791751251797600688771774203729216229516105492881131613832143417255617406598089625586604418831843589658842
203.60242826855105551696912289907846873402056624979125067586490836253409151521316080464944626343039652626300845926638188953577561
208.02077676986083255092591167345060994623337415279359436288688337683840612268868598011216556748910165818980694623224404416266686
212.51077152608809406730754637121100290076567415392788467601073122161684661409398782486405154349711831034892022114954472466087075
217.07399258368693955206242828209900168276244815874397727715562423045068246262871843591041775453800571226542912067233577956707235
221.71209992877806239500805738940803836936178584241434263328580615162741950817075750235198854648856283853570774111228280409076708
226.4268393180102954937268078975680783810368889923177937521232219318301615335460602574576554838111751065720267756037830147579967
231.22004868218057491185363885515081888099233798688142837079429013578115008202131016478078590336330799267409437005255260713444436
236.0936651737061543225437138703539320316892568093201009350338497479913127776365077671983134815755312984285811764007068592097254
241.04973293980098931367348278128578198410527088468381216120618953345557692173001212927890321913566841920098681048744727253436394
246.09041171590071107493894326212289497575904331167402734707030519222338779021645023044512926180980780296987112717836638088083792
251.21798634891321602115563105537214880856341993190477460216270114962312378956946540269183669309218441787976757323970629249462355
256.4348773777481474476126074856964848841422865988713762729564959222573865514190231810598753059996792427128717625795581791248744
261.74365281992665483939252546551727434265104882582620336519427219602727831579903882320595925363198381726504354143471229891490749
267.14704133868082217285464006113995243022945942517106119452529777366181643464733983485724743958262558994258292812371770187555504
272.64794699581422202885212952137214866338867245655073763258798749689446327351131500880540696017447981922738895397172265058219136
278.24946583297292738839792911926354683763164270957274276627612908645712859257030617373786173416694522892591899107448011491569417
283.95490456948149961805266570610300219372268419541680981869133318419790693133572952455917936025156359304757724956806053759140322
289.76780176060292555860237887772073028300697814634140376881692119451406636960789473915424124523336321079604471641718803654480718
295.69195182866797844296554870450302925067885907342090872335083527822965097174733646668659854709920616000669072545587197181382563
301.73143246448764723549104772349433890944135947861775514964733369045150900138399155822041590720072973254212837582460245648989603
307.89063600241342386667585294204266065798534080139626748519595124816297405821787614377173628859053629781661659569421594423742985
314.17430550544501104116652653010042211064734651767346356211926509616050398514779919820890672359792143181427386667026010915592883
320.58757646506429923403281616534742570189851252327304292420788628580223142869601366585381850388909462807620616825788813663220544
327.13602523501917361646551572217294256288224654279438104068527859702685117209808889128296507205414300421052864624005131201682927
333.82572559412563564195836153134334489845270561490144683177471123811151679362762272374414994070458549438176645953781484614084611
340.66331519103598737043875971837660716728523472030267819133490977492373198506489757410705063021310999452515423742593262802903626
347.6560740927629995092172976336178936017534372031359708925976181544564121950781559759148203573156527841628705096416528529079731
354.81201827942502285168665382753891919222997718921613752309773204697753677117749136833094360529750060615520381548831182574404154
362.14001175871060142485303932188577972792930502978265258242464931369840255872442284847467912792847566389984479788848239668430381
369.64990209999599047333815735675638634739128483621255541649455913992349663192335117413391604558143869648044159290244136592746749
377.35268573543637088419635002925966079392560556417925337497556785927336523809713954433895160126132307389685167294742819815686552
385.26071153228198348193410795359944629079417315459745424501621974811382385985687927202261255946143933040191377548781387316097806
393.38793419584104734033787355772265007717319700383528554893419114965940133460301532361061996982609858544753002626753204088386602
401.75023346716108408131687474387309673292325827015163312993553038235562818819684062618546283409687619609953545331517463213096454
410.36582155533438355956303345802353162178909263859786361831167605808820830689921371897781360762878724043797420387422529915878802
419.25577097551445567467119169004688514080544587365425619695680766347375558704298282699835992947316476768910907596160436218153435
428.44470994952327340211353574539829440988182039646877301865362949720003281872187878768217688801859814726109456669389388890886083
437.96175625210836877300488891280985790067803718943927472156534623892944297532112547129217115964138215770540686728485052096111513
447.8417991560330084900457682424606332081778470125072101728877546166087178738303335597995754054854294908981814621204489327535726
458.12730482944536896979400094272175717345537705835183614137936362541680441554041636822647404726388148243665013037216923097268591
468.87093669559513807193798342432441120895316150852293679212866825301849397899565028237496981361153630600121252520647948482525487
480.1394981700474834088544574696372599743884883547903152353072651056361946102125523483128268581334861721814957230667675366447243
492.02013137668466049157586479683995690683194094547489366309040966993983494261645786278467802356701965910212463273129472430395892
504.6306111275663286424572630859146288133532442646034161765315394852321020192516943299744190586833967437102006561057048462136788
518.13768569750427907480499648217696508144611488753527579627255866421946027295891388156744222713548164725159590600858385451272159
532.79297927819914973993156864827338113511075590582046306253962036368856973409507609469896044238636930928290401782194456041965963
549.01330090230745618079366466093896214684020164638544445867216383221436866609184817480144350996216981535530846225757771033175959
567.60167746979164048726247352294356877511228534078692081613996826914448191881298379666478917775675144954727536974137163294258109
590.64253231630437248915113303645985424004180744825416169900077648638652258350913318454975335663014885043548779964413997114442831