0.011429277563853374694157297615396970130648023092706445979529845003481530958053736352488418210802251778535089708344778564029197275
0.060222118384724424802110567290158179314442988399574894608755719577644701265024256368320706756945458599183506342024627646437969673
0.14801208379438803230221232724523479271939659668394209797134184596847730880851788770472335811200038551863514292306909106185920209
0.27483221472140037492871808918025047405405904383878508696546335220213679663291596430540529258919555441799746248321046759085338043
0.44070447912207357382032315690790300604961849136784591655075824227986550892685663904366057434396524942087020079543188622178829609
0.64565507895413594102412018071157708671562756966957602917865445086360858350238069494380555619232622812958954033703496999847109666
0.8897159094927398928123844327407465581328290468106111412715041913477081162561652131283687677144245574571048124001571892630534165
1.1729248542662510046340252887506970692319260085008927638769111968407770209608138109896921113034549756224648117701460115615511452
1.4953258885694571975448868962892134840462650634058859806018883215109892021324608129046748902063384794986475233677227425847451515
1.8569691408049622804522237356451558605422482488745390025257326763680969078248546049838468161725752066100763167358046470147437993
2.2579109447806870855307750140028457414265295625640909253556762744009409820680516487201782843810774019686427927245337302180918701
2.6982138923356965839522315208676642476629067138837986572109860235502669311910049764657749777682993892311497708727108797342705257
3.1779468894817801652295640073571953744661222667201677093536971342189010772363107270050311473872175260877011838983219483318009577
3.6971852173395962600382112308919191676870934842119740610460587824649396508427446669513307784093671758084686445106421395503361439
4.2560105984820678855132439559099292921007288469665334264810545852726542427861961065627298314361492551709755491533977617919270264
4.8545112690449497402191652374244989020269500403783058427024241109894343558945496005262879713337527883000357948205902383606653307
5.4927820568649675226347784199370391669595169000814791327051433993299352497693158632185000487886246337390667283869183716581557762
6.1709244658686243577376215782063956497382738548391964157684820795778017795561926138090770175203860169638744765306488722336196597
6.8890467669248583913422292599239869908713835549683604965264631876497174355475499063808195101940024170869135448392996595859821124
7.6472640953778923324291455420741660151401671652582021311406375912994764194323901825357652644752363380585928005047396138157380052
8.4456985554865828767845909237618269022995865299414317300270559549278533025095598709049599418567273382241475804529053256722214254
9.2844793320104942429546682336111226295365002528013458120505270953950980511135796602239074606730698715542661389182237524928288894
10.163742809199438429613454150462076904699781771651738329944578845060602014402820059747359272302840355340957031294394952097723237
11.083632697461709792503033516857948076854825470322940282011722371078460145214261530460968613632212775919309767627445142352152311
12.044300168006409232948129318845335680268254439508668085068142074919678434106793293103399435632203224002786924350233565658467258
13.045903995777002677167064635399570589784393606116822895386224639292149771996201202640555294799740100935033084139544486456686201
14.088610711016589517984262298838221007379011389512678258286263600722162683721953300487227947455293349185976568844400117211206913
15.172594759830329119691867692931436536436007023555814672258715266001484343204560066392055822124392100789147539366018815826689518
16.298038674137186226339654455767331261789534188377134005852177561216848320579521650065949728815089171788555973469037847705248787
17.46513325143173646216523332029649434693367093978629036122142286500218983697954492020750045052795809498220571442974894695548459
18.674077744807371608883522016763302099437437811577068756007891804714793601344885477827645957378646228083788479225959767899945921
19.925080063725032581880109489534580974472567060114939262615466479441403518117577378387353619846912837489725085216940475164126905
21.218356986046768213982587788939924070984989708046919116484207877850477434973594929147358460455454683909147083187536212442172314
22.554134381891183558712463343722181758159471408888443364974723990726599057602783193604356560187983989873436383849341352899643824
23.932647449908438556025407487763808607720696240619360422161474473595636073846870177686739289939723712103950592111071114777274774
25.35414096661614726412387394761880698037599219645902637714547492732313572298206001954787550047729663553251543781801960872070474
26.818869549484597167147219498183857790293873649965531649976546335977092206814788537587673667156106048218278647281325772228534496
28.327097934510474924845091803966544510425981508351414886257889540208841016194110820375966414952894705321173143086021672231773569
29.87910126907310015854033578562893168756799170015676063274102239519622762271164965464499314962955957050159379535471400720609731
31.475165420926420321180856117680144302185647819154495231664002971141295434642047504666279823670933082259889965635735049443240371
33.115587304244136609934893750064548361926556827828021851913686883942444428464947460715901676381857523821657137024315741384119231
34.800675223704788800776240492404057171514736594978487241090451362585172898723030334613809723614558855019332955422013384588178642
36.530749237678953307217362314326422431085992367864078513247659027260544265579677041085888894895198710722469474865000238565212929
38.306141541662489504027521861338811901102930316347357511613405037215761599557547717418071476684148510502947574562562422314725498
40.127196873188655811680236255530884130434316427385843982645364238759245695960560236961497115958621553142069629171040572741129533
41.994272939548634466340127321482076708805422511762254150270302000860160996031245705625361601435711669305744042646208002813162628
43.907740869755360851474023041880737396388365089426107085255965776768129797281363261029780366493591875702006661446163425982193083
45.867985692300452350312523119854430864669080159317967011774427136844911258694541654744218443890948238967633301607387330648090831
47.875406840379481883924638154201253909115501837712424562377469962032779233689502934156594764470284636727878156795522005385212304
49.93041868639797211077704934360636054395446012989138469046699960192916721703366871406962790683881025015379379013135102770868427
52.033451107720563847819433569075304736487019175648866823456698259649361340526824399381435622312463062087079800816988690082773642
54.184950085790258091727517698340912728600655256627771126952491131891139259333402261230754060027857276831595494937706584054431942
56.385378340925043252964201745043015789850858637682635461284716484742926211431651498987569996117886415536927564939497195634721098
58.635216005297397477818037984154800466095069568765954555716874743877417919327794102701126263662157994085568075323797228715816096
60.934961336820129825030451326236238853060088337731159533683788577532833071607686810485015916649191514015113944442506987642510291
63.285131476902086230373203585245948627862103228057277038075421895136775617158093530361374884256651863731858224550744593895136834
65.686263255301990672374736698122068729242385504046144675281847487238544559261090994729528424719812770386685357785613581924640161
68.138914045601058741344317844444669809176180810633770664875831815036527693166866481716804372037455171176630466531507222622644944
70.643662675138347769288563800503415099038460349906286439045893302299882329639923118933843719300199289174972913203158290867880815
73.201110393610891092934660854371759702906917462541794589502248689303620990115611461473120124026329301262596307887179519021802994
75.811881904937829469589851782010654530297386710333171618536907949654789817231631949203190321099080760310910955802168753215944756
78.47662646742893804386545280366653613559532999091558398008429328269812571414801813249276952932879251719695778569527341476960722
81.196019067788800356954768530618947876252785659389202113229833301760947423362320051537140456770351564895644188127551111218896495
83.970761675034874260006041687871897958365317744368825178731996430587553781229400553691311056908096139556690604583309706049111867
86.801584581018261197043641040792715006713979912234666294374916134139357968207020658020121438951430063117288073294381693839468774
89.689247834918684007096393794066239910711356799826549884117608020633705871325450621900427996431832559206079108077860229826546707
92.634542779849864304052796547114239444396973392203959452837570099080633269763163849926071684430645257195532199090265298393226104
95.638293700569571571588181982197904988104607279546870160374503814963025025531768707504118096922596256054658082752860219940094697
98.701359592253303277801380929171076693690418762898600018794414434344954975349664108348643292025400451065162070486188237298446865
101.82463606137719062961034534809526837581789533211280741303618388985008214085684808660321998095182247299243520557957073866894149
105.0090573709821689334863570115052050894333645209380093954892938763645592967040625817410930453080640724238417889016084407459607
108.25559864397855108443404816600684218582507796865224172396986394109231399060662525053814055297989961049891713047980850937974471
111.56527823972229195565649796774241177514914026321128746705703414134187972532377717809231520502803451669895406893752480800663274
114.93916032088005491987170451191661421614959548964718740778214953273623185983798798899699139396893309100166029465742809518518135
118.3783576296333721273843451814425534288418141939004507895492534631768841496138835731071036534260148034561601921281939104394068
121.88403449459247802564678698140852514416651149247647826821730700112816490666140578893092802221373735647871930540781653132295178
125.45741009244484436327303681042416129670724131235564074420870131935626786816623326364494188315153097166704236976763966393755251
129.09976199140792748048536951347835487650203348047253358615836246404994984581455122026267645413832058017453982045237061402512775
132.81243000705671672380257364183243385059360002374661144931851438296212245777218923593449808547114378249623040363741127876161241
136.59682040513391003291814286668106020971543137611465030455192215188978081802269883064853991982556020647240224149302831907669609
140.454410490619379297143585047132104274086723078387197948818394551795738633394783902770071654096514888592451696369744102651124
144.38675362775092772922360131517332000708112847553548198663743604563605794966529260767929549266234849863174332404738217886657328
148.3954847419890481274016897928490148576488677722714035199429217831531229406987931116956053926749098675183778510385287685303484
152.48232636227295113389148669866708881302091113943345729129989677265255308703788880807144042782733333972341726596605689684190393
156.64909527052882167829708458872578381209351921552698666812196539608411472477300719745785789280440444336235479264139657381588186
160.89770983551525738659631223513562479215557671145148908769835264662802895650292435946781066911523543226933187754064185123083183
165.23019812003387762211990273286190625416661506097326947561815576976559465129205251974772533848929878821070863477756132400561278
169.64870686467643485296810344661569485936956978808944863841603381374443260419469270575703251325712806801143999751871048459982011
174.15551146809658719333735552390888871085761234887900989539313583272515070736780562991493730596994128747777665388743051646074095
178.75302710387508450818550802728247268549047861497801837233580601154678152897261785505454790349493157281847063132823284576480386
183.44382113813185745606429538791707472221845630030424598697884104503829356089719967299265541403999495983837915368511969472100284
188.23062704106132416259573069819948103164876047147413289971047310464195227934960131253440765872239808617267294150561405142465595
193.11636002071334607917163131219505756799946906282679496205343778928682503479696428825228978610388464369833426160268778595401729
198.10413465012525559762645930665737105345731682078834278416398011560222806824765143712330869474194570598120029857274932160646236
203.19728481127610078556487037697655730301894408742825670222295611110817957699037882835436183802012114514408114916083242394671475
208.39938634380195103220662138193200937927769331251131646419645212949771545751187653882170718232208344042045460560139720288562845
213.71428286626672703780991600636763338510106703518814871442010785715892936874534940437737504731659634254445511697582606012050605
219.1461153373464649983249200316755879990602382729085610539966835638834270841107934957783557268318721027275627397665948011751422
224.69935604928313594137219696137861322608938580199747907856087518530871970556635216780838557055290637755438536366852874324026072
230.37884790405724189683598936080694655594815476007086086234969261824179552188311628198826812616083721195678722486585202547142345
236.1898500242599148640319914269098543406416973378842329212432423040364743569154461064174388294810582799713227618105460450628657
242.1380910097242422491361628135328358226092660194312096444070667950149615938479829475216112334029753778536643116576258953322096
248.22983148705734127806746403693642218651594286429060318983907467680124281762137140690719273128476420966056839236664708280516737
254.47193803944051391752311871992103590307476227475709098414784941421452034032795689388265536445108521827416313388797929174316343
260.87197118677493646874580185739801109095441184868939959263607530302436637053764824249697891337949830892002399253488591463257147
267.43829086634148564866364315669216937486061377625585309692944369551334009200686597586058998596297814515440874210072191998168181
274.18018392137532041602444566353416932148385447235521069685886063800585678029772384354047044634759868285249404926294971450419398
281.10801955706634735283564132930585616827312288719873454815523535809100281028426696787728124742539638744723083286588191654209136
288.23344074731721867209877642282347036801704741897770160226412128070948297965778199010183709047604171249610111999869916103753072
295.56960244178302768736608453221426664456184074899865442122804137138419147636198496537007450454603395410793585798458724442990583
303.13147155427627137730715065120385306773873802337916217007424908338316185150786642913881869325421122429930988463290877444229305
310.93620978698994408385332425724732556344149225039516368826605472193152536823159104196842809467682034037277294133459950626587382
319.00366946991864789059486751820848602749647457543396064218495933707122327252793506766124306768099566180687103205034628233912374
327.35704664471268223721506688816295279770772219415185120154871918946359634836034148533312982024193520355223145021142060432230967
336.02375786279829571968838300709674140595817769812868209924472195298407021551948224235159272351502965483969718680076394945483551
345.0366435038807236927850065955135654180194773473088358022428099703918098926413718524328865983643370705008989134832730298785833
354.43566198582226997979186784598661943399091875808890925715343564431951089628451887305258754178064606333497752978167258845506783
364.27034806226423622285234616392704522183078076725060115866669200883193430315373574072734582528106808316941084965765402585219636
374.60351064425125572641208066204885632855645989462994519601924410838641007271844129317501168979165689240266007815373255157955183
385.5170447155920081375599412285343785128330137279697655225307254189136070708337733052125989636922061164924660578276737321092864
397.12157993346385425016696808865769136072442733193191535444457784906312395571714594932156617639429041616417392811673074072507207
409.57366585147561922012416128977437127162121874513989134149071210235539094278942987413551217339970814554304676931342206387821919
423.10940058755669999953169837393945776579718098239033617653874741742736573587170824553486493296144875208478998479540875223445553
438.11962543206936195389522362417444462717710781127607070096568168506622038027963305959972439633122516214380306167711098588857655
455.3567975088425447999510399403138824985442186913895514743197319410193983268737901360251876536079420728308916916493770639428011
476.7724363710230168192174722496672244868096329363465580747554614618690106240658194265497565091481599802709024733166022763223547