0.064267628744808908450266367134504904533123306539204357283266062538744978276265385983521280096910737018937919303236552910103392235
0.33896725481491102046885298434547623209394909157726261404720242795820549449393781487091586933999709434737049778773996419624298328
0.83458998544917840503245824784160882773710214866766317726771483451824715320608248136507139777466294616653290709071465503894131965
1.5537133867500260921738732328393720660398267051998803811905472703271191341882371703876064788119511665261047788759741766668068467
2.500006236736172435904400136972064807697262469707765616938708799480985985178385735680354027657987911572774449191982381003249915
3.6784203444636370269741438074645769595376383793015931988088372418452375052051140057414617408198121076113948899485121906982916682
5.0953490689687381499758058084850077220272773977233574331777319210133712460303729576291071045409156652512878506412038111531422795
6.7588355158135488138921762542893820980955800681240920843913269010304930356598409283447254421533550089867766569973115105396763234
8.6788533136784274578755988370830298101063454786933007057068104542892596900145153635824724332486048885573898502592351591995674312
10.86768689354057162698100754773627731024325221682707021038576811310440935029590340168333142525108809291642254394739952540653564
13.340451051495240572480006630831416088888054833195805210167534808107150372992872244065478320030222114117788338965478313241602449
16.11581133876631155961757196307000399690929120999238746873108702246563366800322959772121890627020187512435312093500867643989333
19.217003684901354279935792436867770840369740406739175595469074819216275677063267423208270096202948610790236599238489299699203555
22.67331660143459009100612540124430200489198304088895014194900149324106991789853239143899949446004170940238950580578943702225899
26.522319587637137939225741167174769834291908740491935406736143627296458534444676574809795360134007789876228792657089241609231556
30.813357944506558120378272334723483650085710612388819460484248600169999815363192708922430060614014062379681394750719512780191009
35.613335203196170034306287110702825918061181175338685824661290632323896124252645135495887378930370072991592236636015347481614591
41.016968598471685302146068309217643986964005000889818218011594407880994655864381819958005851444534846111784151581085771270431801
47.166757849153520459523477239200729875293728989423513393598398712949804851112904796597181982388484479956995481256604494251652009
54.297385256578884239447463292013353658912230389828228564057815274024084853295749562284586194228878538484481961999815658581495192
62.857096246299029238799941404776090188721997319645887146773851504764136084624747736413418445129917839483342032956571532255546444
73.995507008599498225404669485986309218498811018815603790162045071454421872535144763816160710471092442326134039174022788554321275