0.011339635298518611691893169631307185540188299422080698973652245512002145971306126248111340039396655843878008443015225962793461727
0.059749753435726620281348237057386933799579432097663134708408684582491469808607764238084365164766862167480732685322012494984408005
0.14685098690746167612388223687430354676411257967704111335246974524788916862478042909065344230020572791381211663583836074122219495
0.27267590735859553131378008278900199194136068260693740436859493367031180147692683651715469759790729505051008724757686414045437435
0.43724600644192665554577035869931668605304598108819597900123051385696533145871730247147160948306783677452983432104774978963902722
0.64058688222566929533576416399982430162260833898677924061077481776074086638420646236271909103543952279843997301939369352544598306
0.88272968639058364481487653650042242614569184818547009342551873687063545471893865400696935905900115998679317506286534450172139339
1.16371141601665376615605847009514693791236959191664631691772118043615619892361002176320502842037019739511558570586873775814591
1.4835750152834613891313584861011762465823980354960893745867813448142423758375459948291704353028934378858490536020818847229530991
1.8423694351613565380686320809853468910180478683469900980979311511180064785943448478955568041130003303384546886319720080886463819
2.2401496839579024244513315656522283871734260662507563404399798585573880877633288292488406130731008522047055096699698994345535294
2.676976878014130369216786996123786872374642765739733812820273029633225442973062204611017806754230360152169666816918480442040673
3.1529182957082825565771508308846246202854485412405036147997191263508410034942149542007317855622610092658099526530609919643479941
3.6680474360304752540226339926514714128995440442069216915842918521711904535768518124429473133568496952571939946284663673589678482
4.2224440823301888455977876667425213458653229968896153272252283357644844178787724670237593256871663576297377569880873318348115948
4.8161943715870502475665535087285540466533815280550350995604019868909075491460692739369768918974811638596857158183163841150881111
5.4493908694559416755862178908416072314792570087956286572132357483551079290146997511435315938663447926473328224169301871431639
6.1221326512997254193944584763154604863047048095978429861038147648745573137985417178201999095281251642722344974263224605915736488
6.8345253894122668112237994973336054831602858171645497698961735626343244144079006405534308454400051952159191828901887710212228771
7.5866814466367472174205986836846594009018929682273776773790718204696810652831236249804259500772968530297367870449746773173739891
8.3787199765932725254842120659452284241288683014959432291490961623627269832085096184319444791884186051384110494774605639247273346
9.2107670307426558777922506102445132427703567861309020186221390385562927612360764890479530302215512974407093265969550902659763058
10.082955672528643809166439353646654604336349546638081759062349310841461363560513976303209367453240251547814333857556533389456852
10.995426098858125429803147358780433865424197128534441122877768006967543325867390016674526201237335171534526337993194931673259774
11.948325769197725997610605127856575558969639156629979960846394452704831990081769670005570478778750766828373374263894907126367845
12.941809542585531053723381098191768189202684434763636799184164118648283131650171410920920612678322823916603117359446548196690473
13.976039822878506520014405668678639649041527053541584999216781554820098289575449552531383695138156661644418442959668655747804945
15.051186712579523631574796365434965051265148762596291154734326313734405649291843399674570681903640428689058841586457729372109118
16.167428175612852922977395051768134035773780664506869365467609233519096150894522778916340711421400442073296260898267920801100833
17.324950209443673446561163712615584886505314267264618017807761441323914852234840042012280897605750444047996257555177351792861621
18.523947026965688560811711309348818417375863343733082520632436588882617018305081288919473283800271063340261151856239693818207546
19.76462124861150410407166938688394772074647290490002921124494145605553653834677404006772494246683153106896740148033163414105654
21.047184105173183606877044020053968093540924650041035526039536562492577433463488534868828229579675762472908952312946157881912942
22.371855651855542817648123918101002858258639446059898327040571931013629486241915844606417813650360854395617986425436176294967465
23.738864994122497183652313788711605806906200993487220231727906088531110674362452062618028515600018111664468962526173296197768824
25.148450525937368234077278385644442807852322875652442470149743689804481215379568656431646862332531150526546445662467987492843553
26.600860181041749607253384279754997820635050128947616134935247398062600693108905485384217199014739082572181680685729552473849406
28.096351697964619201753961292129178291012024071340220410110481293725676589072671979296783253603080856414551129988426903984093816
29.635192899504178910610227138641721076370527310306396549640316944885506434038989694276203142707415144633534826104372044270575448
31.217661987479759144214467152614789085138614627100388521026573418668822665908173756064289811236175063786597759362591473446784229
32.844047853610430460522951341338417472821826153399996318523256395650480949301726639053769630101243658844696017274659362392170987
34.51465040744114914910563594742232766773551046150779755936030281528319091607284028268956129634312249163547246009890951613277034
36.229780922306804019615388508885316295398106347115667690258956910320251131808610639440427197889225776923180568952357842834097226
37.989762400399956435968780140277593244905469904235852581605404671542006697220146434184222525755961092200495183389827909144066822
39.794929958089961778396437141707065559245744924466183726805581296255407067620474634237789313890660037881300961355927901576791155
41.645631232730180705153990897484007482020366000153178229745938275453977717094298938247324631618721078077325522788520198230254369
43.542226812286859549950892993821625265416671668497840662367516796139116718009452637134131969254892687036780698218236398935115134
45.485090689228791137996151336673017765453928212707330860956041530813585580042159192052521905888347164183175686891315908092968891
47.474610740231964719468766599145907707223831302472223537058177994618842108818741123230329330431083790440270197436429270202757075
49.511189233379087716728884584380902181080862327587239820869870025630499796384725853214627075578413568296395326772381409577290377
51.595243364671244443182771266934147399419729304365860546466055632952992283322882892179842520355626930677618167381976108022458519
53.727205825819316758288140069144691942458111190533574190147347398517109022200632312733365732329626148037363510486640099529653298
55.907525405447553305830605991732180177589922883980514937119300272925070183467239689881293314249792939196464879274573261672405696
58.136667626022439197077526025659541366427676132797192068786441222342304431040993517554283565185061392996815696560064898533187181
60.415115419018590295707192053804752756199461471243986635065689584511064987367926463490663109008983945390949611648118455249424306
62.743369841051809700207126742684800896922402250865453886450601238139223830553030167178778166668726533467877002610770819872561439
65.121950833949996311956025417139205779856995661136162136037532649303229778618783191201488425548850628449046476133326689307586873
67.551398031997886314411872443148883182788021348339503111204614280819203109902071761713797965919130728468546166748745784334709772
70.03227161988458451122987119203014792864630913827240249989689710072226332109475314877388362981142963169076303799451653862519078
72.56515324520684909088866941680137277178203577827074428873891677108297867791181392565540163604839075981928372258123427002907381
75.150646989739935299354362325096382814775984869723664656994022074016904523674781339222786371327684655410829438931406101504365829
77.789380404085816000647405462136031243990617760735861311406189066487217571870030225350965329765941067292134718082266613770664847
80.482005610750729205803962926758141965107000671721091402967410815874585006406798535523314227267709677251970622238412794077097065
83.229200481195914886796120019047823778136518078892989988692559707675646491531769324891724495781496793758907307414158274517799692
86.031669892953582966798238732643420213095455913419985205511333968979743771749388337154750540154037140813218360982603563412973065
88.890147073512051099652518544281770958499748113633733672256000454295835770840946602704108784089191667376684507377877120773337875
91.80539503835817799497125017049896611498530584505002691005542897753870522126923030178260446750677418404343867621552529047522812
94.778208131331583205387031034825393359454413583853696118274143371983001895503993481789285865406356295052038369265455630632101373
97.809413676305116411054110115424022692918649509553043086332102352622011900379047732496108717048374852550977219056777410826266067
100.89987375017285940371939762171826396923127162687294286843123666810622924642927318876313745939365186677259614410371797619729117
104.05048708821598934704076845021770034201550757894184020209410708043500111755141116713363816676034087449649146955477222342119052
107.26219113414600428423116401414233424287441692220066132580923144523664110494874039036166266309867514409943669947913036268985194
110.53596424851500530602771351276924184709035720853071139614273679344535239602688912911698849550175026065706705621339836769199327
113.87282809075839485348376187652073345176671404431359423590662227789822604121447271145698588046456976773618754146319340182927041
117.27385019192517774095477886379252438877423034761661370996561479996810621946387771790169107875105790857495378299790631920015391
120.74014673718880106173978002719172943286861678404293435707263807190874030738227686466717589637315562229483978373336716127329017
124.27288557955698354259506446927771932200866300468864764771716496880317892190377125565778123881427718361827335891291937984481284
127.87328950885942645093841745424888731350702756290691474519927418093929075850577741937774386541784505031476486330689302680473393
131.54263980314366921809377742137070560953908305668126552803199693067073042162395336727674936412003867953351927089712393028772426
135.28228009311836970132738106368714957842852976889913680579567070043518377229483099532576864124943459960050290408331853240723446
139.09362057432970013964422086977249049776710039460305021313878918779608950516382297433749023867959862706546353249563211575392346
142.97814260643601776808227753573881366760566892891362726071741771078929392787373539153778444725961334962224584475180537027449024
146.93740374437366549441080969072347712452087356612870825366736376932101811191084062719938641809261244333966904211366452251674414
150.97304325252187127492511437460390230854412104674314313150260119124015804973467298729597302810387691852432158811735334077529204
155.08678816034612572229641420609301219818424927950973185030790266718656621893129229760882973978357952816798729857903448825808285
159.28045992663288235401956989889016833540141420064993353908929587772546948428642993052156306687919346951943569172136204834962728
163.5559817895757110401596718205273969200647976970604280747884043687085005716577042926246925651369279774849310370270745397131701
167.91538689194360134245547184721259492913047514012282231250443882071510984333014888468240127718662099667092679248625902312376386
172.36082728473812536838156191680792447209303332617734421325458676542979420637397616545914114051867196000319074924204070436631689
176.89458392960192176311674993508409310576654446208034885164776704016628632632450965201612090095416382812558433409610041006204628
181.51907784036813069227528834025099697794679232246808075734813334447836791683407002839479137659653516001167175769972217694825126
186.23688252828112373861202530357474640647556022987476686407060819275262966008874747070336171192528966803167837941106580193271933
191.05073794450929196790836610788855372212180933930040781742457859941036276014860412485226815928263924948988772100301213586859563
195.96356614879879837839002542988365763691612302085951782928373730101988941403010957158238563031674177588376034910535085577439799
200.97848897600025153696475526129761676129321154833897759690696266091861957853058841884133689125180035999344189593538311716493349
206.0988480246887111212728304275297349598263052239911797814554846642724009542687894350100303326090673785350522836449783441700747
211.32822735671655260572377256981347260749885163564569771421918506419926343892607639173166637308968953619982848801802683774170719
216.67047937658230323477089465777448274392494810323419716008038553274237377104049401235946091635649123787649495285781163535055332
222.12975445929687246267304963754225796458384522935099683544716218636920284843398774560943031362402879726332008847424184649279205
227.71053502072232419089132431317189096361298844157135732693138641949862121738958194107927590363446345639101841573622500348918095
233.4176748828260245336777532256259256124963805094945989858983445698072954650902304227838728240667047698156744082812075883990002
239.25644498830308620018749667088715813457439530122729288362997899429848530984706331753295492032666507794487839718443345958976975
245.23258677871567172531254018983886969670929996698881811061714636050349380045698848925712023635504287594196277325135928593478178
251.35237488718128030005500991754465625835718078647671134130686091833446418201081359162846449094568565489026237677514887422209053
257.62269123792061413076191882312760823887169880621543523711768096533019680419566170320171459258420723205463884515668918139613105
264.05111322908240551754377241830652671105163120743850082987574681358746655187619957970407983568364668153872540962085641484076882
270.64601945722796749299111718605941449734743754822110845480359180875873854788304568034558871845764313497126957963051442443668563
277.41671750163651071798388218104419366225731273054920387239813655553816217922749101637273461739131854149109640725131416709591217
284.3735997422087032667440287312014555254112719492313881953834425208810603831690316470020130552403314697894823961874148663686687
291.52833521346495719581282021649761456245359520623577480190250816186300206195675850154486329419021568411093487490048732066650636
298.89410837028248600878895615414373807920124683104868441264654732788323982444265725683564344423974938720536511172657247549940511
306.48591978262611320418112423947172090404180586857125503091920053608165082238023889773772817876444609557883284380453087564100105
314.32096986471177487400007507614639340278935584971580241706850021367765394444671526030625140254726750958702612323086982163677308
322.41915589128679683349440361344042113711179008687271837036464386977091210507291788894833444035661890612218762968974372854365927
330.8037266380240565193384733487829814073291850450105795232584936193727492839385459120099171341603407766138624105847145344127172
339.50216127832433747735367595957742135072322597388156699224852962598257759768656934026315633310405314169311424198851698747041482
348.54737559472697355480761787441464444001879625435949782750867030045492633415991465457086983616132639292465589601149353161510591
357.97942028029845454049007443089960075950640988670658609989383395385363942274223025989281497013228053906293157412366043419005121
367.84794520076004578858341422871065054129913776893489973575028964480161749936656246656812495869150143494656932389106735926570918
378.21590623135532818332979188889070447434846031831195080129163810104713470716133912279959825924648495713647261861350915109902116
389.16539141251004101579475325153206641921120887543407555185668481625260536119524123540798577656125933308797149523485623420044892
400.80729331451702589996361286427377717606562231104384143018080745978585284971048161652675025406090842560641867567780531818024595
413.29853681779384418008260081858665090712518053289559585377363564672476003438151823353821242820711616337103212487157307062551598
426.87579153663675538288509017050606705773384280618243954338054386366050625549884989895610644663943352313067444849238403320606118
441.93085485310841412460309271842372280749039415914548780682757331828946345903553047640173516807526826076575444497856057884998249
459.21804639888429981971267313224119210890031783130513625409449216451965551903922449610838872845477341362363137231549492469924228
480.69378263388373859704269229303997042210219207998613502951494048868317890536077514606783931652787464040577818443930833061418704