0.015299568795966953142760653571234199932946530260443210303177169210789237651511581091432083083835567924672718956227782470901595895
0.080617160167167665335043733639336483274859878461982797446426925287192976721315271207270897725728224624789783151438131928325086795
0.19814747380047886327660320757074895103160630746571100662917910015515449294631596513012523906822782749521449044249622631197260099
0.36794911827864265194412668776036658050426497738428987991604573077798078912702816455845815905759549676458111142745463889094700602
0.59007231572706448274623689220734790765868678710808320543166521258435534989224631324159677712580543817595332548449117235614149378
0.86457944148473715125860323454134529212580303202992117415474878269810606227412093484821963030902706503969332749844377377475169339
1.1915470426421108002995682248306780898999642107988186638688477794853525375337883288267821338261988186678067634447301443543260678
1.5710663137953294727670355858871618802181251133580118476664346611783801327629743887799091645853814742001523575115731776395896294
2.0032433327948527068862991581829311245853462431513111362024963047360694675463194953781904092474268323314407833151743535379689106
2.4881992567141563736336116773495104308757413255239436153983693718705335933974557137461663165430611416879745434197491027662718893
3.0260705228986256163565738487993384874189195526054359473576489303950570520022563787648770253964229273377179371047150850889326928
3.6170090682371453918716484541977301381197242179535123507696249531486351785511682725775183674921111874874658066055786524064654547
4.261182571606550884238373727789269974981971001827202342014801147731608237947910569597288610025275511421991136233599617728003361
4.9587747219762079354765846826703349241315651372604363548910066437735620320398898425609229809022237434950940539646841192419673726
5.7099855138664046228354421133390587802279622741542615882732764109520420795261380004172934927699957232587884181698872069343055045
6.5150315716209193061493606412796863717362884555141731271640841255122337075024860495800848627155834088580205364192743807093092327
7.3741465039338419529762498356441365880727922641505716876628157906369862891518961876847478307984648857015026095477285058020294059
8.2875812901426511072107718962757125003648886043061053992429474549786801182693046800921697993817531798799348301279064142883901873
9.255604699918236048566673360212905447472768707586697244609361437019747294034657298390390481375437061107328790084590618293263976
10.278503748130111500470957604038210433779729907018512811728431154607322102782023331962860943360816858472858497084635381189900861
11.356584186834563180618646365314445967145690867102793761970053167302204769850468505381559052409710432570453609063524715657021483
12.490171036522667720071673790642419027970288119978521724252230835843479415926115942224855585809520288530844000493055742361108258
13.679609158974057017664174474739729574858036789590558716071359853854831351811861828200446122100770412068074326912625638086880093
14.925263874292133323788951542152995603788483368937121756843674815510590745606389639286575554463309961022762179143192967522784496
16.227521624949109713890340489781227419691170314200853956320602012959174493700634806383803162997229828025794730628065273354715181
17.586790689947222097283551163024412760680743512407432769708432018977157175074159535520497179461618461815286096364901953910400338
19.003501952508690118369078318493288877046698897065353868158814932143584838784602009129254527706105062890442717483573985709345993
20.478109725044937226282721637327163414551643834981492594183296815003248208503537140718793421338796322070977578663020679723359589
22.011092635529178122333203096011946046497949776312688467053636995951710471797256375624070909210543513253561532082136034811310653
23.60295457981029007566059548395835818974039989192031604300028406079086633721266274399272242954368077322691602533833807081780557
25.254225744865111686950042091981685062729605451861418849565002372666198864502813078977828606954444787527323060365078917154974142
26.965463708496930963457987350843028436455445748223145608435574415360708049761636185075441177759879043233714735279506489618666625
28.737254621556792270437737557198775617307763749952420363534438911034646971056175850586838920083086339200560023046300872254008655
30.570214479399258823739353040969108196776398202284097462291150513822509866306354731947542260985267792900635533149272983018956856
32.46499048999450967342473878253138312536344752696481905888589393571699247172196014958098151584930070739102636603951258181395397
34.422262546914636770967238697175041452198629698251881256777302187810575204849341080989569441694168984736169816220014165497913262
36.442744816305909162887483612476733915616837222929549148603582255354902894294722207323045869975439308414706131623083886498235398
38.527187447964716011794426719215981046604240114878962814530505259648229062037048438130424660083934456050885848408729540353247766
40.676378421769330326865600867117806404443056358406144014319199447581836753256738115032826378977617129900084007395179259559517354
42.891145542001735536506980630126915061257704244755332054057561464200476504164210190775588867746785491029386387925941604844287518
45.172358593545971066040082838987991298329292225493458480895039397192872571490604115962207392921980663147879025438869843733142714
47.520931675598109621730054808780980846538818105408856852143810900016865021958072606107404539685244389646741771513412138399213393
49.937825730399051911019855005127583439687701288861493860771193146475496405147387713144673083062521311373479479833049194394798924
52.424051286641359911112665062510773214471296515502580208545242440583650914336786560993490412696943539949959310939355162463725729
54.980671439648598741811183147217124450786455843132566728411853528785341324812044633422042737838928174648283687097389460119721963
57.608805093231467834700523227902011108942341889656073509721291779951462192646149761371240022546164252484466853381564909263096686
60.309630491350534491130820222777647961074914921012113850071558214494238965868483149236770203122445908100698289405722324799715195
63.084389071433731133532655496274609663849457686768849193718330270637173812007627746390519893613104856227560501796862531151178684
65.934389675495606093593878833037482112217763473889323805457372395817903231273195198137480537956118755327550203366811861974965448
68.86101316019015136658031305072662803723129956382672839047238218562775055006848719319811266724320494751757220736015253296339963
71.8657174527273774927204173836976825697178718817063610670924135806637518384707496687424812413363845812566047741971787164414006
74.950043106350348881298193630646153894425400787830961481254515405484355062684926549098338209602311123184986127332775724672261683
78.115619416992560002747827060195871256821420261438925548747760187868604085744229397726420492566813720548412553352766430294488032
81.36417117204584947447263236694467103352807106383139068670385987633890087214799195244740405986125654544973436040705240796883
84.697526113149818064125305418345093261131805570317766911462321495012918610050451476393769061994020444452813139156589669486827705
88.1176232079147460576129782444605420433140223709227982301340617026490747821381562604665793362010526743788923585347708948284834
91.626521840945356583889034019853310747718877791418411426441276012026691922560536579082726506677161666210903418672023367574089517
95.226412052983843619704354489067862393817892415556834351122150607857033732242250641481123936437168873765203468919302080050450278
98.919625979116329928003857190972610253266536161354574579571657759765888140477532831974823607016139848231597821343408507391828232
102.70865066364366257453307333812026145943548674685428727033723671673995201348372129438321519904539258762774860741569043637785497
106.5961424614917084451591102441577677629611384258179236271023330296213780723373966030814994213284452934024500151519842775262369
110.58494327531540017691932414056645459332541443945627301097810598093548025614936468658999375478825247517221871431079603179251198
114.67809892551793822332052694364243462679709132856144327595426852758922543887634475761091537636065283682554898321440288866933109
118.87888000957008269024064471181592582973997591854821698705795052632085531950636302650625950008148027498281712082811355339340214
123.1908056802846589242745068053260639021109783598427803539041081872823411093125980811565760929974830781330562867677927999760056
127.61767086403507290039873742205724749771922581217313091474646749977626975031047544584053403969489223267646419192204247108624883
132.16357755454844857323945966538995186529920296402174272076938846748856543946618210679359309830094439410543793257529606139780886
136.83297096286775391710636434334782109623680252250282803476108340035426514061889214356760235920124017697730674970375030891736241
141.63068148883202473180084044133282473583698239029572472343013117548910588517196381807020749682791964778187380217076510938152996
146.56197371688342205663507594521859366493448546216579026079189595337156377224245698263911450572788812842626058566383045604029633
151.63260394697827721121684345589836074232958282252021611317225629595808754152486990752211251700071478795631285118782587170616751
156.84888817468919918642672367532546524480972604693615004021312093950059720674492027572784632826748927401002195610966045389802022
162.21778296830926380145011879253850716912618230018548208285085263943099254657720032015478872890928595486126728322626839261573483
167.74698240511527878987107330946245182419881919654734591561602174741179566440984145825074479147690027439609065447578701633535481
173.44503519684824187442656538572083272119617760193927039969324464169709336120725775273343199918728462553379183993830544776152089
179.32148746356400296008394228376164173833710016097639074047521596265265087365333744300876427693767127131213780129619818875647944
185.38705846692634957061083547375915787147220211022819152285826817888955151894987627527465321767334166798258677823336030814751251
191.6538592361016194035189740882849574422636826202333538181133914550637545790703124663321122508437929868320386105506577006074741
198.13566779813839977704318720034116939498058237949826455420450528903696310816776559016503896486570115745362614469509912752875554
204.84828027797685191405315221621111511024991730924464585168906151287635147292510013531088514294243297303346070007461857441608735
211.80996547450765020769290140054835850703225209657811538318957401093451387258660363251059459417114386121572452498832303135006608
219.04206335885971403398370973492934617693332878124087533059858072936825849088453161080536077451281648294222750976394004268935244
226.56978826048032721672506271179191262775740935464907048942302649339069697023889011473418723447203780032770625432394907302902159
234.42333069452313214362184844700864769207076252301178690245842803249581827180704810024841590457923110844166346346342953750203113
242.63940799816824156474558222616048597349277242083052603171095440998741664051371863848589946992983620001464397372026761650216508
251.26351328049467229622673101215102869819217387439940964916289948526755815634310076724598507503050001073032515174433748329182481
260.35329673960590857419007762285727692244159558585357933120071793826646962219518906407486327474094569691246766774504794628163247
269.98387750231470207883770718348828203578346497464049922991495283441246168412925121815388540106075291860300553036956144070176566
280.25665747242742780842215622223731705564235191517150751700720594105600563242597873168756829125758140277754274312926594929440547
291.31501122747402066572488037825387521182018724885026511600590069738453849523830789058840271509035233945419812374948471123956167
303.37497086238437589970562462849610712650941553467851749899171133627760736766572724545117858092881137211443253739889793005824306
316.79379569509816471843694914918140404024796267026858742933347735064702667889370682020921040803027209051372946583921184932806065
332.25849160014252667304012329302495832718337518503826104978827115931391823486554506012694619526143947656757112755704638319750412
351.54838321590768483005388367919587393752276287938514798046331520818718259350100117626103422615452539420631843902649992294879446