0.012517792492048479944627839110501907227726296493097512948480379007603745334826100811566130858675826284756127591851217724235596273
0.065958046154536740066141222865694493137571746339124481423305211663295045818077955501160021102731685821554461067528580383072769685
0.16211154339413915604719585698918401422577458281817451651848448443039903659034820725861404826392906587047824445658647770479883025
0.3010174349618378938334418747602737672974657743309488963488455121407602907684417620798775885723271246651682205525313621905260151
0.48270406835234446568875674847980409224136453654516166089067709878340009956719266051046527347682084179702252677253343596317603807
0.70720576058517031949230562947303503285320288841005906159643545290511644240403711721203470111495051514278636918724458927599230085
0.97456440703573698282595219993632191799270414269922949350599286630806909379134488617651524751106160203036898557637072105666085528
1.284829817543820108554702649355582448570449101314205585632385591604949755937822224621492857557201761954397769973500364343189209
1.6380598454626766018536433561197903997656604072154788241963093554991850152574245746766533530083928960368648413993173568432234531
2.0343204731675547544011432538866686080455757453151944298009547357587000031727628954972685679125773890386896392698447218480514542
2.4736858903697441618608067520720918624011170107095509871541121309662341923960396537059282944332654738116072156058896414232821097
2.9562385755739717262091181751457812948024604796162390745844930638632382666486277891816387303188085493532949465252680974285395322
3.4820693842533154252779568228420142787615756218075858700802563262110673905191225959489834758368412840334636923128340118909241613
4.0512776452360722983511723881637395547683538179880426560471784737511274866148034219617206500668998448118483703635294103373499986
4.6639712660806471099154956962494269467263452931372746764624531362256337655530968689934270614387769362199256576984322776148777495
5.3202668479494979062758621638851051880265307103504167631604937706961938592242504081048593862194860476747293194420977242303365121
6.0202898103966754176235172000749487036198179478804263200926610486472474689739322793829021994385508078166155890159328996473467096
6.7641745264559057946485970687035055902992591756364229788145313035440077835967099376604257415754528549634995995153342758475948524
7.5520644684194444075184525326199416127618806314880786904269250175119521035298930655159435199405493160599192350138091248923770719
8.3841123647164775161216910957907259765278302761051645251420136753634212014417145551640569978143671157221189556204463847869980961
9.2604803683269214879797247768875104225323668643163365923592025403478735663718115282186733082058921566651437344730816600198547088
10.181340237199048114672517227145284037414532215082996602973075246783043162720101346861513725845204642497514719703911610375107939
11.146873527176101425438243789114115865158788087977453020992235273700315825085874812418403726468481868848645834582359562204162594
12.157271797977410283718508995638817623268142715310352592055303533858246281752776137159443092335274869186942827353132747204338361
13.212736832823285423786009037381576449394139524277700341894187464721553128011100376452482862783507410088221183674817400255892099
14.313480872340279334374999253357916558299475956109054671725816210415946061169163717310935533424791970560690006732732732053238644
15.459726863434371124435292961767652534190939512742694435807199894387723332089242654923640313846208435288255575769011255316643834
16.651708723874590912182774053182347670694755075281238504462880397648598964063302431507023647707009159142774947376897137376824344
17.889671623388859904172587151479553554687165892740287650718957478411759220064243554300492768043432146632261246179162159911594284
19.173872282137790893446510307954440906020994709771460374499389218679287936615190942008683326156769477382342116310284140651034298
20.504579287501321987174836518783526888774644506598246545040928230307981979737673982166930958007712305395160274041166896410101795
21.882073430187852864747983249789356455081614504905414454645942594739342432160044411228944797601336252312052404747824249888433266
23.306648060756586858524106986494177357747337782085641541664805336028078903265012893395997456060551092687148602616555419588501355
24.778609467731688641827262993042531820449419098993287348665529470355048017790482610129579623872393821159214959755272457990785148
26.298277278582354452025477043642874309168148126148829528249056233197002865665730512432918268882854392213916172097284810222489905
27.865984884946749563278273882611796163875167178082726845347796556693526889741568995658863157438989697277903413122893931909285233
29.482079893590878179787478127461852829626620007884204700441853261016834782464578442720704211916135368974742061654500162373669361
31.146924604716799919780017262005194538386219546954142743109565437834692604539937985580000565700514319263675009110788515875920644
32.860896519369297956348716493008844286231762482801408163378117881455818693134005683496836211976489160814611077492212504026826959
34.62438887783737320904912752958589483090732952058260903464242203935077880239751845968246396293058863407852519332840725016978722
36.437811231108174542512129608441143565126959610554364980796270306640052444985952571108760766089493544524717682371090583258972868
38.301590047607736641283197277841683416362814840368775761421161553752266734851461943522737394938123041451519164571632641412260846
40.216169357656941181043299565085878521684970375120151865342693466391119184620193205482449963225165531514700978561056804656822167
42.182011438284423172204636909658485005990457756739779161682911265554714358159815358859869816603726415465202634075622388862866664
44.199597541272949156977573866363838449017763875072880161031510795176570365580639917597581856578479875188485764880389887748418625
46.269428667574627066901123880917602287700724829457655856769220625185738410168327696626246086194297557981224020121581657112287605
48.392026391516035702902746717174355541167874014548989376095117414850961454119582528822139355549740377452736711747232957505252572
50.567933738530239184099746845660392589623966966648280320132784787178188375688501540151502472689415721651714330487280002635432062
52.797716120502379014531214424438782616239226187457841456615949493451065985832704505816671966992493921821619285579199873650656325
55.081962333203329818781258447974789718112993088041883965897811717692108519981588662489992631593459004946625055098426126549035918
57.421285620716576844888045002722409598306828527177741589461576177076066338880927491591631858200192916984152954775774789377473874
59.816324812242527953140485365076099011259669759840954600287153447789592335655166929236549881184938607297236490950418473326495021
62.267745537198217192691642256662675650885523858971301750042941288564717237609410682518708960403236311412193996432082099116003273
64.776241525126033734238899997857538284542056890870277569629158438727096344124425543835192449126581622973207249542180931955086562
67.342535997591053004442823192742979734543556617091748412035927956032259485437172017621177819470802908919228691866853161473238742
69.967383159992367497147064773546994640026578621991532548606851968778905201368467648704766067411498243822173776306824644348733965
72.651569802050621611712852613424906450147463998618368930167354290250248770247969296840970823922348289794252001528397891078573267
75.395917016674617286871191287486655851822547165114758703534768348108950863876566802264415479651120628550397921847530156873703139
78.20128204796931969631173902664991748378803341779674564043265148548356300021594321591832059584139799884654230088638510445312932
81.068560280343252060406288079465953159945404174270442545546821564152673151771412305860128359925026666991599346891180267456317767
83.99868738202542971465183648512664987345434445801841768808901675958697036265560428911747185933140654685130945884503848603631488
86.992641617834404854262226551713689000806759865816821247838460003565777703940698116702475921040680761230421044328605072572838579
90.051446347782552249928874006558536563341825168594421238688573446931654555142195635519693881922781261727913636659381727306214129
93.176172730080224791054436242136629511361586972914525656138140404075759439894703564125413095138427501409341078460841933162856829
96.367942649365555449814665926406934007070115233127919414203814652538729623075746327243021370271096044695111555736609402922587796
99.627931893572298246040581989549509447965598471562748063591452050492143495827781253891044113769711458161716818671958519774987816
102.95737360581458977708984089283211380103087660532773450024565443561577869737762116486999009606036839684687396545078214080231521
106.35756204107868462712381625492671883528459988338791965879684114131778647817356720883819497026211846496238046915044968948816725
109.82985666144503861482887827630041650995650358485062707616457902851534387005683099520181840659988472191895282160404360663133959
113.3756866081125032772633073818591972542798145841215618638000162684550804358753798157743624117014881988642934341218348742000262
116.99655559377171775190609999872931287011861148310142521236900516464466707151336284631705217171389696695973721794576352301668716
120.69404726501222514262049289192844345809401345448735381090214839696960311084776876709935918068188058239035766467606929408189319
124.46983109161141493441645398825456260674434693951454194347612513323939467301897001550139774893888529477478385938760604808023996
128.32566884794291970499248907827018193859430468922545906103885766474352522199945159563788921372680197087087928372742594805385367
132.26342176160206303829804880965541977127981091014323733369540387297714510945541002040072968540817773795328533512551944695354557
136.28505841597686478296276210524457395615800288434839473044139484296174321507182400235981223748984923919493517851384374056104556
140.39266350726604250219352100822873455637382372657173267303407926650554980087393108454112950036778541205071152613421408878178359
144.58844757282091725358033089353023625270220347574361085587629708209837410485602137058750530882291297064885119490602853542246816
148.87475782724059611247960252953343752080962614697111533163251638166139502962279794908901906712198860978387862421157673291916344
153.25409026609975837823313288911581823350389073787355338344566878205567813472585414498863494541505192272815231495893045448507144
157.72910322544463861267498937753098481119221279625556703945906827298795392123354374061840135355845681739047292507239168083733113
162.30263261940864238202003988018114610702662723594438067131142777116538652757705332166920704994352824066212747692952572384343217
166.9777091199471727314552813966540848293725859450190793131023610103092812893197548614348853122393958111509659415480400793731588
171.7575775936649216282103204138248781630197660663842450691669140891196807713319089701870462983288781297526126214921423796295764
176.6457191734590823142690917977210261229813951735184597300875800080770277430935492805735007513909768951974109239793797297916793
181.64587642042542485660220655226354986440357027803359916716514697841624590311517092916537303486453847425702776361046799951181174
186.76208212837338792317806535519671204051928444207436810628986410020933835317091524479388365670547943786702805851208450986905816
191.9986924449421977229538416287633158481015786444163102839619547605380978444523444244805078878400233060911407297536187074282055
197.3604251371535830794027167109230110094726325149977977535595200089602393558046039380021703385858840140283891646781993221619421
202.85240402533857982774739878786606519119538992043027123986615088200026949618124262640679871046611492925055413081276792094073786
208.48021086145873697616352440598965695899719302435390348716124142407238108971494370709166734880557306266083734532384233373673896
214.2499462548269850853279556864101788750634679399357487278163299935425633231251400340420956135851716145512910961266873507317325
220.16830167651518346616376682472897298717078639697079103937239215017158553152269146569541723024446803897371994027468123416935731
226.24264514059756144924732201189892930529590463871536240294832783719540741397042915712290782641244682493295452490669586152417311
232.48112391920259512317860537354270420236509400286309835922011607441357160679987768999125131752876407272184084481269363297001026
238.89278867668299916450434640753088817826683479522827093130486731771144972922154061699891116852611079228892466030218406898389249
245.48774482053720897279241264096333703092524844606714391064002750017964395211689048908651569395141122739532957782018349132665024
252.27733883494360038216298157933475183353649182436704872177121550513333103518257046578273931418414268621755835155233314095024927
259.274390150025284306760805149473921047407003389884853855899732823472548909236257181031855559295930478445017827682352046255167
266.49348311743822211188395533769587309545787689303022711179737579715238711649476984955270608987970314477530423395297063501751302
273.95133956809106113844234445490643678816511163901612109179466697723958539676994117174364060355593428511026322667338075829220345
281.66730129939887346904651535534941176787623994529123835808960068287458315844205869287880128199491609023630481471827827776317025
289.66396549817672781699280663193586002536197138931638198794361598869185147124618138817986609826639591810167840583086518362970881
297.96803772492861569400668046494206311596726294271222246321531267082452633291381783440406788247576687652262483455401022047977116
306.61150240411762992382249893326169016380421215145025951074361746418817851170486204059660605880329137767273046721636653488867224
315.63327060084785832826764254960017166009862931548631031575289812665882889871205638328944617279867723089320231765247480789115773
325.08157062405913461742397483889348796233296235977126089487094243390363571087032381798028745494087402092215816557845109550212923
335.0175435209609715867660351444308210025350127805073526876438413592462465535218845496971441809792006737339402669175120370453124
345.52089334470593871028722096022909309373818067852994318954721274989379321704807028862643607145516091232946672188830294801891516
356.69926597488376174395203054190639139710394886269511431089833854717958659235278923839731482597658178231994210286402809629008006
368.70495116787818679258131012511828271752916511695308285802133567678028825579413104172842796664012557052598175641266528693842539
381.76756020973054575414144850673746702306673756706753838583969664174400641313835694191071492313208554767895349005604558472133448
396.2670807990437613873087227880260829698309297677932168186585348483373580823519980107645556277367958895643608749371452858890027
412.9348233438873845070234997115640357166433694772923870347003282305595950370523393086458082600743934997401689152254608667655349
433.6666968227851370431472561686511167569870182913234845338785091924455312622544108271331458777902649548454475321109281794709588