0.0070014487314059682609965683961790059621824304279830553979007274339578320225965040413394172752112287055432794527875953772656237915
0.036890661270792879012476972450158391290601428966204162817796645981193022126689079142466625415561198229883070122393962819539237557
0.090665464531410107303259197269705285037229509707541971256682262739327491956996201050155968360969695774747811290141468436760408233
0.1683409139020638007473892674432646271824276921638922698290907203785716947032770755759395641296694912317473327878210377388041027
0.26992296896413414885391037719650170535047247583284758221247697920429826193751118793149744969969812635627950732248747612822916224
0.3954178616770816514412834659734878435396921733085607301946447087765758562764793260778206622189543136220885554918251787850564314
0.54483297885341355366448688304593809049114005337213373028959675015551315549024839846880228789088545543631405148854517588472865819
0.71817702858630196154886151627069921149375226932611729695361492177230132278138652917065075574684546548036233117541908797537250851
0.91546008662530730767473819752643907788658708869591921971998577249250362337798316529579645396038692585092509575225283319431291109
1.1366936140914863775138088001964555516256967217002244244357653009816794153170071454227082353745690006374132892952053922061688938
1.3818904667803831225864023432788298551396967099168991548372084415537640277416208071825981453041952789159474180901299931158697626
1.6510649017419983969582756228476344406334439672427641152586676625834401072941831387753984059034441544419250454893268356161466115
1.9442325830310653751532610650487125574471741538378606077577817526670223100681650751678184928023625655250214391145467794195071863
2.261410587344511698237654702751596207349981993992390348905879135869055547965414548077587164263771906945410981455587600534334693
2.6026174098474190755913663401349298599941995101751375909283682447772303400649779136291436888842709959153055649733299679797881094
2.9678729703261415777593345638458514498760064597932025576015321648991722247493094131422473936035287096669291357770861310055665206
3.3571986197381372340349070657033814007823799714235364337632191943536541955182787892504145611666371177450494259617131016769745909
3.7706171471967016564895472559095051012733655445595110974688998134393126749005977611259479283915527719448607188974712693218359495
4.2081527874137982458526916049721429798549472400794023371213829615502441348045296870194716883018177298130288790096644898107893366
4.6698312286167385450930576206058411335757138831826001459374220393568629367410884084467423289960830317054337642863741609639840735
5.155679620950700763342744413403932790732840619993193678819522135158841464094951624433056205280325239539291464061701756841044164
5.6657265853771835840128089440100878965087967173577615819782865590408994340979245811949421446923112175612133027768126173695268018
6.2000022230775991726695618644356288465160062286988151837817827635111893790786106809403589892789004233785263742771632053261929533
6.7585381253708686814531356194418616609929259624233019886181118706516185156966243884076890914671240971180586298870439097315716928
7.3413673841538611650202152819679802415839999754288681492580585260190527594530679255217729107829469196935558450620631361382262372
7.9485246028736853003578794607201074945206668040147836420115346259628952656630192075690132884447164500991189223887614905285785511
8.5800459080411314590332555839864744339245956306212923772393544639975319084506526072959961993009475765754297141543195245872290886
9.2359689612949288022117359476526466165748834275385739857880432721655976626950335863090446846558679924900708234330088924533105472
9.9163329720269044402394797601814649256231290053414984673350661694725899814821118631186574000590343774850910468705029909330423031
10.621178710578595340725839796992403113524909926989316716021251407801776815613039245876242800716525944249456085088191829502416748
11.350548522020360320403374064404133200341352981469351268818053323317195368454753646927012317718141836811917048473117585985497664
12.10448634052456429307232151357105692873731455742953592620186511397896468341224496105646488546706553694259285647527359502694124
12.883037704344957261332665547327705066732062989599251595090482857268556041743504144380575355874174523157384188180348087161432875
13.686249771414944960521352580873597949077777426503852375702095242928996559396031612215739374098467661357832075235944069079931382
14.514171335578046079538229730295881454033404749248225605403861933492118094282436892099093988570218019482847381500802563105082654
15.366852843464452660328382914669445262151676782090949182278991639092216224122205968136187486725616562078515814768765790502754634
16.244346412028256077189772991631961721455806112064747291658571670983568323683462918274954413038013962673472538221680362083651316
17.146705846760571664457229706839692860117412100831564113100519914242949919448165956769297576206040181532488674146675248881751847
18.07398666059449155562914348688423081968323278376943543813802096640805244861041194145381436679490769213031468826088271008675316
19.026246093518518746720183209514082901865004185708166478810479400712082038448149697761714151491894609451421781711393930201505989
20.003543132915887070696463372294649746320264771470339329913651838252638078336329956250635513034115379502068313960153649346228945
21.005938534647953061612678066437699891112661712672494342295326963992229955709712992013110107425242111270170035609526942041662261
22.033494844900658104394510464343373254723622924758565345289151269939738859589034329989397869408310933655679194457344020472178675
23.086276422813904426792422133656046447560421993741305623940259797422142215134556993189904073810395916185753695487686455153506509
24.164349463914568120127295269391940880215064074909684406426763806774976121450783512128455286376317519707492153873223998446352522
25.267782024374788311054031469819994075624038838929858442251722044642609452448826177561975823843017462956561902893416609674363608
26.396644046118125796461638727160705260316696516901741480560913455912183989650318253636009052247983249279237284188416433811785599
27.551007382797178963814184702545787738166740371215411200485878902621882576958414389415155746881346631719957748092670543680871205
28.730945826667281838572255154488518637305412256172194421790751148179099648811193420853839505441022599061256064639119132570258998
29.936535136381990947140258929386923779315799343002689277268372828042915001496504976523864235640415973124174770635274298037099955
31.167853065737196813361086965193253892600672741523683374251298344523214609482811793211709038495635556971518159522835841984809622
32.424979393391874919564802545232397323105229984937638770520673304158001576498632916137884513054807312701311850068970165728387703
33.70799595359472261473459370008951302963082471803164335496893648959844324246637512906978510685236677645211893712392988569835121
35.016986667947215662182939250836308955473397197591781174251964249996661196725984536217073566309692514724127005402452532029176968
36.352037578234963982343701115603957065345576593554760741629843081277582084806632702309543619926111934754065712707864957686598108
37.713236880360653945158993792885848506841869174520861935864688078306792899530575410740587682871385929593164385093670530105322937
39.100674959413337783217890371078941435321213244148779619682793280720117338980467371266129811508560780209074403622412845904354551
40.514444425910373027000412133009538350070079430996433749860680167238234290843582598645686429993211226333224563218073235344604391
41.954640153249930231349213654165479029920451346258739245432199563916422594931453587926163542942715694053619510338307043548644498
43.421359316413679835953599582672730058922323863785792705388372482271962670848805154645551583691216667181019019922251891381431414
44.914701431961043211940069067857328624566642965373161043678208160939734846846111735917047208166412951828695312202084772699779727
46.434768399358253501317127799692762627193120370083986986603940217734593543702139687705245700677493137018266913643700515034929353
47.981664543687423765620536896909219457951866290042167052382649661030472476238904036293311591043285810755601264640599505319405039
49.555496659782868555689417883167679139677878175478563851522579855245963433184156355187704691480321746933505020533615820832734905
51.156374057844075971798198588392245228236307849470509612201997596536615294142564477640618784527399330324194605567708311164194709
52.784408610576986647880298371364098865007147809382688849590195634553030121029643737802051577014369084895568150070015644531790879
54.439714801917610307707685713434107129251597658795056584573551829569181266278155048416444765616242772750591729032545198597024615
56.122409777394506473237333286170066419892698636987717054330816561766704834171349379394258167096017161200338649275799068976874483
57.832613396189280882394037895872714546263944619267321447436071804491770991780192450606803186491591772841447507271499301175012341
59.570448284957011014003115099421236718862130224775506431503314893140217328807571751032983123858474812161692221702725805677774916
61.336039893471421169392789550040672888291926352599723782793635666060206199672429452640280881338654204972540109754266751811594603
63.129516552162688740843728956160990512711759990919708388105883298672100049641690467041554616832253874725560624196276372357609516
64.951009531618988137153425752510842627679447474492840520493976525027538832391703418709845657125668095359011613609368098676278983
66.800653104126277527039546789348752130478226847627046483183871557549727797566472411480088934164304868877501337310495217982297172
68.678584607324417004495746964906911286257499544407079462512987617623186179599227443996150949232193021697681576618183152343138435
70.584944510061486646413523308724438091645473122469328786080529462282173664564919313352497818080359960139791577398036924202505486
72.519876480532161719471235439666941746007942126256047604448043023117162915638140677095413927094531113572419725585777059071418444
74.483527456790213391696914753208015476173925058555724211108640101764973234185043537639194124249595742073448144872336379332554551
76.476047719729651070543843700032859416437733685085052644182056686756006322242245817837958511452163417598026352046611056363032751
78.497590968633722323015070307532993082184614727814560793058370417271328800938660783869914428375268650655774190581087734829566682
80.548314399395954761292771478399347924440827041173046986973751409843700000764583355376389639953529354151507856414185054770015487
82.628378785522679046558315908716390231636876949387599905934927591077732025762310643499501198867367465148793806956099238270633437
84.737948562032032342227726837818962496494434883860377376600845891112277079339283379165758564361867744679741309108761213912222689
86.877191912370327634569740415349674649972974132388670475518920761331425964544374672744801291843105680282561892092749794782698759
89.046280858472908383522030446220071095220264314045226671279436234761266432004083442253571079476115638063210691667916623691144269
91.245391354103213701647000794545324013210079568751634810771532159861848820737764770245411376066679464596509385333336195105352366
93.474703381610782242561595069119561609694263601876389499938386972654656663037185872739443038035124161263580317622755352268724972
95.734401052256350752742628903975283504195247414342890784874694592363045658861165657675569805569913107994269110230817258582503137
98.024672710260085498227455044566643013667449495606184803314041511800206966002836553370966561187634964196389161377861496428339533
100.34571104073735355981841622293733643152727597265169823765952932194117660242622302362972411296580630879805783922804068539185246
102.6977131816953308867504945834862148141949818640076202965563295585936590049054626305230698741737079609367295752592470796075944
105.08088084027319237659232589346524859696545009900611270494344192562500818046105136495933638635034694173544983752135596264341805
107.49542041341867650242590979629476203322410435007745089431561372486809388995904308060785382383088401427056339565101770146169246
109.94154311320450683209309558768342556339118558169448389659740414023562572117856060133796339302140461790684893551904463370369609
112.41946509699953247619729195790865385048200828773228971324265112710695701930560469235231881147519829867186994595774218086373087
114.92940760272157029419818967086062699285050016601640078007795675954877871739370633629675250766102851684494692058802794209440457
117.47159708941184911496254530450681015349098443797020882223564920156629864018090832131911292175975249541444879077393923995808281
120.04626538338473052805726953938046076000170788548967093941212203283032271237520938761551070859764042820056795608876812637374746
122.65364983022107736416528650014163550748852058902556615080735863217099057984253152499654953493334291890370063811579038109301503
125.29399345288933083994580363153401356835799071903291319994803604125726181550273402578094967070803543361505874997283670946969369
127.96754511629511771537294788438336847381982788118906327101475713231591960886295256404516853303663272135786949645616703404659173
130.67455969857812371235948415977964454700423835944320391431570857845287157093782401176810972819399698548361556101191292351725431
133.41529826949413034419861123584527641097819667941697554513905858468948485178131409235734075014491727999201031044562885710865486
136.19002827624061887862380325626247688400599909989252408141070968581213180221791738583444431438107164592610065523646439379621299
138.99902373710630609904938044403395186344602073501300481723698975579037034914484133822287938661253713846422125547750224009109392
141.84256544334851047226790333434577196074752651224389911003040880997052336982822402956565296482139007756556394548222041496857931
144.72094116972748386427003431844088846029924866584130613019187760313472663368080741835524578099934331820363947881568580620869616
147.63444589415392474299655758828029367747283672460621198794736388236405904048352896724280961999423104721892220724866409509050611
150.58338202693496888993913168030344168956130514133653372401233125512954962367374858723077332348121118971090298259915882189406584
153.56805965013520278972894318989768994032106642804615293986829445774330546765983199750242941502716669680192949103605744053623426
156.58879676760284918473331415136298395635944673356114548778359627255343480193703794315394139737308744468154026524827370306299744
159.64591956624743796340758382961046423853016002921398195359295523685619916524501666238084883404804965926367919819243806844546059
162.73976268919422284478142037945234591437619026487239664945095915454348323188605474709480489926262705862616001356717438629202669
165.87066952148258173570799077421740819393151442602285868724232589541488206153439250629352223937464739363088833224656010664029029
169.03899248902091741663808295749030203929671412254995472868281943222085439718109635327965268978495532739469793535476249299602227
172.24509337155945411567173045367569650532961714141653680853528891576279568537651061582978098370331470310274322685918866343570653
175.48934363049513396201140131153687296239212670074289616077990091099962522432629556388244765667616459574260074988134762530207701
178.77212475237991883490709804195230740251486953545429641564976935333185221086981809107126670640712126076291823781537692219579894
182.09382860906559944281924477650038302303027147135431211568472680956225617014535872989513520410765581226778196149797395033610614
185.45485783548514889602628013767436704885547165686115862555848338729858459210184213602052353868967593169529559510692942590753813
188.85562622614322457368209568413762873692776340133759637404713590293550861056715215577595286032759474352577339985173596367409396
192.29655915146716515198559309512283686061371490951691195347791535529912997890570540754926617893431082157184007064117483763909641
195.77809399525535459357423339663063937351221790830124251068114548385551678701237201673317145295541120763907400192875918440702473
199.30068061455280434173518412007466991696025104196253225312023887441156194289149566399656826965684934414157292625712991136855839
202.86478182338498725192011393436466478358521143318302771984307826982145365946263198181074396387921708502509543601044610497787095
206.47087390189117550873227272731278576075551022211908924693162594374075528973504411278234589919773073176636568438548641231184717
210.11944713251871963870276758832476294524179298527897100622440147451327165816868626225725757479082543764818546016762351591410565
213.81100636507089503452242912993967533752885064870611886116943793386699132361985316106525889112064278817867843228352141920972096
217.54607161254429725605842329213421855223905011365043164022921731141692143158110240485498862952919298205359154989341087650756739
221.3251786798485879724138294874111230692194164849553229243422780425722640618587416970497302127399226847951771248653358282467229
225.14887982767313777075059816428659398603183218872839059475663242383967800217635098002114666453922347835594240377369894421374683
229.01774447395341750410385560395940264570089274820255425367475275143318623077039973510140990159068857243814440697303435371772377
232.93235993559669777239507365730486596608143471429136737553487891492389788803024516642334799335003964731763109107531232901833402
236.89333221335380054773358944070063810395192384531663779768965925898474216431745465907092312162287058215862878423642078209394951
240.90128682297364752335150972585917216426839117386692877412559045466790812110471391023225146759735920938543915681080261813909189
244.95686967605280999796917530825515295882477839626998914146341088703859867300491537010873151066995494924655102316901248661116072
249.06074801429617671220668886881157583635287702650414986721867492379701331647671890232649269991370610265655961154341407661088387
253.21361140124061047515464476628531246747639745971835811043545596980136916711214794951874422116694669980885978104247371592755246
257.41617277586491287251693881602676007970339609241610926535573306649673757494981456785636617728501957642934599811312103055652432
261.66916957292093989377264010759211392859246126233246570265453289227212141492606477782830237193427644280980706820484892337443275
265.97336491527730283217875581781849496491136758392089421140777442288825686239176135192085681381121858713132209268533341136374256
270.3295488840744490911916261546717591721096022534439483754209666642517375831643406297363900910441678158368251735091465944637917
274.73853987305456820109862948787424433601275406193034861983969215524577611665293153992398673588118386428766436002378882151154631
279.20118603405918486525461195292975325194417711662641205639304304780955375147404996567115212405466167333283385251323382635938915
283.71836682139006951575013378957382213620674413339051499840453175647219557271443230235947883181992173398617046418413439014209885
288.2909946435151006477899753052553409560205183581459685127653837366351977238293213870734901599368266432606343308847003871760609
292.92001663148135230866142405096215778986966918377131147179333311543073301329477367919472481875448622484990532601683097718922713
297.60641653438613429447176107564694567503623806995475694993690007116047154457755595686027205238240078883726966152770736866445118
302.35121675336825416935037777498022924930687605280434883411980079896009615174036554572191611482611606543273486536508258281778189
307.1554805268341384914144102805017458716770953340883804155835952744137110993252746295756079677500024745565661612526801218601533
312.02031428104730121663665014203656434698809633262654103563391769334872606878380430223628066949463217031995022818123714768820168
316.94687016180909271994715090098168568070927402621424106738597546570267388388801041015327952568262663211171707734005119870551798
321.93634876477192541726852837763817192144254592592568273541775540285292562458314694499485192754943346623502148299493646238408503
326.99000208398637383187425796395230052616975368876022729883406314614690175303599681167622777783912248159581958317984487664502841
332.10913670062967080470399084999234916578472211662656704768285185031364542451921506403731698031572974183833281689089552535672909
337.29511723654118147484274301784497777663720944792322328336477945017333298450046078433823953432820950763242048679204956937798685
342.5493701002549108686958779767658839897564882297572826886995968152913015566319908752815880068761232522553410954991349726660159
347.87338755673469134555818830191055787134190235215234014110821794201054461894099751989073799934332679593736785228441336632132676
353.26873215606149754021238674985446580570116507802851094532671805527760374611364042884437678911253424428076979684349364996572529
358.73704156098652128543681359122068799390662699086315470609173300533409581477336085376233597117903196458345505110364616923002526
364.28003381865879415281588148865887033979328606925354234820717977782373465128871098361560955356364281591869698681847723482140612
369.89951312809543672750989024808843314137343854275442952839635119441523403779375005645912193305518540488520992805636471224557582
375.59737616224700816806593814679229703807865502859262264215008317090105400718518844998977517074166457950191795219917419290518868
381.37561901201527107605839757066987425250341746413502307439001221577711595358550087768193173226198935237707709109525266092909963
387.23634482954402086380770358432464007559946822481182660810016387042525235027035131446725064870527139632355127343940175791777409
393.18177225981679184789441468376401075217894041484092221621517530083275940080997491900621744119499299562972480004455689618864354
399.21424476341641210309247714749623051022621744670973473008891806242767319721545914709607483983619477009774988923956848239545209
405.3362409496729473323175538972910766389935300081160548963817034007553462493114795060205631430751626240884162134204808738035248
411.55038605889772481237433567619450262305875903045510823921044077253157062892765341928557837552063961008947564995843430720735648
417.8594647556570979193836666366547479536468144825049482817670230913397579195456149825794541569126492510916389534795670429253611
424.26643542294006117252311035371323248818751542006360077124578542879604512213899128430700091284667373791448611621109798348848074
430.77444618070340766595569973227899284326013753666888273271557654453532730023735501442751395486267950204393900360976144321261395
437.38685289301359472763240882478304818952224098289344737509972517201226523844314192769282314981188087550504001202940009270287645
444.10723947760445470331559965506808791933413797307056580106693090824561033421677128992032122453715889380640938851476243012964632
450.93944089239572373614649143158817770584412951624962067536566892938775248301949568741448328954321024096039528214973686285206983
457.88756924829745557596971207787137742192741538232099328066316550615768024772170714283178283503145834437814409028608732470362201
464.95604359028023567198775455114923551336745436369887324181601577377969251682184449672956299014084747818456198013251147696582012
472.14962400424454337073759651224347043908007441316799225107249577896970771839440008955304970626207795443007930592300102653609573
479.47345085233633722042120301709159763123813540864381669202597251062219027214751168254837833116654603840197516522679114315459337
486.93309012294252989199712693193932409963282158309393747899329622338144526636126398501770353282164801000659007604191200875534335
494.53458611569708677150405394272962224442580168081020101146677188420008832653101521317560651493532332334099819667860475579376858
502.28452298285998064657125723566989831990831210874501505475433211575334703587662744426004767094289154097061806911361149536062178
510.19009703905011558078114461608264234438345651457744367797249479811791691821572975041381197651833224490861609682113048967794416
518.25920226312965713564197003830150358779386839874374294812050139929238428956203680503842166577516304345733596848066408268597025
526.50053209371549852364415402315966184025446319450604782896324920299158252691199006484500325338022478240266718342797618829531829
534.92370152730235602244242293872011724831586704383393763557326946891959664209251642612293459931191712475856509279674516464375137
543.53939475828603179784847182608713612931637961676993503709907715154796429093187141154292515220118367929838410177911051772383414
552.35954529054160197123216765965444801481040147882695481750373504066865593166653183020462071670328117901721509192151885551838382
561.39755780685857002889711980294583146018129089320325041535346617229954262033018076225526109899228471752015668510312251570983068
570.66858442119368444452582911504444936089603845811019092752993658573439025748548306229225931454431243049784166469692266184988565
580.18987275293971627601200025594253802576351729068765454898142149356768799987412001714546048859750196262435372180785082543587407
589.98121034175294154657906447104029943996621703425862205165919572953286548751453844022530012916970440555695278745728498098297153
600.06550056158395176753090401017189563722937290612032576615183058830995814819326544900893077026564362242927953065682162177633742
610.46952158126410147437021471174559132359861349342469770363076403002059693494998615312350030487276958420596209816412963825824095
621.22494587152021681391081184761989262885844436481436688159881263466246259237362148223068405486669178694348953452278522219581413
632.3697401750858481010209999197390355514474608972609164610698973670517870828248342626876496494895511017599112627119321343692877
643.95013775164501756338470721428288615858506703055821251206237185424523906019457455109319718376875390476516267682649787318122349
656.02350184575267579142330239640758923874958911521272284125480254373999542325981855179195051703311754318628759136780894415619489
668.66263569228209944830012534440213184154784334388176990227668602551484593344619253274800593311849349425547439003770662196847925
681.96256105747563784639665229292958258978094007788338260026986846437798461988705771748733944030591878314737198190140194057486656
696.05177929573971222861170140297436875694768365930121889755750890895167276186471337405668716912583494200472317704589679376096056
711.11234299219278781568130376622698655632325700876368005411025479528056963196708808035407586238336800380322126316919735044284379
727.41916284175471904802327685714257414442095841950828399414738983511503808340450943998935634784319501090521607822781717222560602
745.42797059632774633370139606804751397038057853308772850028397596879888888798394969649658330298592283783940646284019587448202339
766.01753421126955392702589710674627333837808247017383037936892570190049532826437264220775670866623901184452757965062540806885286
791.47115034643133346602166162524107537986040474422681980234296417028896814280406785029698442854485435652884308057851940312421663