0.021741688113724956252814416489785193532608199940479669472440580172615228242173464860234019357483019059774462044627510041241868312
0.11456898713759741104739437195758090072107143438474214509622558126852069324798436972535276816345951369823285236842036523960055089
0.28162684236846669044182241913131639076858767356936545148258877360230902751409017049000256256944145671426694740955321419352649436
0.52304577260692275857681403447702200578820943088590096398028052316553500189999916256724248811627439285076681656386924905118505468
0.83896565998662064373890258167838009711389506750970966170898092044529495599716757618822863900186770888668480614640966439339393428
1.2295652545536947648259608922085959017192448879977320323388665127676157878727715912073645393708049387626694801943430043666697215
1.6950654616757514204636146272775299304971968563597949166537689072868521000821136265436269959334252093988713415545464196414926406
2.235730542819237224027313888182649242579716769006307463474016405138493777649029429202999657015857302613059782159540521866414404
2.8518690856418974541562318579617474916739237439414344574500254481144162146524945548875340878965138113736294963828186524700664149
3.5438350336273128231800348329789590908211191554343077317919325800247160084096225479512294400643824439233878428662505477565923692
4.3120288458393481355817376516789434004646633754451921969965902237975998078381136213922991109146006657996809326842757873424440492
5.1568988135390003117986672111165543647611444691910777785748703901185716665861676552644532234797364774477759347558074331900469145
6.0789425501287567549619634888229883759188613707215037908373293680515534064967811729708881411056301661795810306812692010190279289
7.0787086689065786018625754974489207626890351430499863760860293934311517131033269707694878877897951115865913193346176640941235126
8.1567986636820835385571846784689096705321649769818137734188169263464525785209469797100587401275023638088343922240751868052788829
9.3138690088888495225787882134923807998931245590303299246988009055784896854685587972140975455112084756425780869095103957189335299
10.550633497964703144942239505930337541943066431908426141147878584514842856648885592595511886049566182685160471329886907309834925
11.867865841340894357734880191699030894345778716944997660302869358636547728178669446857414830612124070728470714571259642695661322
13.26640254837135338510087210196911396979217316350283489414175797416333421686745087423047795066087284099402788293489564132396152
14.747146120984582219786687963850614738318584217338337868187342729561760201831233092377278869590975676547507169049238361885904247
16.311068590821372295779620214465159986163745370178044365652870842248988073790895964294745083899109894784135411604709102030780816
17.959215436222187569930211124190320731295322308385371919144262263604836376762381597744876465743425914140019969095778612712437147
19.692709920762095184791928472706486736217666404426632193758529559661203265970141879557117239705670005553962550263616011289519445
21.512757901237782568085154857123076277198482678081644638184977668737414167165261997487502387099533463405275164058522473518841027
23.42065316026077425817905826450742318892956931245259984271729878390431909611177760914619339482779769857895118732759018542702677
25.417783327112070352149709460056731097488615788265666503923608386821430957543268483639619810588704731093964018165391560659520823
27.505636460522488499695618927010545709241121613108718900187148518040005294619260135681535010974109126547219923461755929051071913
29.685808378876535373041905046287960717233777238384367519622235417446663338342176750183001465343707836702823089104170562533269622
31.960010837388286308476433429300238378443423880245351468396197027990940734228095099947348655050310045529815828312232640728709552
34.330080668555036749316971068511498851644328499534297915477259862234651099824547206823092706986235429046530951560607131229720233
36.797990022272071897130661546346470739511980460110637673855270636177588063797301434753587916788993354941596236653746635630817075
39.365857866163486946709106559022767582762097244058836904807266469875796715023689936974436559508015292084771449826945975114758645
42.035962935930948687453444153840734571496871024951644685687687712349884467149476984322526844709496404750081450326586485923510203
44.810758361097296567962042150909832025897339132730776827670201521543515592297843381159082501492212617712867150977626559019330134
47.692888235034629504967016778264808548088158207570659496188173657222039772374860753588965069710337569545658485414104306242305623
50.685206451700087736079017063139917835073171986012235654879568850049018526945719518674549740197750009376321426272652453055701615
53.790798197772729923359285985415829024360880693297554148581526239541122125530830290559426467592489196112466074031006140036142859
57.013004571460504424190003044423994978148425570588298472076501636230303528263723823690435147844845872086576060343368217402121409
60.355450902856371141179425561958397740311778851890866528151581191217849346260832724214361335237584937652387369178094881352231447
63.822079481689701588824839391293603046079076879153881537032498111761488791279209439964251366769895742795287438587506149699168087
67.417187565176699969027859820039732833355589254575316968802288397706768763414507445299220971828816643106144146563255960230387208
71.145471753056620149498743727658945075842882515248599387118570047144379174366665616938016281128250952962155490271178196292810545
75.012080094845168523850953578954537001581552805654556988182399940334491129108802971698842430105254731822574934671583664262851791
79.022673658203560017805091364631243430161181567549447008829097230810066112744929556066366841190086723867355803877395424008503913
83.183499768683783305636434316605978730800323138923686700769773323844461824281890695691586317995936535228825414158778408204940284
87.501479775152470625907422020667695231968637882677853404341530689196427860126234104582095378901750748415731160209948757597502659
91.984315067534570685964922130420941097421160986189581176837986291010761542899265008004286548405801684461086750116863638480703731
96.640616270966689495696062930352938236596260182664956572334359737411526528038148733941063071322025748478224244930534054587982255
101.48006220833952586744212943579357514628930323671382577460387002502550440491355894355989405659779813071415158559943122043883465
106.513597583871607306969062912423344420638658041874476084053894913879562532039944017621794995238548802115453709915306256662845
111.75368174107497926179219842410006994230934145541945966335250021210706865850301032972543918616308904889984282411615978696956828
117.21460584431625029045000439248001944629480183271372063186142826483071766225244075865250807859145871706983572954203720583894436
122.91290333427175712874761047053205521460471499358587467530383725830053395399351925116111243602481528203074676555480466996515674
128.86789004945775949379671270769926152879755779046088285086064961185597988193020145657699065088798147013690282112899651755479468
135.10238866402710521172723535387615949789890755983503966003138269433885833550006970091927470141799705745759484768174881319641272
141.64372190063276924993717346071260427035747218267832383328041082027675376437639235834017297930613516578096469634696402850066346
148.52510944557351873506423442663098954298005464367588387334914503120787540041018113135077739894137059129362915071667090679438572
155.78769263753567062917182276484038464904819996037124079943063295469080113971602405482088462556613606266825313709026104223261735
163.48357653790683832544365554977663489565853287964255701324768209720554298821989407908314241046420818946636059000164723673948585
171.68060542682096378441049358886052528012213413330756754355609964071726127157986553950522494527069016691888860141917301000530233
180.47028075749512669546087501377009216530246470663938611113490660853642294754268296312763292016778941094091827239186966494129281
189.98184504978282627520021557141118521269410772874018581040490098168921473343595538515038289928932528613445491722893758439857874
200.4098026001033718601273387325426439492613485877290011441637223772768010071253201019206430204168118387248251659133163816142984
212.07536263912800727634247629706143826947722797687508010885319228255480923118798190709237376139583489299937465732375879851995219
225.59519797989104194376110329171923955607100447430136434919816556059669690468014077070653051021361252451860864161235718826405259
242.56332105023748419385021419084060684500657669537976977226149656460498025722349740905130402976672662264483294488579420063474701