0.0092383459639360598285019495237524857024035219997735062428097811082334785112674543808942655052019227608727363163208026117252373171
0.0486773168242564064778196117664322909226528126731648798835884132259216284806607679225801802563019275342648020922884916733352167
0.11963522409839501737652849252745854442677381855180181891302861065490404976390392913788595515723607648476570127233185061833889792
0.22213497788955266181860491974521000407686944249223453945761259241462119469639674844342238315462886878876978890958721619263793192
0.35618884323705446708686266154636283559592930985315449405554266244123406943673867455715321801454164015919275308096988857341188351
0.52181080515517902935711335851138331646080516338734509169079207947124787959204410629159958585700024867416188685638603673065921902
0.71901773808506178244768956482403290171278895689489523181202433703196616535382359645016399087676477143458195328655088075599421252
0.94782963173380920722759963015411641199609929865012282997039045206231629005981229463822358581665931437262131161701256164919564307
1.2082696597185672793618660211300046505358182058386752227718066159174139199761347790871738365188470716549125779917078617324426296
1.50036421161716294823392736152617098182902950830306690316071880814680478044267442495385223013265541038563436850625453547175934
1.8241429151570870834093019761161129328666080688545235524789645193010455366503132224367472070156894274603491432213238084902375762
2.1796386560657345169142956601736485287878432584916339778934549030930083578889944216488976106515237600312240505482370351216996417
2.5668875980984658675135872974775765817210017701365345031080413528669743305784621390776616847432302521137984659963333225708810366
2.9859292042109146341075044089512337299737634937517231745149569485519388381740881846937439648665002486901413736656165785411202705
3.4368062592958423573128501364916639173165953160259299986868817355302635578433744226576795169575435344860852088490624662651918448
3.9195648946925122946087750059280176149246872667436429429430630350260757952789289185029746447160615080623964868836357666424341366
4.4342546145877178625315917611982170838932630827620362707733526024843823500850793423306602383179635394155839329961272002547261115
4.9809283243886429624681802592796423706810353898541735316807324399484761066280864007513561948831617507581698786948822920293126141
5.5596423611304584636765113963949051227034868638655488411774078927290590585891896737740818262833979948266443698862859054874019719
6.1704565259743443116370026718110289664710088250987378208354704438498602662997337090953318730435169187420464753280305991568688841
6.8134341188493614422960316296986038293336368980026835817382609406204398162222095504214839232009928030090737653622623966920922344
7.4886419752919142962762228507927814279758314016051570515035607497736565165594190977550709490025072361710042739764531088074363736
8.1961505055382951623567284377542284013239514845364628884519256996229975685779461320438975506087102116450102812976795647257762409
8.9360337359284080272843190365265120846503275434592065872855370103119608323561180654797237856060171329575081596548664473122402633
9.7083693526819329664573631849722576316672134525652017142839835625695200546029605063906642986294858778543806518610003112886509728
10.513238748111755038752077960648841443995263446592631029770789002330530596715305806361476673779323270556821555034090825184378654
11.350727069343361644154230870350984690573652563228938501660678159486254226195925754152343494699918174283113081120470709302498998
12.220923269613067803880351156936997034305459382802248123672071904286394715279124277027610051771178602945151766238412956943860042
13.123920162222341504616602725416415712752720903293422742073860099170155153547298323491173081098974641138019524524942431681648896
14.059814477230166513957360444801712008794606545774886184816816933875281520987929227092504222693330067366743928817080329576836487
15.028706920970301826891898612731627733077466817701703491533004977772372830902217427526573058047573611315512762932098454424291551
16.03070223848548462445958511925053826962315310784759059357854588201316766854296069689427061992662359166413041955966057952765783
17.065909278976090721470499435562349650073539683915092931503162593907634795661815880069631796589308329225232065083651040664933329
18.134441064366529349178118740655980588788132151469487944994090157283712948278377736051019915694351313142411345765888791977861272
19.236414861098726639607360085222610600954816457140903152590938217973429534314351117544101816826997789010233200576296471033776549
20.371952255268465447674311961020204844524872130875590656445227663200056277866692684009876724293374606450938821376437794036890695
21.541179231227121373923562529931533372102562480368859014893516466622253634060585207307952519909947886349079334738821655651172928
22.744226253778491349014417187666853320913277431913420093656558343468747051953359523791836284717493055746857759348930085557341477
23.981228354107979392990157933668670504560884476226471442685415654011507835643695114022865337722157428661306456831131176097087152
25.252325219589413928660855720264887767490093853628978974009225414045285891640428923927266676338789575035351652910182205180102105
26.557661287623254498442848515581631171342782805964529099398098672778302261784019509197698628588281397218046426791173963368563203
27.897385843668937707902377601872135073616898237184702814596276311715661323093134009786154722154158683921590190127524664297488217
29.271653123643650320159036787393363435088687111277729274170051117023213933062082963922087818860922996138090414560705783597783667
30.680622420869942340237114089683113883575804001439420914981812044760449897579584418929053495135735150782027719092803199242088226
32.124458197765348678688833995176166364758389080167780900306442686481810555126869895606237234301284164398892595427056191593767359
33.603330202478622226100394788791288914695231626293530353029732522127803218923552371529760573817341588839109382746160297750756516
35.117413590689345530974895898654492658009124273926325016603667022259132152301299429703805111333729802586158590243520175178523695
36.666889052800638719687566391840075119539472490180085707594976222595199700888884935252194638933693765721710896058282632147546418
38.251942946768478545600548668151592994811486529480518269325997235058219546037993909458361894310791374865648083963218056214300696
39.872767436825853425757798902731077672299482127201108447166357788610251939981152235108193337753064451906596674072385757419928225
41.529560638375673644759856473566596190948343335872565568535961293563990189341669613082477142408717050197500935005017590903331306
43.222526769343112465799112409779593129855716982934186955436340402056093116599757627321544808062232576850426711693250627982708026
44.951876308295957456772941029257710532771461101086132036751526956287379084052323612803028086997046286566667584966126347962645332
46.717826159660694246095755166241532229835584475125146740691654410968293924702896875941485524531784451678472926026147679671188694
48.520599826382527821543559322594612375478475072960968259403407321193269205995080754426084775454501102398621102447927280405103849
50.360427590399479195016685007040897602432777909134541873875208520747661196803208856837924897951343422557105401760404850597069952
52.237546701324197699140729721345858562209833954610011626226658906072379438668655100158613617128363287688871641207686543191645766
54.152201573752332429146095996437235467729088218326595559028955126556901333875524975115989832111279772044086796890669052697765492
56.104643993643353778954061460736220613849342349351648922552430482509729178668410721102680396119047948239664496786778876754454466
58.095133334248764638541879802263075998178232636364153979816334805155245008967713644725613460490157753148735575751799764303205691
60.123936782093862676829206891593009933337545603199067349581151691674788662367692548301163510862680393125668284667146941090593956
62.191329573552798970283706771420623171727962382033256027344281168326745138356260587403328718818292347276173666989134285348378397
64.297595242592831290545807156215380710423093860956504131630237590110394550820578941538500816022963897624369653725658810712772231
66.44302588030262040569497607967266860125661425159443397923781283180901786083756931028131781705656198920088119185995630846972938
68.627922406861415365186987679529962312827614720499614199220977903987256254845376873955116541779034515354706403831676644558478297
70.852594856651294891960172069291892453834029515926650756549019748869145135065187200439620942849676805344153977613174219264698638
73.117362677263580921556355354121305748892120867814489947773781455169010766388403417580101002696388393195796651605753879565570657
75.422555043203452738950194947348741761060896231941450357332262061201172868205633264280193219503545149668138214013560211196728385
77.768511185154036967153339037858439591861512767316379394406736953034047598597359493328099713109180154433476395338528760863429674
80.155580735723240053277639143543154504610626694096981760164043970012257327729583107289207588901886638561388092050062700802421926
82.584124092663780040975124207019993879353850746839969922088189423519449198727603156204868787784371697420872042216875391839342511
85.054512800629766730030992925359632713656535827742614313922887033969308556170388458736990329831173282092226550399916654363824477
87.567129952612332466574580919584430254325954839338007568928821379081656288761919113362529320720178085498454836075699747460860763
90.122370612282850489194380050452195572505696786097402610678601245333637759473865781514854291281584169315428440718308282567784295
92.720642258565884462326230147772693989740946315196568906272003201282608955179071804972069582414870980194119004970938691405399294
95.362365253865960621263958394888269541075605198147053670228844219043209902272216867901209757595343622896008304038756656039803078
98.047973337483400507026583226226113504186486262924433267254215442801226049363152544776823661335356915167260486951837403194105999
100.77791414587575532705435769108985567243689138210949135711154293542112573878676638420483508852280063326979052049020172612098816
103.5526497615539134552080913402448511081240916375982402347979611034711018467869531271043990985429180050956984641256595393490496
106.37265729254690958208691158426780266888379368113803355796097253030492643134763926716883324302672709433191011626704479675286255
109.23842948452819205391506903023044437670921838579557595341885588569544002128308359049919216777495277636590184551556880441757356
112.1504753678701137129636091008546757189401144085532158830335948989442641058786798477685286903372524795420830900795100291828875
115.10932094208439879738085622702429607478954111801035951370493773326262295910187528090318960826341265922651731054261987309838233
118.11550990031621619690887066693160993396685617003616178931975986182418835914367351349382779775761802295640264706054752505302978
121.16960439679041430528221386310041098070147302334110345867563203642558836391668079677933949881482926307793116099648324117973355
124.27218586036288144322189242742409355284269500930541074919714317167933478117609591077529161134874446872140307181473870508302393
127.42385585761064561474327711462254787647391333370089089192292040279885054550201721750104212516428303850827042287828734843483911
130.62523700920434359272571438238731604671018718286383991026027123457582295251555547147237270771982274000291624127977559712797191
133.87697396364962076927819454434062940170781443900333487956949082662485304608951221639664137360798799775319323347030008253993194
137.17973443286390647406635653220216652972759777114513457029945156800190395534962145963851222851083863715550819702635866193100215
140.53421029447644446852542473905285871280633611244884414985988372692873539672213643474144450194679505883435776369324525026517932
143.94111876620769668288756651276112142897509792043276923349536804369911522236741362646418931468181918764259061788923316474210361
147.40120365820528718948456761422085705537506626339159521346960415149487230026274962645167915651598866381823453904139608553894243
150.915236709794398057143577685322019087220658623879354278978638126151022472721174673199540112413536415379037813652198789178348
154.48401901774887664476670100539832966679049042846277728230220267936543443925682126671071440518106682875477115469235585449008804
158.10838256391436591998039998927531243556525694037328857203671939044938703701044993090245335748682424129925361281555562259585085
161.78919185082702251565969453578938670933642039767628028974161574004705693715300835940238175256133233956958550673984871326320765
165.52734565488297585929335697750006640896766596390797489154975084772864925690907663080448444313788582861544827761613933978992366
169.32377890763866545488015986206457882992099093670001464389715340401127047258914892986430982696558801847983941753392529005028404
173.17946471697690142607687538935347077296541477542009748946166405175488810916590258511198551206891881622717437250664536810619084
177.0954165411769375070861903069900963592598939105318814588401773290515741320343785593965377645985476923179242084760706121960843
181.07269053040121721619005956089532833270075546545964209012197248188333014279570731123237377602745972191830641590046138656512461
185.11238805178272401878662643315543372687159383971061181584179247796451624465654437688933547571992715381959504619262784548413599
189.21565841619551209201521002713859135610307392998078229412473175200227062298189747052022441246897314598571587691336096861378316
193.38370182695288190106143148856660415996232007018616680947901899023949037814486374361350789336475957765365915432329013545928617
197.61777257314512521200642045421318628954205166204884402487322157642751860737314430553503252308837132935955931815303687258658543
201.91918249315190997886561110837714755026266660432679527479507927173897444101259724971360956063384983423355356291928864631768692
206.28930473710271764937735244596973145937886135205732404996383918578369654533574627767788793427004945672474689863110396450893388
210.72957786078318600640461093588489369563461920644280052698737937220010762872862562921148193344155152723904039294963894331516774
215.24151028778050961566824148090244623214041614173041679560715575624195209192761060894606936655752690565960739185243127645867359
219.82668518162889003712248961422551481040676337534408393033378647956613175494911296543293322557627781777115501943219241306646214
224.48676577547884011846249755909926347511185168086616636333128052978531949502236033283699456304651048387570404858991039857500829
229.22350121351990558797051138967291252967087242597966779070685413703297807548030079190599803855297996711076166825420627304395858
234.03873296621463091466187398693344275277706279868647063729480970999472111980112573188450862887912322247155317981963948155543317
238.93440189057115019807628832279685104095225142309973033477300803923840543595514738489872303023425345108349273844986588323854332
243.91255601746036233615861553366964858812676610640300873633323361122242808007522415376298253410140107969424081899395611752951295
248.97535916070036878463624728895236517231937219899040773025673102897406977848828522911818441209921600938266273449950805655630505
254.12510045769219296766984763560085295246774186367703756471942100046479752340461010558349673856534178239366842732448499681870468
259.36420496930127897386933995667376094168377563013341955104921946211459030544291445594103640224870736552388855883957666283114176
264.69524548806832579349796960781170242191993326946268339388951080238466635990674128091695801774736975505387303704396659740437757
270.12095572949022681998887271434660182769918174243719931212760568539724552873265337829797435284972282852245968155485510595875691
275.64424511203336016954233556120432366822807061656658198626418213307471607983573033463259460805916445340024910672961465255016475
281.26821536899143425815068576554782339996217959079029548393522167665654920768622458470659901927768066635354231403808824599335469
286.99617928089319763764451481862383047344358253420406261780995344144643534336411681948180119359822494142072013847115417022993246
292.83168187297759843796286911089444789524350110537766881505775470301448689969374892271864112987806191701973507454123340741239354
298.7785244909734844502145925023180627724269778063148453039398936408460122141581879396581121551090547739168227368512250337871084
304.84079225355418625573922644578001891221688977248289602016238747440678932834562316623144034435655153130027594645403166801451861
311.02288548599471062180428770717339257262477156630116019648234978953371868311139342846056227004959346313328749236784698155107409
317.32955587285350197837558182906714077841050668357847999642321532400701678316753187553219483822497390100604491850411383431564966
323.76594823610884805446078983642138489351476826028360854556458200626361751201178641413636214805165506279720087850019522390846592
330.33764906014478071839375102278691534398683873280308948883957600793923727601358556791362868484687216624819629259110949634618473
337.05074316136740511532607215440848464327961348902642262969270533668196125985716318210741908146472550851933286655630951277312967
343.9118802588153613457381501189456135075298313878056362645243309512195129153128355422198640353375978851227875811630581179848259
350.92835367189380964510802746681023776877657662384471277591317376678402778014544635096793608261268457290546054296948237570443233
358.10819399326148415224758551453490840821735960125868578585837585926045306981597727299914843289210865367249492536079139565468011
365.4602814175777234712875982196061843572453817096690344461380837202739247157654048899751935986801022893386004768572174712396241
372.99448153548402338015779533333586429606718601249137812893936820005791117520670228342707474419162514850964851962332188187628907
380.72181095265585017484685101472795918376422187504309137569604174276712523508708468283050784976530363131394663465973373375440844
388.65464125498489294290575853273415143235778755704786034325725451188112094633259127966556815306930407211923085790132400184163164
396.80695290221832372645755479370479213417622784235802778375105981863998328054698761317712605037306498171735065407918674784846603
405.19465504583953854993110841531141127736063415521550229802479652299223388813136738341196767252394777298844265137035397476890259
413.83599375578876495469504579689366138803176495809531323132064984601155359094957890298265383538804612598283928547433140185289817
422.75208089135344370037523367081388176503971242377379485187399228919893906982325568653736407569154852910475845757791509387277224
431.9675908675305216429560206414833453402784619398474146436499282164924275307029934772756543201610508299454707279448453008140857
441.51169634224008004939152939425403299063511147332365295805080997405575273903010011940704960866766968617532424337824926013952509
451.41935269835820291569300756626624982663962807438597814798433169006933560926848317332196080258646950575839173104205251838486635
461.7331070281069863631336783128017673027832241161606106097662258746260710027082416094400468381329785237021556653620908077323938
472.50572372026672458892367871464586005166328031621061679636709179150644071342966061226376314416686325169897330190499793070509282
483.80413509617537453783976164169620472449186783376645301571076461526344688853323779563458887199537705136393085562566155039199489
495.71565259841497941144863142307840902487151609242452225334622936488703723147085138878470202062170889023815483557568394820571705
508.35828157786759374541959707702577736071412644423278712086259861463923395873884409575066894126579612559063623280200208872341568
521.89909931690376026742997381356047988559437243229506245558577890956610509896389506231127427313387110531372865658073766614138311
536.59023076403308018274575113537051072086724479328182836948266392745501080793158651599940774331144572302013581397156530789567239
552.84932225116309483649542675585462581730499683145085314073660285920728592051056153273601249304593553223193047455852291016232399
571.4810306955050693727122977824702180909367740537270767221669545720793652250937300016797618143863966111328560111191893772997014
594.57406155247278983588468664252461084060236791398784980200254097087889577211575680687789854572663433803311110495672350348816476