0.010075275432260806639099343252587896316155305999463552607527155136851570491757142466697221103756137973294216709581043661867816402
0.053087352106824613193587411955543723228355675519444169699559534480408866634014243018753924093390809361358124875722193423991059137
0.13047479070585194454741256224090274533072517405973568900158425511570462690484032863428516801900100123034467797391048594710518004
0.24226405479864599698506103214550730640128195482552583237576059201166194684919654242373257558369792615024445945353266963257887657
0.38847065780744984240549070672006346270797160445643555331243394002008273971511480898435459995112301679258170646958058719360344275
0.56911265081105260569684210461346048691448884484425493556650150503277471452240790030347846642007193779778113574387926240660070055
0.78421190134550237285802699375130337107843234975625931604338708746801814714406114418771624009814927880342326865107469278332961643
1.0337943439252569396738449104241939214979329543047203454643989633261735616848605222966239765245426260524553197341450342665060538
1.3178900599544507005857966419252151567233813487419012410713064204320127402715590757468348841857729536393609307023990160047838731
1.6365333185665556535604594830238771310341364932708500441061560616803668862067110616989477285327783858881616724020627292464372155
1.9897626075589851658754217180677343193418498144271691886456393358648240714268765611386738539138993930212368084855234663071264615
2.3776206626421335126671777840146928335742912748084852405570872712685923019175677397423580048020668223151223219359438397455934304
2.8001544977644662226960055624726097322549207664682508860822775333012388501308362983971377865768802793765640024282944136648337291
3.2574154375867727068865669597514739295484038879940183751451659512587164190591464825876392617676921985895336434977509686472651152
3.7494591525852357910918058265484412710178044878927633352144156381766430661520725708660178071955728229064042539028412578593932189
4.2763456970336218118135362502545444635146010163710809564559612552390835674575332942142349932417969270323173677177455124523789213
4.8381395500203181352065422579522569148191654136994533356241794463049591397346879805467825467496084120274541792730127382659274248
5.4349096596158589748246684229392753690272933521071461475532802624576027096541532577296776274934100051726759235433065786929149257
6.066729490290252707132849427946203274545822563187727866830880232345690630888416472949888996257504005120158173917711331893704016
6.7336770736741833655915199072108035808667454583675470941578963135984244186652551224194575320438617909917920095260232529914769255
7.4358350627584455352999383825917217009380035204313805589520231644730836995603780143740429818184491417035360429458078808047811188
8.173290789629215332788346254820704321534037444602186072397881906533291557469981978790445141852345715750965000282034916904356051
8.9461363268417212544894733098386293870824820764621780659928305876432778955831395501385766522334388758208533290647454100005919855
9.7544685525409409812328280557840401892168294923517985449045694299920611143891633385014345234018553730552412789584087320934145743
10.598389219444802273923347653615927595556674835241743094711849339545261619793152569491487367421505930153942015271778633126523544
11.478005027812852151912568118378592517586661237595374660244046905205370826120865477741732981121993096588871489083973711745766219
12.393427702531405718970039790520846425155124875878082652527989770840154448733356514732685238774776674613082935295402082251242368
13.344774074454767407455912015121368915762185034269522100214510766484003939977406283351178415281630663715233586950114624223159442
14.332166166151232995312842618497621196836765143697033355555526597014962700204382872486610196674943986686643019894289546829419652
15.355731282212247068133364501402361563665578380508229099746207700809944730993599611347916307610068018530609993885183780758535506
16.415602104293335278965027601576516749223534673493983509654714896775756246661032385263297528917115662085774309438756406205400338
17.511916791066289496987728806886269240298241943138352917790487654114044688716572380059124071479282634667591410305779131325489419
18.644819083273598891771026794455953030814548909023451118841190212886978458619299880009783663518832367385559229367144534029812327
19.81445841408833899972248955867139105499902731211865714248170162547800849649344717111649435324537736777283695269642582318689928
21.020990024995707044337441657829870266505508015367962105557411476267931659054789796318609489589449670595539158550539038747396968
22.264575087426183751858481520734329322752100270658920191924167699566234944004104224087835134820552973144354242747679136691031737
23.545380830384973662684056659652024415917422061521569462617831967222138194911626653336233544204950638574233637942996169529694943
24.863580674337997381064926901824797083563347620253237811043042816302863023909987765989069429351343562820999762807336011425214986
26.219354371631356515662971137638655941730613485981736786446133195356300493119692659073304669244610368414551734809371961830110321
27.612888153738948249656013835175726703664235674656215602307187918750266304709621729988158457219862172688857167823623666384772007
29.044374885651861996667027352605945506804009848176495277660474985148082263076976703715903840661683271311062352196779546578657011
30.514014227743444062290775530091519358350087982161959270546048981401968012840084814031252779599749021065559425385240258392998332
32.022012805465575217739843253213112783958361843991304777204225175800530781934593792041490447739169386641640783434591210371552951
33.568584387254888045142247321196551922790396019037685529229231587112977045214170511907208396552018916349249512326659935446230594
35.153950071052484152648055467013153719430020925570758758256830321383423263718230175163079838139605165141764279425862347820138403
36.778338479867336207610108931198662313347595549679321591540764761393877105355810026638966323746998440164237458261269171107944217
38.441985966842129793455190889637476071012467540310975172082456009606502373434064119217915677479646171925841703030301391981477423
40.145136830310983638776077192782104714647754406515677682276475446434909014493383495327675183440385543441491398172965251555044589
41.888043539371468337078107910046787324566322799510153038013864128364406645638111360947065240427114286419249858480450658720592604
43.670966970528825846881489888615035647529765635071602778727973998064546406943969549920433238003428790937324596108186527724977071
45.494176656008497425552568218856752099496995758854225095546829099538763163905731599035174641605402252142343779235189162605769138
47.357951044374241039806966396247907442771815515087622030519502473394038526439927705999350401095159467680814254112591473428088394
49.262577774133530287453822640405165649511920804479015262969382707305749724186320112788453018209225554575400432389105281112274253
51.208353961059872589236641505481032365657648516349559996954591790193813411887930404472771254303666769059929393313264490058116652
53.195586500013492717645168511898144102767652430584159300208828247640460109408399650803893780696597397766480584979044595030053007
55.22459238209786076224344033061087863131633216768965083106762502655246923854512036479243761687200941375456547767645241677895178
57.295699028050201848449474795716259583890207494721948473968455894077068669079329443954929535964356317603805337672861389610006823
59.409244638829851662521806819418429997524642857844420289021725662421675813264714429818132170902778572447271744858475668779210831
61.565578564439608452206416623014189752462364959009101892967499531741484504752626372777018002435590790953351302496159490773711038
63.765061692092623904231662184331900112504635126567627761121271041792766239904946710949546203361631588820269363085951909624002528
66.008066854921477884464640875066474122681665455620779855896913938487694297697214652964686334714356677368245354995039531510794808
68.294979262517569244063697171835674343280882216505697290486682347673039110113994300204443785981972014867189218564311489170894634
70.626196954688577149009894780092264125728134307115363877609051215229623048609347451229157685674382494687506557422446397651985107
73.002131279930341491850514862510144857103041154295361551790296040791367374196687051736445837688623702374901182283567070395862506
75.423207400228011282897274979680395213780916947272539688048004576634252285355074710710433972261862374776440897087441298419236682
77.889864823930761238089531890228972704755520149934856257061398068174607574862666060895278956304791177786515119208517695416684292
80.402557968585948817482837976008020219295311921797997520965155608964171278399149259755074731940092866737980429881967579180982425
82.96175675577358824097004945323309716036818052939658701781490520945296478945221594317241400368394055913261024343940219823096521
85.56794724015192712128617730011471208859768313109858134599437808694622343276516314373824362244744097197659109354424344935567457
88.221632275111381223326007578301613444863024859780808567856376837980362785662378489920377243215451632831064382761472134051799991
90.923332217638978342334875781449193331923017330729545268062278241088481776484056162217869041181799433737713508202219878898537559
93.673585675220886817451361151408459014289075841938677758824626209636024376202263126690142926116105213391994042211847709932849436
96.472950297858934049646295145546598618087561878645660042051699852197411162922568805564319896794886798543970712287529246188690656
99.322003618550944507746333758218403491128995701387472953674125831075046191149344628424050587931078611668448215234423753072236702
102.22134394588729290105052258670676274626303297613104474755881925259787774423317643020889227780255452996242755830312045545215435
105.17159131275073702869045590562582344013165786046867378591331557164837125180354702778921123645375393831444821542591434980086656
108.17338848547730243323227249706385955271746451833458692600557541097882816653494309362143494444520408347800288360547672536170186
111.22740203824722264583950505487621714585991928472121529859470590230868129046269934532248933914697308127626638416428050646699146
114.33432349793181505407461432126546592720644899562160718952375759093192557026056124432706674324427774418531545523106174223621285
117.49487056513055032617298935092610982105230609863769225696053071006756888795431567089032364111079945937033360328141270469631276
120.70978841769916573224287018242354961883014840754878561379827763766314101166192084575947587426407958651087263523420497504508845
123.97985110370218898633528838737155004088200913716752397608291027356961424907214687672237346996541431320337514303958845781080319
127.30586303143055187356485282124982052388358285423481517086657613870825534713411400112659650112506263500339559693089441798204879
130.68866056491731515130811374623569488234776467336661465980759589935256794579890201362960279352090465134528172207957873882986484
134.12911373427372711460629334912144378839317499166485679141158732998037272979909076545938812520634992927296053238699802443667437
137.62812807116760320746308929080144680241845480447997952317638047708002443971860559280911172067846357254621733677182481677790875
141.1866465808922603683615959304810517780511652168285359994272849109998822662222569821999833998769420903232789528926963471407541
144.80565186374549893527430221158012196022266396880575675591671776453269382251953910576195514548803869263848292507990488648078449
148.4861683998760270080568986988294576244671171818142508355320496004796360926798813525687379971557472833570973065347199336742008
152.22926501338458042927846582310173669526712954434690559894597698382866262960785190481075911289401301159982277980887454284288252
156.03605753331851024166973054942894948462710480924135134551015633570439606511666367033915038237804379499598079360244506092355071
159.90771167130674380641950966154731866942336235884725995525984256256356383735604388295934852400898238281319712060660063264893034
163.84544613798803023972783672677000251955185777978594477462353989132015333327794369934023705122459529037254720601581022522169684
167.85053602313809189710712249624470463426017699240744897084921717499636828089116831778426528486826954397588914644072014037776897
171.92431646755871466960087246819088813728949973259181917342949714458972863042588224666204557920216866620749605510779866757096919
176.06818665842301252719675559523585110699032353894530671494654631054468426601810342826317622760548420281273646964850264155168693
180.28361418395868861702077173147071195742462385952362911388611926127452404166452612071698374315341271713582092611695923062281771
184.57213978819416535266283756475235603858269578735954548975133580569875796939469973970099861206268358113913688282587226228230006
188.93538257211026088996890969757566999411606934776978889756884230964853539736443743049247311670963986287842074974464479063484228
193.37504569407682412592660204728402170216973152850874454959139116353261368916421206740972963790082196290593954953522200395749416
197.89292263008434573244592921417611181983322780441861370685358307909368163304625487601158955125141889027691411154987488683208897
202.49090406321818991901805289779630748012678088810575406211889523079386023484987168484633845655149617157779066543790925374944467
207.17098548232857078705088478796100130482509576271415480515188713897600800673427237882616801107344413782105641145815176331121415
211.93527558224334446232600830922254937062259548660239332455993994766889976452557352444051284428603074357028028431463370801003056
216.78600557254907166792609503067073175630565205576232682391192830818192500846833763426543175452414570523289420764278737689089879
221.72553951942007327794627871377957207054661320463312566283937972704602935585336794631028506836345391343486271190786814132218813
226.75638586581846794060985325077242398548260766345027906005132383252222932996052690731405252008528919092857028879717773680225713
231.88121030038950832381784595080649260816128477039683485850974833319999241248326957219415931350668189528458395888340163057810516
237.10285017550611118945891788847776104818037099604797887422567727703962324768787540294589104880357588695728500090169503465715207
242.42433071140558370737055061933732261701760741731481696213661825424205016354897663466045913063403892078723047437012159823176844
247.848883267782706814859497127211802150515594850358121737467245241974652661665498568224147183157020935858079616832932484314355
253.37996601857830715238054022471018043481189731334049314066977237377021153092777904788255932953632117726368942042025834814194276
259.02128743264891674274466011610134310119008799745705601901350389236087341680620349844461107162625932639467504384763358988765867
264.77683304593565496228610710428336791480863574368794561004968635146413163404260495966319891599455262038003645229599485235973473
270.65089611415837435101192171424126113702651081730383626112122326011576352508436635886727017625743948273700772003792697719196384
276.64811286489630338992316489560914428093698415072704986052905842941539018165781559435048537814259142403376323537291834235705921
282.77350323214048291124015510675254838529189858432462912238459229076902953995337442329130898485469412458671506983477346987139645
289.03251816576755393410336134036134972688205266759118928282691530114406863420185732295309867739103155941253219498142168246646164
295.43109487755530963930967265041277172127725481697067704878552201218852129279516764198093251418630742151410348142226099436044095
301.97572173456310137935060849340879740318525788145033573738715591740581850483873945555314660149318410610047851012573820033537155
308.6735149681520157261915266039913903475509914865472080297386173818700069014749974587150018844963291416547170854693008793747343
315.53230997248409055272990491781553318708175823605375470058322270950336003607477977495027039803560343320835399496123225398058651
322.56077077709844443023204099197459982078011729818210407469470533291332715403078068999926465925479069872079110052213563396167624
329.76852237705579739246255340263898361192624796782480374359406233403168580199498154240476319028837649035595224111209818643953548
337.16631211361397092262216057048335429914704815592703144867066976962081152202175036225022061406587899825766365706102889403051501
344.76620840235777770879325667897322197424867595768155277869066621387245805663190446292135223174356178444015618505713829473462277
352.58184808567944240091313621257129999206416019943074863096056186784150194880691008944260814912019446496758385134818446955234213
360.62874798249335380838625083095377759664742585185510178692611199974736949475855098494034039420435177669614728220144559150165416
368.92470252377156804819780215281675079160663294044108445719644326863275828466981979014042696548295314720271432748372998145486465
377.49029885246598474298229258717993143188134318568882269273308676296086547304257623804475039446662066357181678300194534376912571
386.3495953798282968705710086669780249462818307581974325404441625293500648349191860697795896929579008847848536345964089991855759
395.53103292533665289205045815428720817796715639760624576001555879060564886394939272644494822366176840826572789234331526552616501
405.06868536940727669492179722871920986143014416876075890279512862672577442848199027824566329665993710883349217796632622131201372
415.00402080341704648895105275586102125629405383831905225241231468937436570270954280212601307060351259548431881314781022472880489
425.38845740224260388116873086523922255770188503470248777501999441113448379386544515424028571447799787838013298120782001462134451
436.28720871472030954028213834115645683284404243498461498395529775462050048709661281846567575150035399097154980392611098589171385
447.78532849494355947672732724267155257726035185080839166728356962012767497025606085046188744474625754692779719143431569671361073
459.99774795088408623523427952738123338306913680266649068355256879437392897847958951136460604814748696633026961029280624510281697
473.08715689111929170300852187076827237051949576024741532028185953516948739191919854502017408235368633293650252123372828683146491
487.29900186875559533485482258438990510495458552581171780705574089689348172448266858347861618272489267617706631628679229448545471
503.03976133013502540618977102019665244299489987156376867761522886074532938917232488167183099968178045774754438287349053436977074
521.09234831836533201023113862590693821245589553845297839187740930322878679619791124059859113328053887947666755468853400568792138
543.48833747795747262384791908648896196506393226134809505292415961319959111326082431651471290532360415973652333210243046208682249