0.026051053820324278250579294485351617460876454406932411311992264574052890065121555983447843288240423401475586571208307393153451201
0.13728438045987447381464094628821017599684716328994766564514196252871873494854954487450288819749101160493004231954373390345330056
0.33749533109501961356405147431476672295229853834704683430063933575780592707291484285785253766929416438946199250267364956771398569
0.626889272891755605560436865049022597805921063973656297460667328630362926076880797141604953539730702039703408092976919475933265
1.005705048769563968799765194639938024160681654583141970153850742640045357493937342204900397086009172525302247604139784543838027
1.4742508686536938355899028677355371922152854078576158797726883178258321575628855770142348271614617477586116915759953620205048091
2.03290896578269929193319291645540030591671092363023861121787695793556600145421752228502120761217693247247628139042178089872134
2.6821379410628971304442330926951002460759404148673920583454044470071006968960416576303847390108153695201271898779135507669441327
3.4224750321694177851776853557064799049861737360496037184669701016485494177685254931691017671049143562361601662616017494441332105
4.2545386712102939241219559867796609530806519065573525049653198743103000767927784888348115278285287270512546965517186238525116594
5.1790314351171323574403678094820382270454913430004098219651342062281627823560175259110744327089342687252742509232535897121991695
6.1967434444176142889983054339091141197823055194584834081455699109397679494851293073767008934373928679202958764961750811588360323
7.3085562583486959422778215120024168710962319871270895657249094224184252645058385544080362857461036101770031768769228566706846125
8.5154473172541106125684301295875714862272537367635206280720812260033334345983368323665914922358365050846992394451478183618820959
9.8184949901667463555109800558518673871728476410048395095231455369281618910227105236796478633307167023593726050036065168087529036
11.21888429476577061607354456136973408031038329644397759347965987327455292898905591947535752511235778529552828864066196122811844
12.717913368233225911994544889603914561552589372354104179832701673072482060687522854133483293153580818800396347683601157243921402
14.317000781085399181758956578184832838899389813920063442603317828583520232323180636593608767107135310498040044806226773289573338
16.017693802210304155240725964918219432314415296888063896279001403684349185221875393063069992945170300067003704416843897156393921
17.821677742657949296342326791213330176729010373549058702047550299804000318031109551195645916844566035432267661047476580476546522
19.730786528928478792431399571374089187325341547683503170007623753473023065923056335718013344349375560179407250044004701160436724
21.747014684513115369781325581685364465708225463665994646321576818383870309401227634232026634456447781006640859208542496772012959
23.87253093245317084900306457061891164056394038107429454537306731677125076284442854403278270260163400675107120824058010896899098
26.109693673222565332765097294112910501991609033571277510909679919920316741754754449020985047961250437843840934976702564837323579
28.461068643288552685161380539505977486883585632871547926881528423948842776509863737848509723534612157678097865519621393747741352
30.92944912284366620484750144025379953026621298835088827083714434865611005009213242545056197580456109092240326719302942667486583
33.517879139818732218195856140784972322707449752651801577997749541582489372816287373770095473088157619718083522345596037898777339
36.229680215872487019472995516871722065043652037775620462948514313910575884797818818429428802734610151701288142804742435089009942
39.068482324609913062848687374389398431275753895325757074304972278451182641769520903911026448622164253448623228906911580755156468
42.038259890908110754788973857323282938767975339503865286470706986599299429423330976469495224478606777604364707353009978580396094
45.143373863965899656593264652526438067142659255975999935368647947410939875031536915724136560070339066980908000204797801102362945
48.388621160755573348790057065780214006095513082555664683248042603400656389823532590044927854521775898512975442859311338771155566
51.779293122153155466153021252969974996746119416599611163672196905785204311310693889363663451886957824107921320256241477907933471
55.321245081100519859037840517531891839331155359311900387052433240667188404030494822030499379038053277074403097413668479404446181
59.02097975355444108710783100005402710644421068604468465330375919902428841015668052778895984328914426248997023777645340456910852
62.885747990913286651276955427384165248502451840122561055811902917562212136861625279899535958663764084079890190729356413371758473
66.923671568849938264241808279810339080020149323457094342803895308250251523259681603588799176605566133964567392563347459766110428
71.143894269752951708483252152213950362946249279739766698595780020377053858021154655395686304411157740267658334605557288743937764
75.556769754957210285180929269343991405303832306143740026617870409363346010697777716235065798509123495792938290832169016729176159
80.174097947635086314445024314754220567498358882244964025513913798496041743549021369337161648536922182809870257014428109201334129
85.009426383373796906165001879469457174328752554068320718792044869283407657384576987372259756976651405705571183210171144668896633
90.078440094978597104921299394011849510640082635378744245994911868501384574893553223723609342570451718895396652395964832413242756
95.399474534779935220727339892580442338793224401092072187875750983397261617433714782895549565774376451116421841576450971322511552
100.99420333421821681497168012092396250860936941808589716382685833878158634832459231200621642994845743301228593262215591841030817
106.8885809321786801454807858696878511743355656740182970132445972338152735667216864823707097831906644546853979573088599573693945
113.11416788974007376858887238483341179712251402215574775477265750731707812860638508042724132754972982668570295304547420739542793
119.71005109282959750129756508641347215638687392560693980722200931623219152067224848995857847641581902010133243126926900444095279
126.72572769798642087007001086573905770021157122866734869164283548945949515984999791122558404959591377820755907059841278433012944
134.22563050687777520837656837064622656624052577644430254001004346277392385081515523912853819272979605659217025099396945778000864
142.2966278725043275564492742908697189250866379845515674445683490807770053436552393726078929167579562880272683848598215788181336
151.06135768148827358687791514632579089491700444188339873084880848531433006635194009329828567583932931297474391137473206774832246
160.70426949523930734675817985847799490543641971889177359910043758409603142400235501601059728427235506855394755607431885667461482
171.52973483368153194920006120221379684156669233910109986609630570417472707402258285572627439926270834319511835219225298848579533
184.12155609437943364900217867493134965455756350657176159479639069664725221695848522882846561952645518814935149847971464196409015
199.9870318854746888150445534233134696794214512247396524978533706135998175188802364359297566753046550398034239750622503801523207