0.18544178808228819351855535953917590919359923718789228256305722388747039430733073307281233349168722981868102592322957136334101694
0.179183587094770528458325785700171425623340507181251024418978229250241538242141166409115878396441814189431742871497280637992604
0.179183587094770528458325785700171425623340507181251024418978229250241538242141166409115878396441814189431742871497280637992604
0.16164525387078750349276251185700793368906226995409176976123214713809371443281346611489678863001279770882879736341810342293763
0.16164525387078750349276251185700793368906226995409176976123214713809371443281346611489678863001279770882879736341810342293763
0.136138321423773089283161047873244664458117987138096429173162677376392079814212519334399494959667796197703543716409675548629
0.136138321423773089283161047873244664458117987138096429173162677376392079814212519334399494959667796197703543716409675548629
0.10703228204562117111651068636166349203393449634121002974329516936287839121293008763077181774190072093167170937074649779099
0.10703228204562117111651068636166349203393449634121002974329516936287839121293008763077181774190072093167170937074649779099
0.0785445338498936571370877630547582861388040970713042978438306182865190661821512888783007168253402598383534293956699094898
0.0785445338498936571370877630547582861388040970713042978438306182865190661821512888783007168253402598383534293956699094898
0.053792186966533860240801187117362741939917882520085843692331952049063621035735143274829927357050190078002765548386386101
0.053792186966533860240801187117362741939917882520085843692331952049063621035735143274829927357050190078002765548386386101
0.03437518307373651636467628305923466386376800084475172123576047800215718481123200565929434406400913751385073438898117354
0.03437518307373651636467628305923466386376800084475172123576047800215718481123200565929434406400913751385073438898117354
0.020492691616955322084304293734809538084669371416078908786397588699767681390364645137937720220465339083937020755837238
0.020492691616955322084304293734809538084669371416078908786397588699767681390364645137937720220465339083937020755837238
0.011393877212953172036419423890550327956377797595476829664601018314771148533327476658562692103250984672745956713752714
0.011393877212953172036419423890550327956377797595476829664601018314771148533327476658562692103250984672745956713752714
0.00590659899998340459880656416414876201503182298686117745747058113887123328538821719277797526065732297005517531982849
0.00590659899998340459880656416414876201503182298686117745747058113887123328538821719277797526065732297005517531982849
0.0028540126420655982742386514240866002165772260664117620654412959383240331956421894629670180041144357813280977052747
0.0028540126420655982742386514240866002165772260664117620654412959383240331956421894629670180041144357813280977052747
0.0012849006257472780965313623126910950378740508522775652987550532386499967282793744036982402899931411182379377841393
0.0012849006257472780965313623126910950378740508522775652987550532386499967282793744036982402899931411182379377841393
0.000538771407636701857020809761762763442721290863441941907317338205436139261325388643329689719103965939824633267402
0.000538771407636701857020809761762763442721290863441941907317338205436139261325388643329689719103965939824633267402
0.00021031479179566008399168094147553776391216490102967117702459854765807319951117924726984627483771450852794915062
0.00021031479179566008399168094147553776391216490102967117702459854765807319951117924726984627483771450852794915062
0.00007639352857282041848185991482352939578837581754417478487593840068457983431894791430306519953804390638736521375
0.00007639352857282041848185991482352939578837581754417478487593840068457983431894791430306519953804390638736521375
0.000025807006976135395351864649335685926129207924287355448418707952987663249819491221601742536912702611295367485
0.000025807006976135395351864649335685926129207924287355448418707952987663249819491221601742536912702611295367485
8.1033917859954213677339220058687294119260600983688063453438166892050971860116707481511121593443693866874853e-6
8.1033917859954213677339220058687294119260600983688063453438166892050971860116707481511121593443693866874853e-6
2.363622904324349833309225252586177233503627447525070044676927506876387290783685340372056793092949232689805e-6
2.363622904324349833309225252586177233503627447525070044676927506876387290783685340372056793092949232689805e-6
6.40007567813362197024887474124030412964316753792611161514435129472206589544115493596014109563035479978716e-7
6.40007567813362197024887474124030412964316753792611161514435129472206589544115493596014109563035479978716e-7
1.60760547960892083039867309383151833121105199185417384800960555628430714459012889381700673358811435536509e-7
1.60760547960892083039867309383151833121105199185417384800960555628430714459012889381700673358811435536509e-7
3.7430932220185636753855419419413488431552114771040450346625389858127795505944304846261455725659815432791e-8
3.7430932220185636753855419419413488431552114771040450346625389858127795505944304846261455725659815432791e-8
8.072058769948632911170621616232975188812174510559916039609818292009170879744723128643599704645516421066e-9
8.072058769948632911170621616232975188812174510559916039609818292009170879744723128643599704645516421066e-9
1.610873173885763317548564208356172490516012979889156178625928196247419581006357146479759076275566403184e-9
1.610873173885763317548564208356172490516012979889156178625928196247419581006357146479759076275566403184e-9
2.97205206641212656383554001886058703769613885078400148601224302964837578046173716322162600563707378099e-10
2.97205206641212656383554001886058703769613885078400148601224302964837578046173716322162600563707378099e-10
5.0644993569234063948503875310763747521864367849393801979560425238902512119998254251847687491998379706e-11
5.0644993569234063948503875310763747521864367849393801979560425238902512119998254251847687491998379706e-11
7.962316051540342146258546578935172094527138978375599681462757766483245079899266829885908895629741759e-12
7.962316051540342146258546578935172094527138978375599681462757766483245079899266829885908895629741759e-12
1.153643924605472763666460305667025177597561189070915795033953839076186620415683280470906331351278726e-12
1.153643924605472763666460305667025177597561189070915795033953839076186620415683280470906331351278726e-12
1.53853478567934905759646227840512617177595125130850126786501608154007010231142282213505651612196868e-13
1.53853478567934905759646227840512617177595125130850126786501608154007010231142282213505651612196868e-13
1.8861860904057440432679722936045660154998065988148701570873834789296206505935388359955077868108492e-14
1.8861860904057440432679722936045660154998065988148701570873834789296206505935388359955077868108492e-14
2.1227770911527302172248070723020785204311648868185600771840003404326063363853101602665746600454445e-15
2.1227770911527302172248070723020785204311648868185600771840003404326063363853101602665746600454445e-15
2.189916881328281620360352667527361155400350592186038801606568704496706685160884076190866897218746e-16
2.189916881328281620360352667527361155400350592186038801606568704496706685160884076190866897218746e-16
2.067625428278485856991348995447826566155039700208960612274552868968880248622227794512830876544905e-17
2.067625428278485856991348995447826566155039700208960612274552868968880248622227794512830876544905e-17
1.78364450993259253155013247881163914664187963603808082188449384458006850640871915862229388887975e-18
1.78364450993259253155013247881163914664187963603808082188449384458006850640871915862229388887975e-18
1.40332455364074888375427687651349960032710908073640563833968187327545915928726990994063809352491e-19
1.40332455364074888375427687651349960032710908073640563833968187327545915928726990994063809352491e-19
1.00505178253778125563322380966088643415062049729075082229894759071366914561541536296978825602375e-20
1.00505178253778125563322380966088643415062049729075082229894759071366914561541536296978825602375e-20
6.5389458924467507484095291874343201223948291805042296176409497662672975343211984109150362147348e-22
6.5389458924467507484095291874343201223948291805042296176409497662672975343211984109150362147348e-22
3.856211582864975708010090796703849597249015350232499458789670397013748776330091699633597163387e-23
3.856211582864975708010090796703849597249015350232499458789670397013748776330091699633597163387e-23
2.056473821295702914950712161261172891643874293380677179898466275732087775624573294215120910811e-24
2.056473821295702914950712161261172891643874293380677179898466275732087775624573294215120910811e-24
9.89223221404480612769457134190553143879819073660561016807747593648504041734766369891569521474e-26
9.89223221404480612769457134190553143879819073660561016807747593648504041734766369891569521474e-26
4.28046183477914264561807483425742877522329588926883727340404738851323021957957875111088745411e-27
4.28046183477914264561807483425742877522329588926883727340404738851323021957957875111088745411e-27
1.66125826154770323726005178095411936414991287000194311085385082950214339825264024368581540193e-28
1.66125826154770323726005178095411936414991287000194311085385082950214339825264024368581540193e-28
5.76445136603179392300643760184094166108473453983069871483163507888114556074652672272820242132e-30
5.76445136603179392300643760184094166108473453983069871483163507888114556074652672272820242132e-30
1.78223719902144870969920252779887356942114093957482373793129413650781297440758439113230084676e-31
1.78223719902144870969920252779887356942114093957482373793129413650781297440758439113230084676e-31
4.8915667031804272696148381876334543694841862264518126129005534646745330618484017664592769968e-33
4.8915667031804272696148381876334543694841862264518126129005534646745330618484017664592769968e-33
1.18701210098092294613402530983844146430985575668469276327202726223013742740639098484839042085e-34
1.18701210098092294613402530983844146430985575668469276327202726223013742740639098484839042085e-34
2.5356047070173571796123131745112414799850454059013667407669518827974341329527394030044190683e-36
2.5356047070173571796123131745112414799850454059013667407669518827974341329527394030044190683e-36
4.7451186753733717577852750932699169312706794322295507683699314439842005750700203947941761041e-38
4.7451186753733717577852750932699169312706794322295507683699314439842005750700203947941761041e-38
7.7388088770231314862569166148322838138831883640152725148075722196741412625013355902721452284e-40
7.7388088770231314862569166148322838138831883640152725148075722196741412625013355902721452284e-40
1.0936052280580196195693565440462764197518774185548260554723635379833744264058671394183659941e-41
1.0936052280580196195693565440462764197518774185548260554723635379833744264058671394183659941e-41
1.3306007915064373432103399138703553929332848045096738501620743644712829314677403926286958862e-43
1.3306007915064373432103399138703553929332848045096738501620743644712829314677403926286958862e-43
1.3841464531877030967643628089401006862220813762574720499424951743512947053376907382695219108e-45
1.3841464531877030967643628089401006862220813762574720499424951743512947053376907382695219108e-45
1.22142917552764604496721620233583032801908042697243358791264113924216251143324319785034536387e-47
1.22142917552764604496721620233583032801908042697243358791264113924216251143324319785034536387e-47
9.0638661704614606113476329185263019772349785253198844085818708373130821234637593251155833507e-50
9.0638661704614606113476329185263019772349785253198844085818708373130821234637593251155833507e-50
5.6008912228882255326816578600014331599877237997718508620476465197896697814673698971115428035e-52
5.6008912228882255326816578600014331599877237997718508620476465197896697814673698971115428035e-52
2.85026265812917755062283343015533358687147006212611974217527507476113689796844496819268260032e-54
2.85026265812917755062283343015533358687147006212611974217527507476113689796844496819268260032e-54
1.17955933191475566502931864892725698806440933310270953242825536263562372779370119532530884714e-56
1.17955933191475566502931864892725698806440933310270953242825536263562372779370119532530884714e-56
3.91276595878192576212500678515825167587870418908584552521775983996839167612351955041539834472e-59
3.91276595878192576212500678515825167587870418908584552521775983996839167612351955041539834472e-59
1.023102053648115340107275013433900369210866102130138003604838122228270583696158781029377859464e-61
1.023102053648115340107275013433900369210866102130138003604838122228270583696158781029377859464e-61
2.068002987933719724466075828044887133664484238434012300022588346647727286621165725652653181388e-64
2.068002987933719724466075828044887133664484238434012300022588346647727286621165725652653181388e-64
3.1577316852341749848629171630497384887643045074615166517784153444828980773243758482619005759e-67
3.1577316852341749848629171630497384887643045074615166517784153444828980773243758482619005759e-67
3.543415768707350333440941764073970178005366833516567200694452172377757297227708788931381780042e-70
3.543415768707350333440941764073970178005366833516567200694452172377757297227708788931381780042e-70
2.8258657002434776974752855605608243452156493253357559118046068890256203245799289326878339594474e-73
2.8258657002434776974752855605608243452156493253357559118046068890256203245799289326878339594474e-73
1.5366409186618142991864344552228450087503386421985405089465582350887594938085121428110170541772e-76
1.5366409186618142991864344552228450087503386421985405089465582350887594938085121428110170541772e-76
5.40659051936273329083471398846840777676330650494128903387820374714475188700303167954936440054503e-80
5.40659051936273329083471398846840777676330650494128903387820374714475188700303167954936440054503e-80
1.149755572247502562202088214728663888174189719301932477440797858240186542511825750361876122699942e-83
1.149755572247502562202088214728663888174189719301932477440797858240186542511825750361876122699942e-83
1.34821802003861829481119825886693262576549173837745559676735119080209374868270329533719867816292e-87
1.34821802003861829481119825886693262576549173837745559676735119080209374868270329533719867816292e-87
7.6595061701918600770125013104395790676686493669411880501459801890096578590644011599081889663101427e-92
7.6595061701918600770125013104395790676686493669411880501459801890096578590644011599081889663101427e-92
1.73618319162508970318813301726900320272765979047066560785597428001841529104466500602388429761183238e-96
1.73618319162508970318813301726900320272765979047066560785597428001841529104466500602388429761183238e-96
1.14080910374666258278195133221495728520039272483340085442366031343509303397909825955197771846099149743e-101
1.14080910374666258278195133221495728520039272483340085442366031343509303397909825955197771846099149743e-101
1.181269994548353226242412511407038475951712237338323280550264604841006814574736966946273505922963702563e-107
1.181269994548353226242412511407038475951712237338323280550264604841006814574736966946273505922963702563e-107
4.06516533066216201044567920023653795949194567637706164491074620737430335592446862874030458588690244531981e-115
4.06516533066216201044567920023653795949194567637706164491074620737430335592446862874030458588690244531981e-115