0.3172743849181669235493299877402407130837778751410643852169831790275952578921092676875229855118840328132027161662722599909759752
0.3172743849181669235493299877402407130837778751410643852169831790275952578921092676875229855118840328132027161662722599909759752
0.256844543506519948457683375018264568384110081423953744952982247049764217890292279253575425214134696708121056728349790921534854
0.256844543506519948457683375018264568384110081423953744952982247049764217890292279253575425214134696708121056728349790921534854
0.1681601273621227987733751066554346433742394215228869827259547688460960560118800031083041658584824414223538453267749000243806
0.1681601273621227987733751066554346433742394215228869827259547688460960560118800031083041658584824414223538453267749000243806
0.088868227566005361881243750052627864196178901090077350235802347952068964547354107120666514506199782972897679038671559717544
0.088868227566005361881243750052627864196178901090077350235802347952068964547354107120666514506199782972897679038671559717544
0.037795830992246997999604611110390014054726197166516382004886690844106290011426363310280999882641056739801966925329254413095
0.037795830992246997999604611110390014054726197166516382004886690844106290011426363310280999882641056739801966925329254413095
0.01288348755977720174705764422567614956557507302189227563680221210082188313487264455814771686606553891922903515931629743043
0.01288348755977720174705764422567614956557507302189227563680221210082188313487264455814771686606553891922903515931629743043
0.00350105785052278641752389951606683240333571647605817237990671775509881076419042568076748616644750989189728688693757122944
0.00350105785052278641752389951606683240333571647605817237990671775509881076419042568076748616644750989189728688693757122944
0.00075339673454313906038112595972433499275783326439529253173742581719023634231709433735419486939596095322193867505270213871
0.00075339673454313906038112595972433499275783326439529253173742581719023634231709433735419486939596095322193867505270213871
0.00012731983755106908880050848288199440420493106252184406279718003844510913741621125347484866597467568409890406174367132831
0.00012731983755106908880050848288199440420493106252184406279718003844510913741621125347484866597467568409890406174367132831
0.00001672593592065391614274194830267306093044958249989582964138360669484973839377834568268632541508648215798582557170423081
0.00001672593592065391614274194830267306093044958249989582964138360669484973839377834568268632541508648215798582557170423081
1.68694683973550654257780364661941040884800062073588121092096161420544780784786119839412639083114121077006829696350436e-6
1.68694683973550654257780364661941040884800062073588121092096161420544780784786119839412639083114121077006829696350436e-6
1.28653241305633507112652160651481874185536571667206328364579778822225165423276219414553386930924482250082917952794194e-7
1.28653241305633507112652160651481874185536571667206328364579778822225165423276219414553386930924482250082917952794194e-7
7.2816347565639227569670923103868022521077963531411769503404714282514781477932729933461684253361945202046613605860688e-9
7.2816347565639227569670923103868022521077963531411769503404714282514781477932729933461684253361945202046613605860688e-9
2.9885455879923333119588640800408585402597366414213892082931898653889607691492320134952677530091200123479149933516106e-10
2.9885455879923333119588640800408585402597366414213892082931898653889607691492320134952677530091200123479149933516106e-10
8.639140291448299378280140997359892537769863422245664651836437333328220445090566606211449385997499324993769360846104e-12
8.639140291448299378280140997359892537769863422245664651836437333328220445090566606211449385997499324993769360846104e-12
1.6947076167749938285771289408794891945418553604746982431823420584663649414782135903954812858411297025374423695287703e-13
1.6947076167749938285771289408794891945418553604746982431823420584663649414782135903954812858411297025374423695287703e-13
2.1486472823678997972928360104048245935277473678060160515742812642840009566095520793456478706062372927187478236242214e-15
2.1486472823678997972928360104048245935277473678060160515742812642840009566095520793456478706062372927187478236242214e-15
1.6484447389507413198885745168048405270760149374484039166829550854605131865482194146745783833024805437768314796906572e-17
1.6484447389507413198885745168048405270760149374484039166829550854605131865482194146745783833024805437768314796906572e-17
6.9737995966948363354370820977895007747742370441117451195409907924890283068059252608992106602583581787215648049466878e-20
6.9737995966948363354370820977895007747742370441117451195409907924890283068059252608992106602583581787215648049466878e-20
1.41550420167549847980923354748128736419528870575517440575055865421895067734370430461990398442569377085489282138425312e-22
1.41550420167549847980923354748128736419528870575517440575055865421895067734370430461990398442569377085489282138425312e-22
1.09765580199679592021832345602800552484081933404337540399250242081134827129450309347611695190165467443858252748376263e-25
1.09765580199679592021832345602800552484081933404337540399250242081134827129450309347611695190165467443858252748376263e-25
2.113201496269693718518021594408465034304238197997623044857701280182850093815071412204170789811375610400254269295835482e-29
2.113201496269693718518021594408465034304238197997623044857701280182850093815071412204170789811375610400254269295835482e-29
3.4113792299095797301546394523646447635675842483115162616605518484408218124513534507834628783686583880533062986798850733e-34
3.4113792299095797301546394523646447635675842483115162616605518484408218124513534507834628783686583880533062986798850733e-34