0.14177794470428818864796806074738372264432153493133699367634544653280223938435846588845225502588244198378772905057275246720334621
0.1389593263297964731993031332306489094809772239899242343108156217943110607753424159786057568121700403523556562560257270096240595
0.1389593263297964731993031332306489094809772239899242343108156217943110607753424159786057568121700403523556562560257270096240595
0.13083482114977408479429803890379981402692519097086650121706908620296647127716728165100933442404903506531741912805046106801178
0.13083482114977408479429803890379981402692519097086650121706908620296647127716728165100933442404903506531741912805046106801178
0.118334486860969774640926100370646897046130437778082551049943913009781278849548474589452450550338268349556130177381749343901
0.118334486860969774640926100370646897046130437778082551049943913009781278849548474589452450550338268349556130177381749343901
0.1028121694821173084971561177190601484877581855168449392226266681691483685049064824987491537593340588652685393828088285
0.1028121694821173084971561177190601484877581855168449392226266681691483685049064824987491537593340588652685393828088285
0.0858050639160251518633305051157046098830429240781983851876329469619468546527496133179436772009115433912859540195218260632
0.0858050639160251518633305051157046098830429240781983851876329469619468546527496133179436772009115433912859540195218260632
0.068786568609963750172347035043418568624144507271380460726405983615390752366943391239365139509059268669100777635794365623
0.068786568609963750172347035043418568624144507271380460726405983615390752366943391239365139509059268669100777635794365623
0.0529664595459244365212391554665219829872785545313807466024142064220424529079128786701158696213141358756713286617727665
0.0529664595459244365212391554665219829872785545313807466024142064220424529079128786701158696213141358756713286617727665
0.039172939246007663517745373754290663404127152628947283360152581514616218891083357977109803328402533378145296465187825
0.039172939246007663517745373754290663404127152628947283360152581514616218891083357977109803328402533378145296465187825
0.02782516301970666824814220773562890777413426302868495399001940053150291703126115389114925443348537628635779173772189
0.02782516301970666824814220773562890777413426302868495399001940053150291703126115389114925443348537628635779173772189
0.0189815254650216185209492323606122660315069189864685695935367936564606315210333757934049492712891521573771611700684
0.0189815254650216185209492323606122660315069189864685695935367936564606315210333757934049492712891521573771611700684
0.012434802080819629650350073127469978277017136742651851721148706832271582763485640525555688294182942272875176210452
0.012434802080819629650350073127469978277017136742651851721148706832271582763485640525555688294182942272875176210452
0.00782222970477396157666578000516166887234360883103680016967133236716651171409098890849083545100149024981292797148
0.00782222970477396157666578000516166887234360883103680016967133236716651171409098890849083545100149024981292797148
0.0047246834528736697159268809792814197081006073994207068030279790119563115398536266803611276266618846310664415657
0.0047246834528736697159268809792814197081006073994207068030279790119563115398536266803611276266618846310664415657
0.002739862895267022403524750923568278089870709838649073336434682410197254369436148727732820621307031819247652946
0.002739862895267022403524750923568278089870709838649073336434682410197254369436148727732820621307031819247652946
0.00152531426236799628527187988893359180471537604046090335544372487586377651632666481967208823439275489660383517
0.00152531426236799628527187988893359180471537604046090335544372487586377651632666481967208823439275489660383517
0.0008151199594257296531812436696030620480202670898689657382954813969514126115497146164211900842382621185551714
0.0008151199594257296531812436696030620480202670898689657382954813969514126115497146164211900842382621185551714
0.000418089805249000808963881200568020709463864033232887714627807624731714792075564079974023609100198004578764
0.000418089805249000808963881200568020709463864033232887714627807624731714792075564079974023609100198004578764
0.000205804299097754566591063460020308037263302346947472548001256814453925024201004590578100359119452555878579
0.000205804299097754566591063460020308037263302346947472548001256814453925024201004590578100359119452555878579
0.0000972128867676742369389378686522943656574136307614952560618336155081552233164066712195196338365317615732
0.0000972128867676742369389378686522943656574136307614952560618336155081552233164066712195196338365317615732
0.0000440577377867255842926666246626384632022480987710751917584641355697808106928101108654455210537247962766
0.0000440577377867255842926666246626384632022480987710751917584641355697808106928101108654455210537247962766
0.0000191553716224713963910810722276826279400262026814876666171456092696845588737924511017267104449940011993
0.0000191553716224713963910810722276826279400262026814876666171456092696845588737924511017267104449940011993
7.988526432475251447920287464283488884154530636193866555751738593331396139827676011500570843857277117e-6
7.988526432475251447920287464283488884154530636193866555751738593331396139827676011500570843857277117e-6
3.19510168552198044318488698043346426892865776711784241287458388798221080165850777596752082242370328e-6
3.19510168552198044318488698043346426892865776711784241287458388798221080165850777596752082242370328e-6
1.22539267686673251551914275542024649370097437613328347963332401870436448698549218401724523420856789e-6
1.22539267686673251551914275542024649370097437613328347963332401870436448698549218401724523420856789e-6
4.505733903047686108562764088262570435529687050142306128051975073837611277009677805222028152443053e-7
4.505733903047686108562764088262570435529687050142306128051975073837611277009677805222028152443053e-7
1.588103716163577286394316478971151022594310474513857744709817536647431496721770399950889636711967e-7
1.588103716163577286394316478971151022594310474513857744709817536647431496721770399950889636711967e-7
5.3645697221495484627900541787734031415946798331014208343203372899289404124118214462092155070597e-8
5.3645697221495484627900541787734031415946798331014208343203372899289404124118214462092155070597e-8
1.7363986806840614948700796061558853011564499484573498965464348460747232352232874728764072539981e-8
1.7363986806840614948700796061558853011564499484573498965464348460747232352232874728764072539981e-8
5.38436395674743886514372263155238698623877495321204500207744251364257483498736015541473412602e-9
5.38436395674743886514372263155238698623877495321204500207744251364257483498736015541473412602e-9
1.59918109744853115134563106925188380647596335732614044460166693140416083973738308288877470735e-9
1.59918109744853115134563106925188380647596335732614044460166693140416083973738308288877470735e-9
4.5482352466037680505045128933363718904214219886393971800720485093567504323359354052402614875e-10
4.5482352466037680505045128933363718904214219886393971800720485093567504323359354052402614875e-10
1.238425135070785920433940892516091216007572720896458397907413269068753849346358772031776647e-10
1.238425135070785920433940892516091216007572720896458397907413269068753849346358772031776647e-10
3.22755288422287540962377919206613201209292831578831517035406074569376372193998044367813982e-11
3.22755288422287540962377919206613201209292831578831517035406074569376372193998044367813982e-11
8.049047754664814889329781238347964764868667104963867033083695748321748809601242841005663e-12
8.049047754664814889329781238347964764868667104963867033083695748321748809601242841005663e-12
1.9203012121664160709032897440956822574952252432274741597711780946280261442424513037634108e-12
1.9203012121664160709032897440956822574952252432274741597711780946280261442424513037634108e-12
4.381566523851319098337880648274484317930048131320541957026279111696979351835114584970311e-13
4.381566523851319098337880648274484317930048131320541957026279111696979351835114584970311e-13
9.5587546447101530148806065035388896900663717061780229525530269228852970730836122658204e-14
9.5587546447101530148806065035388896900663717061780229525530269228852970730836122658204e-14
1.9932268776981530356527588992505324012371786864907517375810480311330038083280348840597e-14
1.9932268776981530356527588992505324012371786864907517375810480311330038083280348840597e-14
3.971569803463669090126716405090519437917102873263980046383774674577174716835767098906e-15
3.971569803463669090126716405090519437917102873263980046383774674577174716835767098906e-15
7.55925400957617698852575916621251739577891939318110393826311717094031274470368746297e-16
7.55925400957617698852575916621251739577891939318110393826311717094031274470368746297e-16
1.37392399838051606097090801913459662479849129945367518847635721007215042743357126582e-16
1.37392399838051606097090801913459662479849129945367518847635721007215042743357126582e-16
2.3837659752868157018091751391985404874785126973647587102907803902144770819581713229e-17
2.3837659752868157018091751391985404874785126973647587102907803902144770819581713229e-17
3.946625528032729411030164567362321941965413330306943648601309495365422418313442263e-18
3.946625528032729411030164567362321941965413330306943648601309495365422418313442263e-18
6.2328666340610820074707945444624719720508684679495498579344088819366017203867377e-19
6.2328666340610820074707945444624719720508684679495498579344088819366017203867377e-19
9.38601636156627695483807221806302931701269487617018813592787653436237769893183098e-20
9.38601636156627695483807221806302931701269487617018813592787653436237769893183098e-20
1.34719914263867081652917350188730201054575414842651494923345245492201550152299199e-20
1.34719914263867081652917350188730201054575414842651494923345245492201550152299199e-20
1.8422901687696374907866546358486776262649371664299781509870913683336814815399996e-21
1.8422901687696374907866546358486776262649371664299781509870913683336814815399996e-21
2.399229308977740279893680733642177649832774742006370888304736987064129740316383e-22
2.399229308977740279893680733642177649832774742006370888304736987064129740316383e-22
2.974249874499281816273771289926327282467583080775326397637288383080722955341371e-23
2.974249874499281816273771289926327282467583080775326397637288383080722955341371e-23
3.50810072753769695663895091896743295662534750589597153639851735266170916736021e-24
3.50810072753769695663895091896743295662534750589597153639851735266170916736021e-24
3.934999267442073430888150869620907645284413635900654533098489712068095966401e-25
3.934999267442073430888150869620907645284413635900654533098489712068095966401e-25
4.1954270299304171811232319719906219587929292287734481886412661571930822325864e-26
4.1954270299304171811232319719906219587929292287734481886412661571930822325864e-26
4.249511440999586249611667289559115381302632889641615558996792823427926207304e-27
4.249511440999586249611667289559115381302632889641615558996792823427926207304e-27
4.086924985719258711402249730857781923365996172954008121549900823284926805767e-28
4.086924985719258711402249730857781923365996172954008121549900823284926805767e-28
3.72995343102316246330709033025415726641093780565340280440937563472500810077e-29
3.72995343102316246330709033025415726641093780565340280440937563472500810077e-29
3.22852232808540670088080471564851568615931678227224097307807701647102442609e-30
3.22852232808540670088080471564851568615931678227224097307807701647102442609e-30
2.648696857288490357881037501501858847582294801071537996890755294261275053e-31
2.648696857288490357881037501501858847582294801071537996890755294261275053e-31
2.05831877152457289915448483201834184113463817142125411781672439099797897e-32
2.05831877152457289915448483201834184113463817142125411781672439099797897e-32
1.5141108460257560279385207526868830097827532132909341323274754381995845238e-33
1.5141108460257560279385207526868830097827532132909341323274754381995845238e-33
1.053582307292503300609383987075104105036860581076012644903651822152677504e-34
1.053582307292503300609383987075104105036860581076012644903651822152677504e-34
6.9300110561511503366211267210131536937009148427271512699874748659714337e-36
6.9300110561511503366211267210131536937009148427271512699874748659714337e-36
4.30556471335756210571261326075552755991750682517524822760076987140526058e-37
4.30556471335756210571261326075552755991750682517524822760076987140526058e-37
2.52475735116975854200094159014423084665690974313723698784326268370838106e-38
2.52475735116975854200094159014423084665690974313723698784326268370838106e-38
1.3962105364953425257594450020144016445134599569020775423277252208749472e-39
1.3962105364953425257594450020144016445134599569020775423277252208749472e-39
7.2754085748554853198870580734444861416532343014759617893556385571596896e-41
7.2754085748554853198870580734444861416532343014759617893556385571596896e-41
3.5690841639266306262423900249704066809130319209728453977058727067540385e-42
3.5690841639266306262423900249704066809130319209728453977058727067540385e-42
1.6468354250510835279769025609803010679246822443846668175464879251322555e-43
1.6468354250510835279769025609803010679246822443846668175464879251322555e-43
7.140376834056807659273979159109636536436353507223101868529032669174429e-45
7.140376834056807659273979159109636536436353507223101868529032669174429e-45
2.906260275381142356765434630483199668080957257479762711670843699165138e-46
2.906260275381142356765434630483199668080957257479762711670843699165138e-46
1.109265620863327263397234102014278717991447700714899904030224379636028e-47
1.109265620863327263397234102014278717991447700714899904030224379636028e-47
3.96596274911386989850201180360256667267086056891807734517467541151299e-49
3.96596274911386989850201180360256667267086056891807734517467541151299e-49
1.32670978039526671401439631902226444325671806543279159877911336634845e-50
1.32670978039526671401439631902226444325671806543279159877911336634845e-50
4.14759256162240033117010423159646814087330354317621550638376060057751e-52
4.14759256162240033117010423159646814087330354317621550638376060057751e-52
1.2102153521157965862000216123590606048277895046913189822191239427489e-53
1.2102153521157965862000216123590606048277895046913189822191239427489e-53
3.2915653143607266836267799123979495449220303647891895797827313154526e-55
3.2915653143607266836267799123979495449220303647891895797827313154526e-55
8.3332393476419022824517456592167545792646740198919991763754845699478e-57
8.3332393476419022824517456592167545792646740198919991763754845699478e-57
1.9609414135579710547350043429913536790920626053238484669337089418959e-58
1.9609414135579710547350043429913536790920626053238484669337089418959e-58
4.2824268856534036742888552602661947711014905856978874082595258487803e-60
4.2824268856534036742888552602661947711014905856978874082595258487803e-60
8.665429151433313456644198090159122737729293752699506938703995240859e-62
8.665429151433313456644198090159122737729293752699506938703995240859e-62
1.6219132040439314362936558961658240216770366503454471609561529024202e-63
1.6219132040439314362936558961658240216770366503454471609561529024202e-63
2.8030108433088337070435839537426585698322950258761907434809738128199e-65
2.8030108433088337070435839537426585698322950258761907434809738128199e-65
4.464370720133830360058482695783234915418331556399604340317446463889e-67
4.464370720133830360058482695783234915418331556399604340317446463889e-67
6.539818320973238683715330955145176945185245807889838483786118620984e-69
6.539818320973238683715330955145176945185245807889838483786118620984e-69
8.792692260704621524907779309389844877801230737608155117427159060722e-71
8.792692260704621524907779309389844877801230737608155117427159060722e-71
1.0825662833323671778753511735588677451211495339083071901888425954426e-72
1.0825662833323671778753511735588677451211495339083071901888425954426e-72
1.2176693035237166348441928025891769583223524924894871674939356402632e-74
1.2176693035237166348441928025891769583223524924894871674939356402632e-74
1.2480933888491606493889877909387464257409821338519874308737086986116e-76
1.2480933888491606493889877909387464257409821338519874308737086986116e-76
1.1626183571989074737208923653314471872759438962645687630618827004786e-78
1.1626183571989074737208923653314471872759438962645687630618827004786e-78
9.814119545672559754954316784671351216029546901497992086697947901117e-81
9.814119545672559754954316784671351216029546901497992086697947901117e-81
7.484382352047593375701430696012239495047258002755528085994012843613e-83
7.484382352047593375701430696012239495047258002755528085994012843613e-83
5.1395320757220749331400770542828142437520733167793910152190229072192e-85
5.1395320757220749331400770542828142437520733167793910152190229072192e-85
3.1668188142079879696591560755101059710675714859997688894930835380099e-87
3.1668188142079879696591560755101059710675714859997688894930835380099e-87
1.7442525685829746421368816460396542377656543097445908071621192069719e-89
1.7442525685829746421368816460396542377656543097445908071621192069719e-89
8.5528213390347363795584563740345213358881459994261435598512176245804e-92
8.5528213390347363795584563740345213358881459994261435598512176245804e-92
3.7171408163706547001578063521423663328429778291203537210357657314411e-94
3.7171408163706547001578063521423663328429778291203537210357657314411e-94
1.4250678036915971797125048520264885702434441957503952138671594615116e-96
1.4250678036915971797125048520264885702434441957503952138671594615116e-96
4.79444585377152493363151413906733346079815984599998142140180530959351e-99
4.79444585377152493363151413906733346079815984599998142140180530959351e-99
1.407559030357052709077082503820478183012754120963208419288021440960116e-101
1.407559030357052709077082503820478183012754120963208419288021440960116e-101
3.583784321404123927406490255606783356778953459285824508218260122070483e-104
3.583784321404123927406490255606783356778953459285824508218260122070483e-104
7.860084505292948578179188301765725728701332919615689688022144514591411e-107
7.860084505292948578179188301765725728701332919615689688022144514591411e-107
1.4739731471908044190507842634253317998581245103157929777002181867011821e-109
1.4739731471908044190507842634253317998581245103157929777002181867011821e-109
2.3439847890186096472321751518087653243511652411853903528135467998531166e-112
2.3439847890186096472321751518087653243511652411853903528135467998531166e-112
3.1322284301580955613359341429028392036543960893637275095296634714914814e-115
3.1322284301580955613359341429028392036543960893637275095296634714914814e-115
3.48140567338235166605832973697363096577039789791177263559832585400578903e-118
3.48140567338235166605832973697363096577039789791177263559832585400578903e-118
3.18188712001030433387392724557836758822716557871610282041278951175417392e-121
3.18188712001030433387392724557836758822716557871610282041278951175417392e-121
2.3606206294887542272689259292898861031541448918506687516483271702487014e-124
2.3606206294887542272689259292898861031541448918506687516483271702487014e-124
1.4008443605879503222699572551968989168091876721258794235103940680665846855e-127
1.4008443605879503222699572551968989168091876721258794235103940680665846855e-127
6.538120476646683883947501399783517370250009356657585406597831445042412793e-131
6.538120476646683883947501399783517370250009356657585406597831445042412793e-131
2.35368421409734882691088349099664538360532465049031752905597971308899163846e-134
2.35368421409734882691088349099664538360532465049031752905597971308899163846e-134
6.38833404848915163683670894814357659547082198768667200640785194096575303727e-138
6.38833404848915163683670894814357659547082198768667200640785194096575303727e-138
1.272596643464852944691022624427668740480942487581264755773129947021964347804e-141
1.272596643464852944691022624427668740480942487581264755773129947021964347804e-141
1.801672223244069326417795230272007754218646828025972473597605328894733310577e-145
1.801672223244069326417795230272007754218646828025972473597605328894733310577e-145
1.74318382033944685085347989856966574377783748694999626120181737229467389357589e-149
1.74318382033944685085347989856966574377783748694999626120181737229467389357589e-149
1.098090376604129067934585352758385882463101281779071749981633697029439926993356e-153
1.098090376604129067934585352758385882463101281779071749981633697029439926993356e-153
4.23536772173995168220037007047311493882708818615581740407080531188976393070009e-158
4.23536772173995168220037007047311493882708818615581740407080531188976393070009e-158
9.2336227500405983736630893005175584081646258475861084757502907954558880664477856e-163
9.2336227500405983736630893005175584081646258475861084757502907954558880664477856e-163
1.021496346399571747828776082023402388389589279344257062772204924281624066625746263e-167
1.021496346399571747828776082023402388389589279344257062772204924281624066625746263e-167
4.9240799243057630247469126213019527779595472045762595511755887135370631031983556696e-173
4.9240799243057630247469126213019527779595472045762595511755887135370631031983556696e-173
8.22456641526945592300679775969258596650737964140727514767021538719767676573335742377e-179
8.22456641526945592300679775969258596650737964140727514767021538719767676573335742377e-179
3.2616440050326866445074562643949404680488653113514065203353146787860860454831016925676e-185
3.2616440050326866445074562643949404680488653113514065203353146787860860454831016925676e-185
1.4893626387243544688754795215591788839505611135218154086139889385754411465595341629596134e-192
1.4893626387243544688754795215591788839505611135218154086139889385754411465595341629596134e-192
1.222705643351682031125405136070552752305925663602265964490940911790134172216991384454020427e-201
1.222705643351682031125405136070552752305925663602265964490940911790134172216991384454020427e-201