0.2167982911435305049218790757403966956028206935355386705824398485755727886657099659457938134855498811406323775392642536518413474
0.2167982911435305049218790757403966956028206935355386705824398485755727886657099659457938134855498811406323775392642536518413474
0.196939349213598365675030462922170095815468738680213415301556229706200677095114603212415782732002148419983569297369190680784604
0.196939349213598365675030462922170095815468738680213415301556229706200677095114603212415782732002148419983569297369190680784604
0.1624975008728381981254505966091533833555769224688114640972713704101253529712841339414026153676155076142740701563072587511593
0.1624975008728381981254505966091533833555769224688114640972713704101253529712841339414026153676155076142740701563072587511593
0.121764311063587609898657252873099685014012305599747596376338969438209522690650184152459200419492464771158226050350707614703
0.121764311063587609898657252873099685014012305599747596376338969438209522690650184152459200419492464771158226050350707614703
0.08283891030220419570810005966652437066196400351160465629868852835317300531869805879702890991441676618492865751624439426245
0.08283891030220419570810005966652437066196400351160465629868852835317300531869805879702890991441676618492865751624439426245
0.05114831551520236983912919384570653180552964959211576077484999020974325982263372006655442847617128739935187651024804974
0.05114831551520236983912919384570653180552964959211576077484999020974325982263372006655442847617128739935187651024804974
0.028649120680685196692601443381584192481448602079378545149510930673484487675659096780504373276340886423691088582216316532
0.028649120680685196692601443381584192481448602079378545149510930673484487675659096780504373276340886423691088582216316532
0.01454897667051563221216859347865886229772829473571343148269032324280282342656841178833751903245565171057672315907540609
0.01454897667051563221216859347865886229772829473571343148269032324280282342656841178833751903245565171057672315907540609
0.0066943659482095479572151656135051454574438255812191921667101132207136071460548182159460361881100947387135104095684898
0.0066943659482095479572151656135051454574438255812191921667101132207136071460548182159460361881100947387135104095684898
0.002788764729867240938703784895978692972418356672899504770059015629748070776629871889708995008895691573432909706580885
0.002788764729867240938703784895978692972418356672899504770059015629748070776629871889708995008895691573432909706580885
0.001050902376358050284913743317109434041926722839100467843324665874414235907319560465650221503111562820410180866313824
0.001050902376358050284913743317109434041926722839100467843324665874414235907319560465650221503111562820410180866313824
0.00035787758856259307807460294385793918836596595794028646410031727685013783328359686712012227495228920883336929034829
0.00035787758856259307807460294385793918836596595794028646410031727685013783328359686712012227495228920883336929034829
0.00011001458276280730853274019050533918788088319693468073371145527314605979548087622410835234499509540736024168050921
0.00011001458276280730853274019050533918788088319693468073371145527314605979548087622410835234499509540736024168050921
0.00003049138842743915714342027221264293309393976314495212273234082143338453642088671647497439454352631170859547955282
0.00003049138842743915714342027221264293309393976314495212273234082143338453642088671647497439454352631170859547955282
7.60895812599749913212821687000619112276933491146637860268935814348206128132070278738136782749054031612959209453e-6
7.60895812599749913212821687000619112276933491146637860268935814348206128132070278738136782749054031612959209453e-6
1.7070358456037073654870589175640320254894661494360342514606819996021189201082368618959060514922123143012974798e-6
1.7070358456037073654870589175640320254894661494360342514606819996021189201082368618959060514922123143012974798e-6
3.437258631652768420375327846473645982833913516611179657659093440884393467602872889457837400995269672517952338e-7
3.437258631652768420375327846473645982833913516611179657659093440884393467602872889457837400995269672517952338e-7
6.20077478931517141430730475062862806972073538590189442579161639744085572359474438465896337583625656738130008e-8
6.20077478931517141430730475062862806972073538590189442579161639744085572359474438465896337583625656738130008e-8
1.00018362404359908184322163775282400410692252025163909694092610209014214631361694919683023755028434741899406e-8
1.00018362404359908184322163775282400410692252025163909694092610209014214631361694919683023755028434741899406e-8
1.43935142579531779731090298192366010547102972837979921684746463349089647541655774977847132516831854928480812e-9
1.43935142579531779731090298192366010547102972837979921684746463349089647541655774977847132516831854928480812e-9
1.8436168972317039833044337149001045413352140972578841336612160369946426426961135034394606068653384973668548e-10
1.8436168972317039833044337149001045413352140972578841336612160369946426426961135034394606068653384973668548e-10
2.096314366974125668444836877844920137779816323375519065240556829718515939052786425311382485800044602045779e-11
2.096314366974125668444836877844920137779816323375519065240556829718515939052786425311382485800044602045779e-11
2.109994342630193926941882829834395220137040505675034041130076847487020202085672557632530593466249459120478e-12
2.109994342630193926941882829834395220137040505675034041130076847487020202085672557632530593466249459120478e-12
1.87406017744043557283819143115813430867467277347732712027833168050451829433042419485167111287796310144274e-13
1.87406017744043557283819143115813430867467277347732712027833168050451829433042419485167111287796310144274e-13
1.46375836036662322174997777376756829156309143532712058449573094952571948679247081312439970701177029925763e-14
1.46375836036662322174997777376756829156309143532712058449573094952571948679247081312439970701177029925763e-14
1.00160877478506711145324734473179600294770505794116806141498183784593407599081436985095041183668013564857e-15
1.00160877478506711145324734473179600294770505794116806141498183784593407599081436985095041183668013564857e-15
5.979493687987142535946318699254934637069234744691482469376594514319438177991859267749493867886627128754e-17
5.979493687987142535946318699254934637069234744691482469376594514319438177991859267749493867886627128754e-17
3.100114196793016662001391176714167490829727095475931923115187263070321586898887354102344198368682770363e-18
3.100114196793016662001391176714167490829727095475931923115187263070321586898887354102344198368682770363e-18
1.388793529040395399652654209127101763499209164875312593325791123805667452724739480757268256108802601079e-19
1.388793529040395399652654209127101763499209164875312593325791123805667452724739480757268256108802601079e-19
5.345708834163045863926277001647536926702604303786954624972313317705552463325397723077760966355535382386e-21
5.345708834163045863926277001647536926702604303786954624972313317705552463325397723077760966355535382386e-21
1.756983781508457101816210552671663156559243746143450184733132713683825370882524936840805291634772518692e-22
1.756983781508457101816210552671663156559243746143450184733132713683825370882524936840805291634772518692e-22
4.89662011790641142930690855298819269825903613477424046037703224854015210496610636179691323697081652253e-24
4.89662011790641142930690855298819269825903613477424046037703224854015210496610636179691323697081652253e-24
1.148141633713183433491386623341115665175066755799116814357986255779578431757279447607704827737981647728e-25
1.148141633713183433491386623341115665175066755799116814357986255779578431757279447607704827737981647728e-25
2.24511588518418959014978341868543707396561850482231470861266708685043116478278270447562368367771901758e-27
2.24511588518418959014978341868543707396561850482231470861266708685043116478278270447562368367771901758e-27
3.62486083402017690318848403862657659511591325914838414481186278819508724959598709776447330069233106295e-29
3.62486083402017690318848403862657659511591325914838414481186278819508724959598709776447330069233106295e-29
4.7776103023741022242190194156373252656695867084447913243209518930420103064996280789140698946157471283e-31
4.7776103023741022242190194156373252656695867084447913243209518930420103064996280789140698946157471283e-31
5.0736585413757070061914176711937934169633378517663290756267807778991082831023070309659628180243271967e-33
5.0736585413757070061914176711937934169633378517663290756267807778991082831023070309659628180243271967e-33
4.27613571321878540649179275733046159737214406784625774062012477299371547350877978774725722190329254371e-35
4.27613571321878540649179275733046159737214406784625774062012477299371547350877978774725722190329254371e-35
2.81009350423948561244040921097610192564011096296862922885046580738128486165929750854597581177674078778e-37
2.81009350423948561244040921097610192564011096296862922885046580738128486165929750854597581177674078778e-37
1.410110312764841747265284823341213728741930663528864224597191573884744393600947087242605366124603176204e-39
1.410110312764841747265284823341213728741930663528864224597191573884744393600947087242605366124603176204e-39
5.26969561760771250832718928876214844307853271907562218331275335109408611559735433723845555734197873852e-42
5.26969561760771250832718928876214844307853271907562218331275335109408611559735433723845555734197873852e-42
1.422717289122865006143260949588737298418761773255879371985173977711342285068467342248661298146623028953e-44
1.422717289122865006143260949588737298418761773255879371985173977711342285068467342248661298146623028953e-44
2.672521130863199346291654637510103572823037595946030511932313711736951389501390252618593264558136174897e-47
2.672521130863199346291654637510103572823037595946030511932313711736951389501390252618593264558136174897e-47
3.3307225187897529298941373364866010022746444125236001211904939605849391035090240081676241417505143720936e-50
3.3307225187897529298941373364866010022746444125236001211904939605849391035090240081676241417505143720936e-50
2.5889667003232485135779196235665232202294238743229807779250802706456571935630049013491840587231237155678e-53
2.5889667003232485135779196235665232202294238743229807779250802706456571935630049013491840587231237155678e-53
1.15496299621983658948906191714179603463739961532626656861941906543020969222383275907521308967971709934836e-56
1.15496299621983658948906191714179603463739961532626656861941906543020969222383275907521308967971709934836e-56
2.630325647966486247681112745181375392226644869011928587494747113488431668499578154847862290330550039005797e-60
2.630325647966486247681112745181375392226644869011928587494747113488431668499578154847862290330550039005797e-60
2.5658825214251111733736099432528294976444254205059330014531746985980513200285810087735959692134638247251243e-64
2.5658825214251111733736099432528294976444254205059330014531746985980513200285810087735959692134638247251243e-64
8.0373302337195682627436391109251473304473324289400741983818915765850544559564421846430013249845456857823824e-69
8.0373302337195682627436391109251473304473324289400741983818915765850544559564421846430013249845456857823824e-69
4.671613426745908551166931242591451659842508571092329003709685786436970178398496645277787827600599873472344927e-74
4.671613426745908551166931242591451659842508571092329003709685786436970178398496645277787827600599873472344927e-74
1.24847099341696121209907877553419604020018932106225344656207052696687056658066691462123514037210544568688818632e-80
1.24847099341696121209907877553419604020018932106225344656207052696687056658066691462123514037210544568688818632e-80