0.2053812848376443943719104253125887532363598064102626088593474099279962315354070634048706362078491925126215300706099035688149232
0.2053812848376443943719104253125887532363598064102626088593474099279962315354070634048706362078491925126215300706099035688149232
0.188452564255753939506432317221336503359239297974629353441134246293920660288643780137535847616824987091292168003785598020596503
0.188452564255753939506432317221336503359239297974629353441134246293920660288643780137535847616824987091292168003785598020596503
0.1586559489087409046501395136807767156819108187902077746772846698060616024931447368595339443549418809144696851778974848395633
0.1586559489087409046501395136807767156819108187902077746772846698060616024931447368595339443549418809144696851778974848395633
0.122537089107461522210108796775309876056506899270609934101691208642812530226388133074997890957263825155511059850437415326684
0.122537089107461522210108796775309876056506899270609934101691208642812530226388133074997890957263825155511059850437415326684
0.08680625115057254175936977392693446910149030107444562271877362497052047712777177174581615379199398482400865670578214933186
0.08680625115057254175936977392693446910149030107444562271877362497052047712777177174581615379199398482400865670578214933186
0.0563888551762964980797660310351910850195464902493612111076984285862376070906962674492923293571582943624900782540712527591
0.0563888551762964980797660310351910850195464902493612111076984285862376070906962674492923293571582943624900782540712527591
0.033577761609077647110488955492620131502760814314558312317966347923210628819474436549915556657855869334018115959704142697
0.033577761609077647110488955492620131502760814314558312317966347923210628819474436549915556657855869334018115959704142697
0.01832119942024202237311143483183247568215642702833354194195445628147639180528232402245168666714350647255633003789843681
0.01832119942024202237311143483183247568215642702833354194195445628147639180528232402245168666714350647255633003789843681
0.0091558081843385889517051283203413466782368502976362940095471835433456485980264978814827478855025234449880943248685024
0.0091558081843385889517051283203413466782368502976362940095471835433456485980264978814827478855025234449880943248685024
0.004188374972186993979705700636831499106316975060517605599395563881701024157284723378407367256392165290158255615677791
0.004188374972186993979705700636831499106316975060517605599395563881701024157284723378407367256392165290158255615677791
0.001752804502195992574640141788201180445015769727909875467324202618736158308416930596508178821362128471895542473338667
0.001752804502195992574640141788201180445015769727909875467324202618736158308416930596508178821362128471895542473338667
0.00067059411024834548982237947342120316244806827643207074404374853294904178567376641468805002594174553027599826030085
0.00067059411024834548982237947342120316244806827643207074404374853294904178567376641468805002594174553027599826030085
0.0002343627220208412419039682676384952174500617491891069293008895626970393069899829713585973814743984218833445060129
0.0002343627220208412419039682676384952174500617491891069293008895626970393069899829713585973814743984218833445060129
0.0000747562424755290511487787572873311235317341205465141035719338391173036867533099583129327605282292317915074378135
0.0000747562424755290511487787572873311235317341205465141035719338391173036867533099583129327605282292317915074378135
0.0000217433128331751360973074518191302625055458134845615033392141094172734137961252479785380717884477052731076436981
0.0000217433128331751360973074518191302625055458134845615033392141094172734137961252479785380717884477052731076436981
5.76065766627544385248795293689893922628219803905513818677684761417582251299327887669919125376047669569942568e-6
5.76065766627544385248795293689893922628219803905513818677684761417582251299327887669919125376047669569942568e-6
1.388649491182258819928503256561465290695746820198845276125963757510611652392186918103920233884408913399436101e-6
1.388649491182258819928503256561465290695746820198845276125963757510611652392186918103920233884408913399436101e-6
3.04192379175847450291992117416167110409332595483865051530364457597359772782978773880587484532442155756943812e-7
3.04192379175847450291992117416167110409332595483865051530364457597359772782978773880587484532442155756943812e-7
6.0471668709771081363244976583011237751917700080832356285288163015282341148200755229200116665022518977641233e-8
6.0471668709771081363244976583011237751917700080832356285288163015282341148200755229200116665022518977641233e-8
1.0893439091005454978618729229667314255057188232028198373271332494328150192989983170357416962604793850222713e-8
1.0893439091005454978618729229667314255057188232028198373271332494328150192989983170357416962604793850222713e-8
1.775391129212429737811758346813052030878761401661142625970968600726178071547081378423226617558493689666296e-9
1.775391129212429737811758346813052030878761401661142625970968600726178071547081378423226617558493689666296e-9
2.61328366735684105363448932431328597133730611820152404002102742802545236356036180671428126520182268221854e-10
2.61328366735684105363448932431328597133730611820152404002102742802545236356036180671428126520182268221854e-10
3.4675788374516661326010870200650364817106789531974485680734014822309859407563991308062340986716527013734e-11
3.4675788374516661326010870200650364817106789531974485680734014822309859407563991308062340986716527013734e-11
4.1393133324428591858613588324907804554892043613685277536669489335709446390559512672849829701823835263717e-12
4.1393133324428591858613588324907804554892043613685277536669489335709446390559512672849829701823835263717e-12
4.435396628543366961473223845506263683455403173112670403888008412308337801068617193142378530429353817317e-13
4.435396628543366961473223845506263683455403173112670403888008412308337801068617193142378530429353817317e-13
4.255957240872066038350562213528499945695330197346949870455110967610801225229630879187022630426550838784e-14
4.255957240872066038350562213528499945695330197346949870455110967610801225229630879187022630426550838784e-14
3.64747088375232478364931276809116660535594356926973649288283158311973722101314047124055269427359313957e-15
3.64747088375232478364931276809116660535594356926973649288283158311973722101314047124055269427359313957e-15
2.78411568527748324405102509318051637499286411241376369309702427407031620456160891482187677072648135939e-16
2.78411568527748324405102509318051637499286411241376369309702427407031620456160891482187677072648135939e-16
1.88688973663813425372839158758338208792839095572256765906769178908815858594790698154348146009023395407e-17
1.88688973663813425372839158758338208792839095572256765906769178908815858594790698154348146009023395407e-17
1.1316516319423791005400695270625982894493329103560656575389934891780118962601694286606070390220626654e-18
1.1316516319423791005400695270625982894493329103560656575389934891780118962601694286606070390220626654e-18
5.984060579787929694788286452645498067929680808801489770891666531727440996649882133660402260318809404e-20
5.984060579787929694788286452645498067929680808801489770891666531727440996649882133660402260318809404e-20
2.778800943317836169135454163945333137439048382525228677779142387242941380793897130724552528118245495e-21
2.778800943317836169135454163945333137439048382525228677779142387242941380793897130724552528118245495e-21
1.128213674277738038431864064503418838768978136920099385465878568574706847668339633956506231252958335e-22
1.128213674277738038431864064503418838768978136920099385465878568574706847668339633956506231252958335e-22
3.98569063283892942372702470636478588118249756582051848953141692301555481218123277951759288133276217e-24
3.98569063283892942372702470636478588118249756582051848953141692301555481218123277951759288133276217e-24
1.218670430048823053195906283025567887961357358891845696609266361450866099688151475051095086683641888e-25
1.218670430048823053195906283025567887961357358891845696609266361450866099688151475051095086683641888e-25
3.20617936554429748996826997562384605748287203869387456682704188699644449427404476486560509348679225e-27
3.20617936554429748996826997562384605748287203869387456682704188699644449427404476486560509348679225e-27
7.21068966069640337104968588741288404506372276154131189281787909356416344973417874663137709172265677e-29
7.21068966069640337104968588741288404506372276154131189281787909356416344973417874663137709172265677e-29
1.37625377824331648046149723966943552426787388193639495648704167245645520089600893248786863288023365e-30
1.37625377824331648046149723966943552426787388193639495648704167245645520089600893248786863288023365e-30
2.21116901045031472735403901956721923580880044121693152661900469953484137284677572225945628555738941e-32
2.21116901045031472735403901956721923580880044121693152661900469953484137284677572225945628555738941e-32
2.9632924702764108319694484355181657875692919785126724438629698006017025726996333012802557646036375e-34
2.9632924702764108319694484355181657875692919785126724438629698006017025726996333012802557646036375e-34
3.27839461988589513598589461600198856827843041432516049539095622490193283046054000607605741633346862e-36
3.27839461988589513598589461600198856827843041432516049539095622490193283046054000607605741633346862e-36
2.95912075018660401602075892639267810034295119742912479709608504903819101994784027608388493921230682e-38
2.95912075018660401602075892639267810034295119742912479709608504903819101994784027608388493921230682e-38
2.14983634036414958239804103845928632453832561482925389806245383138741764175644871552640075793467633e-40
2.14983634036414958239804103845928632453832561482925389806245383138741764175644871552640075793467633e-40
1.237639064754600985338619085013077644685315041173416929267259399209384879931567051356748885519474636e-42
1.237639064754600985338619085013077644685315041173416929267259399209384879931567051356748885519474636e-42
5.54358603032886711753873634881694674555761790397109598144079441135895690920749394277555101959617864e-45
5.54358603032886711753873634881694674555761790397109598144079441135895690920749394277555101959617864e-45
1.890689747360661737990626974414506849748847447367726432832756996999881652804515251383693445144748284e-47
1.890689747360661737990626974414506849748847447367726432832756996999881652804515251383693445144748284e-47
4.784810922953842339352304138446566470763108243450853395971832210884441108010342402326502206350634401e-50
4.784810922953842339352304138446566470763108243450853395971832210884441108010342402326502206350634401e-50
8.707561661085652662012140605477692714416940113841383839697355223365404240165728193597899240809517418e-53
8.707561661085652662012140605477692714416940113841383839697355223365404240165728193597899240809517418e-53
1.0961147706353059635959461793383273130111878854930038936176402784555607267397702460113231783640607463e-55
1.0961147706353059635959461793383273130111878854930038936176402784555607267397702460113231783640607463e-55
9.0869836287453582323295759792469374290502301506964098019162454683988518507272942360327448746544865312e-59
9.0869836287453582323295759792469374290502301506964098019162454683988518507272942360327448746544865312e-59
4.65447663317128620755406486016449961315663452106906755945390139057802339206161501425024507122186403757e-62
4.65447663317128620755406486016449961315663452106906755945390139057802339206161501425024507122186403757e-62
1.351789221465852837462339203448017319548544008169524591585712234967855174514438061278504096166398508743e-65
1.351789221465852837462339203448017319548544008169524591585712234967855174514438061278504096166398508743e-65
1.9724028846801153657629123578910681777806130261187493123451257409963967692900398764161395715120912502572e-69
1.9724028846801153657629123578910681777806130261187493123451257409963967692900398764161395715120912502572e-69
1.20601811387619903627158338649779512002268710176431286764609229110643382441838185358671456806691398986563e-73
1.20601811387619903627158338649779512002268710176431286764609229110643382441838185358671456806691398986563e-73
2.293797037496081217678964733233059522684647837874946323213633663477904487737375265510574190021801036699427e-78
2.293797037496081217678964733233059522684647837874946323213633663477904487737375265510574190021801036699427e-78
7.6922700260794549476688893661717473665523320898973842316590581178934558637780416092481778251138040849703024e-84
7.6922700260794549476688893661717473665523320898973842316590581178934558637780416092481778251138040849703024e-84
1.071075071009397443188037367799149310544415295180154492843508422497493243773520583751485058172696049891634415e-90
1.071075071009397443188037367799149310544415295180154492843508422497493243773520583751485058172696049891634415e-90