0.1729478078450684631766917488648190483960868382491315336886843097163631020211503335446139144854553150219093636663225373944710915
0.1729478078450684631766917488648190483960868382491315336886843097163631020211503335446139144854553150219093636663225373944710915
0.162770762600811500971840440117105192826904920448507789296018494863772244264686008505822459145084923266131692954517289260875181
0.162770762600811500971840440117105192826904920448507789296018494863772244264686008505822459145084923266131692954517289260875181
0.1441747626034781780382696263489587489356457081194811012795218301999972921870601537427214742816400241766962830951600177592355
0.1441747626034781780382696263489587489356457081194811012795218301999972921870601537427214742816400241766962830951600177592355
0.120180478495220442845767322765578877713504204029601265678221371356326176629002233338452020534769425270544148640082233138049
0.120180478495220442845767322765578877713504204029601265678221371356326176629002233338452020534769425270544148640082233138049
0.09427160247651861497493173634003488111677862577976002471531522544499580625826197828722735233040604197758013484459890243314
0.09427160247651861497493173634003488111677862577976002471531522544499580625826197828722735233040604197758013484459890243314
0.069580992429206385234507094288705570755046241643514950733476182453350094115682139611803534297612492473457107484790826725
0.069580992429206385234507094288705570755046241643514950733476182453350094115682139611803534297612492473457107484790826725
0.04831851501208453342581365824280333241635232053089094586026885746752295895908224447650580194411167979869962793744282079
0.04831851501208453342581365824280333241635232053089094586026885746752295895908224447650580194411167979869962793744282079
0.0315638592310694904788257893721287375914592802517647550120685346090626464629480857525712071508543419518446805638393863
0.0315638592310694904788257893721287375914592802517647550120685346090626464629480857525712071508543419518446805638393863
0.019393234478244925411242549580944757867646861914417380353184584988591501743987515329346406686698612312258137071048865
0.019393234478244925411242549580944757867646861914417380353184584988591501743987515329346406686698612312258137071048865
0.01120504738426623463376075634452799874632877848752480018625377022513917668450320475550557517461337450855098375752076
0.01120504738426623463376075634452799874632877848752480018625377022513917668450320475550557517461337450855098375752076
0.0060868070844442589066587344429356575302346093848892635090690231746568016432097000707336769294807599510166814658801
0.0060868070844442589066587344429356575302346093848892635090690231746568016432097000707336769294807599510166814658801
0.0031079648052231216792251821320178137968718335014462303513877665814871440512994588996961241206472489086020230259105
0.0031079648052231216792251821320178137968718335014462303513877665814871440512994588996961241206472489086020230259105
0.001491285165006720570598528683222147794761424766129644803633903395074605005678642563454840484644782910096581448986
0.001491285165006720570598528683222147794761424766129644803633903395074605005678642563454840484644782910096581448986
0.00067223242445783737079846350389420910373105433648603900516705815970245432450598786676496271493083263041395593784
0.00067223242445783737079846350389420910373105433648603900516705815970245432450598786676496271493083263041395593784
0.0002845882500890203361025143214415015885786831948011851444657652724945589912799673169722193201321352209452026436
0.0002845882500890203361025143214415015885786831948011851444657652724945589912799673169722193201321352209452026436
0.0001131113049909972613245259909172362017707087899319159194441009729982619432925778294617066349861087880749444925
0.0001131113049909972613245259909172362017707087899319159194441009729982619432925778294617066349861087880749444925
0.000042191721743284878522544655341620916567302817281505193535552498471481539125739011846152262678808391716037652
0.000042191721743284878522544655341620916567302817281505193535552498471481539125739011846152262678808391716037652
0.000014764162429716247107745481434518609543819191768501831390133069915510828342318676877340396553045831518506987
0.000014764162429716247107745481434518609543819191768501831390133069915510828342318676877340396553045831518506987
4.84468952419690163876892749921428447665625549264447823828399232941883380803823208599715622430292110193438e-6
4.84468952419690163876892749921428447665625549264447823828399232941883380803823208599715622430292110193438e-6
1.49004900664106217893879674792145907190267510442295963220056677233676523977508662334494429393113285438803e-6
1.49004900664106217893879674792145907190267510442295963220056677233676523977508662334494429393113285438803e-6
4.2933935551544554478155676588316116369382596106543707691495726423685985956626738046169968985116289587373e-7
4.2933935551544554478155676588316116369382596106543707691495726423685985956626738046169968985116289587373e-7
1.158350888254151861475108785559347575520062755775330253765171232498496402771078505503825135779538195006e-7
1.158350888254151861475108785559347575520062755775330253765171232498496402771078505503825135779538195006e-7
2.92467559836188477854982927465732863022798896921688629041718804116436697902273706865420375708343097186e-8
2.92467559836188477854982927465732863022798896921688629041718804116436697902273706865420375708343097186e-8
6.9064794339712349283280577001594758275579652397275417178830457932389950755881999308203394257985016038e-9
6.9064794339712349283280577001594758275579652397275417178830457932389950755881999308203394257985016038e-9
1.5244189642430777252565667078347205617237370681926962677049750788315509349807992860927161790720132998e-9
1.5244189642430777252565667078347205617237370681926962677049750788315509349807992860927161790720132998e-9
3.142901686170654082923735962748702242878431561247212312735275455991354423408536039520555478519361769e-10
3.142901686170654082923735962748702242878431561247212312735275455991354423408536039520555478519361769e-10
6.04823446989062864811091492544998931237766924544075651877298422239592858110699284070975288471451914e-11
6.04823446989062864811091492544998931237766924544075651877298422239592858110699284070975288471451914e-11
1.08560489647946372289437197965461434718603618894319074104340758245887940662182273747762808635574669e-11
1.08560489647946372289437197965461434718603618894319074104340758245887940662182273747762808635574669e-11
1.815995687748183007342774802066127078063602226548452614729306594205126954264855196912909145515995e-12
1.815995687748183007342774802066127078063602226548452614729306594205126954264855196912909145515995e-12
2.828731112554593305982569236842233434470501081712427724866346821777738639745100386469217109888005e-13
2.828731112554593305982569236842233434470501081712427724866346821777738639745100386469217109888005e-13
4.09934752106255894683245995278268340562974894019524821705397983837064278550910739843647430756219e-14
4.09934752106255894683245995278268340562974894019524821705397983837064278550910739843647430756219e-14
5.5217099395405969452889282612754554309351932668143947523669018619152821412094797788059958435334e-15
5.5217099395405969452889282612754554309351932668143947523669018619152821412094797788059958435334e-15
6.906112684831305364821671045499716215651079769121165416161475564889166074780006608893892426707e-16
6.906112684831305364821671045499716215651079769121165416161475564889166074780006608893892426707e-16
8.01188714208304046249539122559716661642478454967504168578258475060847060648048544663440149953e-17
8.01188714208304046249539122559716661642478454967504168578258475060847060648048544663440149953e-17
8.61171827422218458267016699747769640405671659630844337168105981959229656617990010139235203377e-18
8.61171827422218458267016699747769640405671659630844337168105981959229656617990010139235203377e-18
8.56608765025610598172053085241031504613787018612098122652417455157409448661219365297714115206e-19
8.56608765025610598172053085241031504613787018612098122652417455157409448661219365297714115206e-19
7.875281094647037005179925694500916305898073311414698527858255182815363130581495740481060353e-20
7.875281094647037005179925694500916305898073311414698527858255182815363130581495740481060353e-20
6.6828358472667105364851861304934928551696673742744747102094647785489777761064904174339471602e-21
6.6828358472667105364851861304934928551696673742744747102094647785489777761064904174339471602e-21
5.226993269948883216298174176330321150262596292606355268391184558039551092512918138949770067e-22
5.226993269948883216298174176330321150262596292606355268391184558039551092512918138949770067e-22
3.762592137247802399353566196958464941207209855493343677871795790325276708295557643788782369e-23
3.762592137247802399353566196958464941207209855493343677871795790325276708295557643788782369e-23
2.488706396585641369269919394863426497365178672596467774752303681879437984051003608683100805e-24
2.488706396585641369269919394863426497365178672596467774752303681879437984051003608683100805e-24
1.50999434443127951137632968903546335409026698751448045265241288913150628247550130656333052e-25
1.50999434443127951137632968903546335409026698751448045265241288913150628247550130656333052e-25
8.38897855330185725910187321526114546680168954088866537732074630897975612749323234338188048e-27
8.38897855330185725910187321526114546680168954088866537732074630897975612749323234338188048e-27
4.25933003651869419848473758166144825228508312207042152419049774154330210273914771765246459e-28
4.25933003651869419848473758166144825228508312207042152419049774154330210273914771765246459e-28
1.9723475111279323145069277377374033887642426617898278692392295244021397781162477989662715e-29
1.9723475111279323145069277377374033887642426617898278692392295244021397781162477989662715e-29
8.3116537305567136081119966071739750602912116303237592481320823159936598936331056102442523e-31
8.3116537305567136081119966071739750602912116303237592481320823159936598936331056102442523e-31
3.1800971964673794970135523141747803178230561163905829947581391379184795309533350630667188e-32
3.1800971964673794970135523141747803178230561163905829947581391379184795309533350630667188e-32
1.1019416508568040151440874796111064747625086393745847865622572328540121153392424567492253e-33
1.1019416508568040151440874796111064747625086393745847865622572328540121153392424567492253e-33
3.448902295873112313898315442433931804282537392426223610691216441963341206328034060661502e-35
3.448902295873112313898315442433931804282537392426223610691216441963341206328034060661502e-35
9.722121958087678883940653710714242132377531842593426804240389656577322244878641800055146e-37
9.722121958087678883940653710714242132377531842593426804240389656577322244878641800055146e-37
2.460703414050307893630278160977341318214280001687046123148958276532334599343390925696751e-38
2.460703414050307893630278160977341318214280001687046123148958276532334599343390925696751e-38
5.573554178279556954726561404003728222620494215303684189794501453014786078312685546932621e-40
5.573554178279556954726561404003728222620494215303684189794501453014786078312685546932621e-40
1.125698252172204260898291048341030446413087889341044616899003461982094170070272575299651e-41
1.125698252172204260898291048341030446413087889341044616899003461982094170070272575299651e-41
2.019496397406012591833358050314204835799975692877720928192466125290835800863285621083813e-43
2.019496397406012591833358050314204835799975692877720928192466125290835800863285621083813e-43
3.20455393202391775470939158924024654640780546118478894644523872313595957488081739028137e-45
3.20455393202391775470939158924024654640780546118478894644523872313595957488081739028137e-45
4.47721419691822985611290358271163137198438169740452164700304791118254316470855772954289e-47
4.47721419691822985611290358271163137198438169740452164700304791118254316470855772954289e-47
5.48020042046820343211096107536347601523130228474882357082377113176123531637086128797861e-49
5.48020042046820343211096107536347601523130228474882357082377113176123531637086128797861e-49
5.84470030734347884008792604401514703856889891445388718516838458095231838805694860650111e-51
5.84470030734347884008792604401514703856889891445388718516838458095231838805694860650111e-51
5.3988684348781505513890989703002609493852534083149663732300318609747447856646780196438e-53
5.3988684348781505513890989703002609493852534083149663732300318609747447856646780196438e-53
4.29092227839483373301334178831991279719993486858580051263851102725316699110930981408073e-55
4.29092227839483373301334178831991279719993486858580051263851102725316699110930981408073e-55
2.912957258092996023183742530344082492877467042776318333985329006125627532632551865323889e-57
2.912957258092996023183742530344082492877467042776318333985329006125627532632551865323889e-57
1.675439070891298803928645215835146990603425790694118391344057626420463322580372765233865e-59
1.675439070891298803928645215835146990603425790694118391344057626420463322580372765233865e-59
8.090930979251486521712115318060173030976252828841798557295874955549699559222260144334824e-62
8.090930979251486521712115318060173030976252828841798557295874955549699559222260144334824e-62
3.247316797484420882685639875923368122436645198639510986808978210375034162275729624328138e-64
3.247316797484420882685639875923368122436645198639510986808978210375034162275729624328138e-64
1.0708169155525657971271994824481468127290884653703699129674469911711335130673748582894003e-66
1.0708169155525657971271994824481468127290884653703699129674469911711335130673748582894003e-66
2.8634705175373335368682342535699607844230595085165600874892115018635998150500390180699138e-69
2.8634705175373335368682342535699607844230595085165600874892115018635998150500390180699138e-69
6.1171687686351813599826531891518272620193741305013692347855357750676725329526370650690595e-72
6.1171687686351813599826531891518272620193741305013692347855357750676725329526370650690595e-72
1.02604590321472164680616052523866882263079243358154072877118218113418045064922752931878278e-74
1.02604590321472164680616052523866882263079243358154072877118218113418045064922752931878278e-74
1.32422157419808708237012013095392602623366820818957790388171231094203731716924110783170799e-77
1.32422157419808708237012013095392602623366820818957790388171231094203731716924110783170799e-77
1.283997194917887679946003973938799793087246174239854426450149516509516945309141417404508686e-80
1.283997194917887679946003973938799793087246174239854426450149516509516945309141417404508686e-80
9.090196334193796556097146656020987200808891473999293269200336423712471543882851481483377994e-84
9.090196334193796556097146656020987200808891473999293269200336423712471543882851481483377994e-84
4.538558003107829932944850609699682126017397143382066679740006156206507032639082169915841001e-87
4.538558003107829932944850609699682126017397143382066679740006156206507032639082169915841001e-87
1.53090292976041730302345456927652400584246923276586485920840282564652157282465759453738363105e-90
1.53090292976041730302345456927652400584246923276586485920840282564652157282465759453738363105e-90
3.30416287027231282050670840896869617471552744092365531197760984778190189216843972938024053821e-94
3.30416287027231282050670840896869617471552744092365531197760984778190189216843972938024053821e-94
4.2516584957198489518901159988199567179126213338192082644484654488643290613273178117924075404e-98
4.2516584957198489518901159988199567179126213338192082644484654488643290613273178117924075404e-98
2.9653839872554877991928981240248643561291698579324133359012761770551070958748937239253334532755e-102
2.9653839872554877991928981240248643561291698579324133359012761770551070958748937239253334532755e-102
9.8017329285863241045447586765041083712279511520479015286156152086708230839347400545581129902636e-107
9.8017329285863241045447586765041083712279511520479015286156152086708230839347400545581129902636e-107
1.254967954693676950795442482696200106646744591215841656059557879546129978103201579032313566029708e-111
1.254967954693676950795442482696200106646744591215841656059557879546129978103201579032313566029708e-111
4.465600587857992598689159881096215022964604809334628611563835543757630013892871476999177466210516e-117
4.465600587857992598689159881096215022964604809334628611563835543757630013892871476999177466210516e-117
2.34255137111459493520814244157247222245112320350770622149172610611867859467525516807472986800760737e-123
2.34255137111459493520814244157247222245112320350770622149172610611867859467525516807472986800760737e-123
3.58149708877967965228263486483495017402652448338558219404357153656149145941416713486855583598610076992e-131
3.58149708877967965228263486483495017402652448338558219404357153656149145941416713486855583598610076992e-131