0.28326318995972345524239085278079358635370062425131716333943463527367043391680052414557976907795260717210758307410877944203881125
0.261503397814274274258966284167103673496689110634594242624390431641753952549872178407138473807111727165018613840808445297875435
0.261503397814274274258966284167103673496689110634594242624390431641753952549872178407138473807111727165018613840808445297875435
0.20570683105394093322006417317342389458179053432473114734323037203012537965395644691735868531843063739695471817557110221681847
0.20570683105394093322006417317342389458179053432473114734323037203012537965395644691735868531843063739695471817557110221681847
0.1377946515276053512415982286496920829401989565485225269609498298887771151039029305650454378042440268333366727846145696411662
0.1377946515276053512415982286496920829401989565485225269609498298887771151039029305650454378042440268333366727846145696411662
0.078518270158397196125685885644738542985012884112836538320144198429688498439945687140308379483925161757245978192102243528109
0.078518270158397196125685885644738542985012884112836538320144198429688498439945687140308379483925161757245978192102243528109
0.03800265143924007937648858735631165865556904171518478016975097803945301186522373240585270045709052794199961668369820451153
0.03800265143924007937648858735631165865556904171518478016975097803945301186522373240585270045709052794199961668369820451153
0.015592290312661976895334520287876275803184787957651809735516733918253187247041657443041621034412449589360128456569191528
0.015592290312661976895334520287876275803184787957651809735516733918253187247041657443041621034412449589360128456569191528
0.0054099296624677240800310776473240923226755641372496294154930886125366750393169531194769074582399651304198040716083877742
0.0054099296624677240800310776473240923226755641372496294154930886125366750393169531194769074582399651304198040716083877742
0.001582558309095894213445967444069408434217786502307607028681777378025715071437037473312797823634477861332571356657437507
0.001582558309095894213445967444069408434217786502307607028681777378025715071437037473312797823634477861332571356657437507
0.000388920853715928227625163353103217382855654487210201660618893652693356592154539419758690836865580739150615066715276362
0.000388920853715928227625163353103217382855654487210201660618893652693356592154539419758690836865580739150615066715276362
0.000079958097609494725441887343697063393077823942507563277681585268937563472623357327804984786415647393417031318596417041
0.000079958097609494725441887343697063393077823942507563277681585268937563472623357327804984786415647393417031318596417041
0.000013684069297535376617933936387704890417637321176793780135851620029958409465417657317049246682412863928322799840724217
0.000013684069297535376617933936387704890417637321176793780135851620029958409465417657317049246682412863928322799840724217
1.938273496099642789021568123798279554172921442484319941784934899652021980176192416673531916818495281535154077064767e-6
1.938273496099642789021568123798279554172921442484319941784934899652021980176192416673531916818495281535154077064767e-6
2.257086052041447660200743268290225087278850319895775077265994062140042712018971124608156521752173626417412248182282e-7
2.257086052041447660200743268290225087278850319895775077265994062140042712018971124608156521752173626417412248182282e-7
2.14400321772676794287865781009847026176022161032327423345918136265369799756923245571714557995766179598393752235926e-8
2.14400321772676794287865781009847026176022161032327423345918136265369799756923245571714557995766179598393752235926e-8
1.6462612023799049317621221753140529728659364585439878714703154272182076369927494022315798915014516619240841932723e-9
1.6462612023799049317621221753140529728659364585439878714703154272182076369927494022315798915014516619240841932723e-9
1.0110041892763547301306390577790462685432895101933879797989634125229964823707935353075597540520348317427104694672e-10
1.0110041892763547301306390577790462685432895101933879797989634125229964823707935353075597540520348317427104694672e-10
4.904181431773842953955250565979083205725383635078805550777861592129577389272155694056012769956364483544589808368e-12
4.904181431773842953955250565979083205725383635078805550777861592129577389272155694056012769956364483544589808368e-12
1.8515162945489534139680095770876639973666714309578868890441719649769952005068506388183896380238698515748927589433e-13
1.8515162945489534139680095770876639973666714309578868890441719649769952005068506388183896380238698515748927589433e-13
5.34548353919873836801013786595877578902009258855153055720035314517098394736700990629844750577439787801678765023e-15
5.34548353919873836801013786595877578902009258855153055720035314517098394736700990629844750577439787801678765023e-15
1.155369902598670224061383597551092122846224475686294225890951112711167433042865984587836583339064440907281198797e-16
1.155369902598670224061383597551092122846224475686294225890951112711167433042865984587836583339064440907281198797e-16
1.821616057394607518466894010998937899968285553001518905058091298473738708972413814611614133818496592769812073075e-18
1.821616057394607518466894010998937899968285553001518905058091298473738708972413814611614133818496592769812073075e-18
2.028557144703239965364349447162083369918216981405574693477453692125300258983901242759315167371652633414448428115e-20
2.028557144703239965364349447162083369918216981405574693477453692125300258983901242759315167371652633414448428115e-20
1.531598096894562540982394732036795495685406281641296309949205873586772946541786722230124029997296702427549782441e-22
1.531598096894562540982394732036795495685406281641296309949205873586772946541786722230124029997296702427549782441e-22
7.433580023846251991085418774555555969525288085240018943544558862441154311922997012416508270785692352158435640345e-25
7.433580023846251991085418774555555969525288085240018943544558862441154311922997012416508270785692352158435640345e-25
2.158765585050225595661824395334858947531207563279511758574896454355937124355834243040206551569291862502219678952e-27
2.158765585050225595661824395334858947531207563279511758574896454355937124355834243040206551569291862502219678952e-27
3.3910839755166796493213411504528091434004980651034818018624537630325948835334634678939077955067244516934930830027e-30
3.3910839755166796493213411504528091434004980651034818018624537630325948835334634678939077955067244516934930830027e-30
2.47747461242237704085580346856721013446611587371712571936523154640549450668289555362701177762969392318795821129528e-33
2.47747461242237704085580346856721013446611587371712571936523154640549450668289555362701177762969392318795821129528e-33
6.57368760672205681233737715715702396184560724908266402542165236307437208580414310742276958875632420046539480863167e-37
6.57368760672205681233737715715702396184560724908266402542165236307437208580414310742276958875632420046539480863167e-37
3.964062000995246519447684676392328994706738375654009121053723930458172882105837252296712899470481640737051729544136e-41
3.964062000995246519447684676392328994706738375654009121053723930458172882105837252296712899470481640737051729544136e-41
1.66100705173517874413596530060801672483835907481210048997307686663318979744895055065751909044980511314833775258064409e-46
1.66100705173517874413596530060801672483835907481210048997307686663318979744895055065751909044980511314833775258064409e-46