0.1955963635010873539391536335201244761504553017309964500755544670927976722030913825212942899377005678642648493317724566926330916
0.1955963635010873539391536335201244761504553017309964500755544670927976722030913825212942899377005678642648493317724566926330916
0.180942154877429061193458616823340225487352519317130093401174599814445834655281657767542120993619825978791293793500261200656915
0.180942154877429061193458616823340225487352519317130093401174599814445834655281657767542120993619825978791293793500261200656915
0.1548377698055185553002627193121197601884790960434164212083018280121684211997773793314491144347396658732912496415578257262987
0.1548377698055185553002627193121197601884790960434164212083018280121684211997773793314491144347396658732912496415578257262987
0.122554856039349084508889810835981675571340783517803305845517446832461570855502163289448843315040836352363198621388789887819
0.122554856039349084508889810835981675571340783517803305845517446832461570855502163289448843315040836352363198621388789887819
0.08970938549308735160593358097166239330619391745104068045326564732628076971032138508112225201402495436176566754278882324071
0.08970938549308735160593358097166239330619391745104068045326564732628076971032138508112225201402495436176566754278882324071
0.0607176581370576309783993527798349387220692126853082604407099331518173965027071029610816685729800651430868713459700271066
0.0607176581370576309783993527798349387220692126853082604407099331518173965027071029610816685729800651430868713459700271066
0.037988873885061193163854789103811471514834344000579956726848378044904779449983873034978987110503574082854293454058037278
0.037988873885061193163854789103811471514834344000579956726848378044904779449983873034978987110503574082854293454058037278
0.02196517728994957746078885352896352513438460990433898348250121805007017125840602607577870669500763001193053088519290954
0.02196517728994957746078885352896352513438460990433898348250121805007017125840602607577870669500763001193053088519290954
0.0117327593670316306180664143054553904616169341465017352516827257349736090017821088630111517293570669351318701421020616
0.0117327593670316306180664143054553904616169341465017352516827257349736090017821088630111517293570669351318701421020616
0.005787355728318961550801386215290388202789676876078167904075257576369046433470458252285264568361103236460280439528181
0.005787355728318961550801386215290388202789676876078167904075257576369046433470458252285264568361103236460280439528181
0.0026349882348356986553799458126365283454695637297514545751328259149053308596912532145607122752475785036960562888012
0.0026349882348356986553799458126365283454695637297514545751328259149053308596912532145607122752475785036960562888012
0.001106815944870205724609217034367638374127461843516137464860025427589015527595685010617689572007948926409524305692
0.001106815944870205724609217034367638374127461843516137464860025427589015527595685010617689572007948926409524305692
0.0004286719774795228849268124089300934532287428252160819864576021285881326802640712046065387267410002839108668066305
0.0004286719774795228849268124089300934532287428252160819864576021285881326802640712046065387267410002839108668066305
0.000152987717657564203910602977985378691672624947055044205060666285502936315375225549694662484170829576438652423276
0.000152987717657564203910602977985378691672624947055044205060666285502936315375225549694662484170829576438652423276
0.000050277271260002151151980695109728624672790729508947379641147496920888022534720771927551000060480194564489618746
0.000050277271260002151151980695109728624672790729508947379641147496920888022534720771927551000060480194564489618746
0.000015203524203072519405512737259481866800137582760997282082160269839087998801281147717598558272954613414868968119
0.000015203524203072519405512737259481866800137582760997282082160269839087998801281147717598558272954613414868968119
4.22686774007399498233491028806650346938394965634150211155806936927179814413259283726389662233095809634531162e-6
4.22686774007399498233491028806650346938394965634150211155806936927179814413259283726389662233095809634531162e-6
1.07946460432388681465116171819461227597993475294993684666813774799253522569949669717078688331030289005752055e-6
1.07946460432388681465116171819461227597993475294993684666813774799253522569949669717078688331030289005752055e-6
2.5298490233788664651394436445616188085140205441601926354933256866017394594031389286895615771598480783914438e-7
2.5298490233788664651394436445616188085140205441601926354933256866017394594031389286895615771598480783914438e-7
5.435307297738902723280544790218395057866255873972542453466764079396605332355072787393529310352522425010238e-8
5.435307297738902723280544790218395057866255873972542453466764079396605332355072787393529310352522425010238e-8
1.069319579693555036250227460632007562443859300650415514341283774364368173223098711732662348586044644892408e-8
1.069319579693555036250227460632007562443859300650415514341283774364368173223098711732662348586044644892408e-8
1.92405291973547894044812781151033780243981770077815416011505492524145700983400002370328937167037282753594e-9
1.92405291973547894044812781151033780243981770077815416011505492524145700983400002370328937167037282753594e-9
3.1621598261836700446001516613939142122787652198215538807768854355782639514611285568620571497721685389069e-10
3.1621598261836700446001516613939142122787652198215538807768854355782639514611285568620571497721685389069e-10
4.740187043235433400868668258684579118682943346869890510696902171183041510236072576966797636775541712855e-11
4.740187043235433400868668258684579118682943346869890510696902171183041510236072576966797636775541712855e-11
6.47131866124010281493071871726367787915359196932004086526718721096491161234137304716522916417640369258e-12
6.47131866124010281493071871726367787915359196932004086526718721096491161234137304716522916417640369258e-12
8.03278839641499582877714786325030063969735083927552916287461321052231960254168254751940655529819649e-13
8.03278839641499582877714786325030063969735083927552916287461321052231960254168254751940655529819649e-13
9.0500846874230298731764734491897759783455436160487228114597579262269091893325792864739480804745146301e-14
9.0500846874230298731764734491897759783455436160487228114597579262269091893325792864739480804745146301e-14
9.236978098171999731931494195627915490427604164876358563236564425433856069177585417191610498285652589e-15
9.236978098171999731931494195627915490427604164876358563236564425433856069177585417191610498285652589e-15
8.523404532395540723961834096058076703084652100964957858468244028572066699091194968889876463068826261e-16
8.523404532395540723961834096058076703084652100964957858468244028572066699091194968889876463068826261e-16
7.09493600157135630723269789999243384272059301927245058806320783643871068245265992848615651940709725e-17
7.09493600157135630723269789999243384272059301927245058806320783643871068245265992848615651940709725e-17
5.31505140713256226636897707078728071158391867291061894382496114357171110503331075612930186259682932e-18
5.31505140713256226636897707078728071158391867291061894382496114357171110503331075612930186259682932e-18
3.57420619561497462112738651517493665771761921920579979738025976911971150048083758605983099259829632e-19
3.57420619561497462112738651517493665771761921920579979738025976911971150048083758605983099259829632e-19
2.15161512189380833394823693772517771535760299829813937491803122647790445992511434264950597621670309e-20
2.15161512189380833394823693772517771535760299829813937491803122647790445992511434264950597621670309e-20
1.1560142775887328374338007381300135635768790519684026019649919954474723717791780121770480044820456e-21
1.1560142775887328374338007381300135635768790519684026019649919954474723717791780121770480044820456e-21
5.525439948453714668439568195218126299941147432354363205759738918913001908352102130292573944410658e-23
5.525439948453714668439568195218126299941147432354363205759738918913001908352102130292573944410658e-23
2.341238656221292455727415044382327440173345971537292806386575246903730632051970227581321421189727e-24
2.341238656221292455727415044382327440173345971537292806386575246903730632051970227581321421189727e-24
8.760614984374743130608290876155620371480136226628782119107362391613042172016597195666673782143847e-26
8.760614984374743130608290876155620371480136226628782119107362391613042172016597195666673782143847e-26
2.882818236603708880331959542647579326770769395025750221727343108575487349703821885232199733868139e-27
2.882818236603708880331959542647579326770769395025750221727343108575487349703821885232199733868139e-27
8.30438230928807962227249425266604679576268466167536119733986853219853643467147448870003499760871e-29
8.30438230928807962227249425266604679576268466167536119733986853219853643467147448870003499760871e-29
2.083657837712930665048826710618841629902210133812228332251396485212037993164074264159746756208737e-30
2.083657837712930665048826710618841629902210133812228332251396485212037993164074264159746756208737e-30
4.5287460314884274668865984809281461046349862828279714064450345325474502870190258476786376829661e-32
4.5287460314884274668865984809281461046349862828279714064450345325474502870190258476786376829661e-32
8.47454665778799677388791804605238468976333477314131429061868108164215140191573108436086335130692e-34
8.47454665778799677388791804605238468976333477314131429061868108164215140191573108436086335130692e-34
1.356157903833537193792775592212480032358902969696045155348630818810676597880250248518321388853365e-35
1.356157903833537193792775592212480032358902969696045155348630818810676597880250248518321388853365e-35
1.84203023848068193274851479341075422257015854635056941508356532732251272938389978958567025425489e-37
1.84203023848068193274851479341075422257015854635056941508356532732251272938389978958567025425489e-37
2.10585262302581151411345578943378665924297554542657908327900008557562516410884974885712201316142e-39
2.10585262302581151411345578943378665924297554542657908327900008557562516410884974885712201316142e-39
2.00725914348930075398417730047582189992385039209540781310236787649515499218526803623291299474104e-41
2.00725914348930075398417730047582189992385039209540781310236787649515499218526803623291299474104e-41
1.578290246538929484985281823706696885754105251144589195521553571909472190062289947056324274671933e-43
1.578290246538929484985281823706696885754105251144589195521553571909472190062289947056324274671933e-43
1.011349665368393665937071583588552348158788644926005719488502272395192496873563845796432895260308e-45
1.011349665368393665937071583588552348158788644926005719488502272395192496873563845796432895260308e-45
5.20829712932596211137009465046868117047700003386455868998702088323729115057460220217925267884624e-48
5.20829712932596211137009465046868117047700003386455868998702088323729115057460220217925267884624e-48
2.12115416340336557029970630646172221531579437987237263915668991151368871928063248201220346404319e-50
2.12115416340336557029970630646172221531579437987237263915668991151368871928063248201220346404319e-50
6.704387236794070176483122508082240244016522799839239066121338760962441153019812540389679645784321e-53
6.704387236794070176483122508082240244016522799839239066121338760962441153019812540389679645784321e-53
1.6084468211903252222860460458564305476429368440195975809808288046735681495246028523644302788706829e-55
1.6084468211903252222860460458564305476429368440195975809808288046735681495246028523644302788706829e-55
2.8521414298371510645670150516515491370216918552137981354254507244015032692764425575393654011635303e-58
2.8521414298371510645670150516515491370216918552137981354254507244015032692764425575393654011635303e-58
3.6193344722348026934199195979178647541092493058437848578399004517535376805724417283420688623719848e-61
3.6193344722348026934199195979178647541092493058437848578399004517535376805724417283420688623719848e-61
3.15813198038371714424465824714676003597861418745206461218012240840126373048053308644144030134435078e-64
3.15813198038371714424465824714676003597861418745206461218012240840126373048053308644144030134435078e-64
1.801484607636758049499522485137227478435647310411578440587864171909938353857598385442325751975144827e-67
1.801484607636758049499522485137227478435647310411578440587864171909938353857598385442325751975144827e-67
6.290707677269088161988064615626025486110539028520819659841908092129300472793642425506626210225672346e-71
6.290707677269088161988064615626025486110539028520819659841908092129300472793642425506626210225672346e-71
1.2309273526336684878550423688426183802674012976022644885936419120162217899769312603653567492433744637e-74
1.2309273526336684878550423688426183802674012976022644885936419120162217899769312603653567492433744637e-74
1.19156201242803930768663884761332456145612868178202869927515152035913166174124778383152646100910058895e-78
1.19156201242803930768663884761332456145612868178202869927515152035913166174124778383152646100910058895e-78
4.73346090396894654601427398257834113122175430997883289219256345197502823423160334909134943952657344828e-83
4.73346090396894654601427398257834113122175430997883289219256345197502823423160334909134943952657344828e-83
5.675148281979979103488210680315095024469659907668764247603001026789619872967396635073438448497183852039e-88
5.675148281979979103488210680315095024469659907668764247603001026789619872967396635073438448497183852039e-88
1.143228222967391704897675542231267750381483274456546794912410752731976102961868594330823365258477594936936e-93
1.143228222967391704897675542231267750381483274456546794912410752731976102961868594330823365258477594936936e-93
8.6885048841103719813884230987330939940940208445718597563039606792348549543387868197894029929741588918122318e-101
8.6885048841103719813884230987330939940940208445718597563039606792348549543387868197894029929741588918122318e-101