0.1669822207371246687740466509583490730259602968949951851830894205920415770700607009126541061028588356140283541718852641404774744
0.1669822207371246687740466509583490730259602968949951851830894205920415770700607009126541061028588356140283541718852641404774744
0.157812159452034078686266796754769928438130997379988047470171407101995829941651231901053744744794573103519427373956836419580325
0.157812159452034078686266796754769928438130997379988047470171407101995829941651231901053744744794573103519427373956836419580325
0.1409525657899786858920119590429929308863303472816404170379956412080822800221961106127582739495766033498873342873464115639108
0.1409525657899786858920119590429929308863303472816404170379956412080822800221961106127582739495766033498873342873464115639108
0.118973959184441392167457570868052207243005514242215367540479362323933912425569322702626476465954805658019209966167433355053
0.118973959184441392167457570868052207243005514242215367540479362323933912425569322702626476465954805658019209966167433355053
0.0948971959962361572223332985896441014711906597886241680267251175489608091188474883405649858015390125360944513724444915473
0.0948971959962361572223332985896441014711906597886241680267251175489608091188474883405649858015390125360944513724444915473
0.07152296243005268758761623691839663162900431269934565210354464230305022945738009057169192612412068797524272277011605007
0.07152296243005268758761623691839663162900431269934565210354464230305022945738009057169192612412068797524272277011605007
0.05093171355268311358815964449001757954716819026727737169446249640028071237044859081014382675221595924355224424618472564
0.05093171355268311358815964449001757954716819026727737169446249640028071237044859081014382675221595924355224424618472564
0.0342636512427942262008832813816829615401920657498212878589026049573344642814039424999193444768178308235516150378056434
0.0342636512427942262008832813816829615401920657498212878589026049573344642814039424999193444768178308235516150378056434
0.021773347066246225973534302313643648218606787655475301979837565425679314323435402174363026042146274300324150471353316
0.021773347066246225973534302313643648218606787655475301979837565425679314323435402174363026042146274300324150471353316
0.0130676728191557009137194544515813174806061380003728028385024150147200495370436427452655380507891820663360330816466
0.0130676728191557009137194544515813174806061380003728028385024150147200495370436427452655380507891820663360330816466
0.0074059308800968898870189653525198373841217278787394284053106872007181484693276140750613769814552452406892439807158
0.0074059308800968898870189653525198373841217278787394284053106872007181484693276140750613769814552452406892439807158
0.003962667657275258340666307653164880595657138525543786377799174281003716497169974251552817480953932395746265954665
0.003962667657275258340666307653164880595657138525543786377799174281003716497169974251552817480953932395746265954665
0.002001390080257367807554470421893695167468212667352687388482664942933414552271035127890185133662634109643034608227
0.002001390080257367807554470421893695167468212667352687388482664942933414552271035127890185133662634109643034608227
0.00095392124328337243785313365323657632719616206410040697907856080817165957040780956027416163416808011376600216756
0.00095392124328337243785313365323657632719616206410040697907856080817165957040780956027416163416808011376600216756
0.0004289646135775636707001980835735513978655094662539494382325030392962538525381536067179780098111762571870939216
0.0004289646135775636707001980835735513978655094662539494382325030392962538525381536067179780098111762571870939216
0.000181945265342700802709820631526186324523779600557728835646501842347150811237042686583627662530107257439469831
0.000181945265342700802709820631526186324523779600557728835646501842347150811237042686583627662530107257439469831
0.000072768434100256044694947693188640910782054916829249463603020295269265489665856038836746169416091124548230759
0.000072768434100256044694947693188640910782054916829249463603020295269265489665856038836746169416091124548230759
0.00002743412593322196227048933552564898356612186252319989574292201274569655072003997731833386558771750813198723
0.00002743412593322196227048933552564898356612186252319989574292201274569655072003997731833386558771750813198723
9.74625661602819850551539634530111547518992955177707772681765330544941013598108640607802110470905562206848e-6
9.74625661602819850551539634530111547518992955177707772681765330544941013598108640607802110470905562206848e-6
3.2615617411254223345504797404834232584081615000719421125245912927145711813959037084198573701329092135295e-6
3.2615617411254223345504797404834232584081615000719421125245912927145711813959037084198573701329092135295e-6
1.0277468837741256351494106674007197807055949524451394090675708795971618334157270425963915045959510463659e-6
1.0277468837741256351494106674007197807055949524451394090675708795971618334157270425963915045959510463659e-6
3.04817757498360689162373527024235524392913514042544778062074685540847147332348418370504659081073082909e-7
3.04817757498360689162373527024235524392913514042544778062074685540847147332348418370504659081073082909e-7
8.5054483756057795255347940314992683234605231778816246979534684744890789438363894951995146055084541054e-8
8.5054483756057795255347940314992683234605231778816246979534684744890789438363894951995146055084541054e-8
2.2317961616832993671249545732147430619751029154984500545571132332124643674542207789585817196061463704e-8
2.2317961616832993671249545732147430619751029154984500545571132332124643674542207789585817196061463704e-8
5.504241213478757797262613416436163980698817205412335370482402104987029972195784505466403807696366579e-9
5.504241213478757797262613416436163980698817205412335370482402104987029972195784505466403807696366579e-9
1.27525938073051280215678863470729620245339523940188825788886935900163499253091911254174413138510024e-9
1.27525938073051280215678863470729620245339523940188825788886935900163499253091911254174413138510024e-9
2.7740673531720298463524811103583818839878425017524564056060384868272924062220112443666137450070949e-10
2.7740673531720298463524811103583818839878425017524564056060384868272924062220112443666137450070949e-10
5.662371231509202456600553271825568584017826911992221863855344095240524123895510144493903769632774e-11
5.662371231509202456600553271825568584017826911992221863855344095240524123895510144493903769632774e-11
1.083860981898565849964716429422748312680098413809551346858014468389576058410120634487596137163171e-11
1.083860981898565849964716429422748312680098413809551346858014468389576058410120634487596137163171e-11
1.94427954712448797342887943544321818471697441042325242038052302246678819531929758399726237806184e-12
1.94427954712448797342887943544321818471697441042325242038052302246678819531929758399726237806184e-12
3.2662837995374838319268954434394384101257180327985615040878793802724439061039936950164058136247e-13
3.2662837995374838319268954434394384101257180327985615040878793802724439061039936950164058136247e-13
5.135028690114409837463563528908646215432531160419612000323036315950674217562925055060195344159e-14
5.135028690114409837463563528908646215432531160419612000323036315950674217562925055060195344159e-14
7.549042663787677878126619476591912781660887261414596910399124553574444830407086400927978942977e-15
7.549042663787677878126619476591912781660887261414596910399124553574444830407086400927978942977e-15
1.036928882353764230622366605105635890627246150289796094736121700091239240193370149081583189899e-15
1.036928882353764230622366605105635890627246150289796094736121700091239240193370149081583189899e-15
1.32966719555214206871593087118920774690945888065928395079087776855790015636582311267213629983e-16
1.32966719555214206871593087118920774690945888065928395079087776855790015636582311267213629983e-16
1.5903120371435533188701104163917723701423220796103121499365120889379480343101868293381939073e-17
1.5903120371435533188701104163917723701423220796103121499365120889379480343101868293381939073e-17
1.7723693479759150570156240978166352294401288375979958810421121658210740115805879112894473765e-18
1.7723693479759150570156240978166352294401288375979958810421121658210740115805879112894473765e-18
1.838751378186537534948182747518152378732506259357936709478213309141790387007014056974753019e-19
1.838751378186537534948182747518152378732506259357936709478213309141790387007014056974753019e-19
1.773899676375285853154554647036233775929329803085136869162407532119847793265517131763605877e-20
1.773899676375285853154554647036233775929329803085136869162407532119847793265517131763605877e-20
1.58959763965035763529750527748217563452013941282677014387649545940936040813652157186828315e-21
1.58959763965035763529750527748217563452013941282677014387649545940936040813652157186828315e-21
1.32155484419608472264745550651423829780852439711581474471437143793005098034925173924603786e-22
1.32155484419608472264745550651423829780852439711581474471437143793005098034925173924603786e-22
1.018079785183185010286327945281143575769965932533632468361316274423527386924502837939829e-23
1.018079785183185010286327945281143575769965932533632468361316274423527386924502837939829e-23
7.257801010744437919554219812016396214150687690810121479272176937242061231957310052512604e-25
7.257801010744437919554219812016396214150687690810121479272176937242061231957310052512604e-25
4.781343389624726669092252184713619920639109423803895901080669170500806446103890920539367e-26
4.781343389624726669092252184713619920639109423803895901080669170500806446103890920539367e-26
2.906539099881425200078405586269802320734117342273309967883313521268126983173483457636087e-27
2.906539099881425200078405586269802320734117342273309967883313521268126983173483457636087e-27
1.62781712016297075361185419358804249609684028649875395733805701373247111755421264910361e-28
1.62781712016297075361185419358804249609684028649875395733805701373247111755421264910361e-28
8.38531547764615956348201215959490732823567908683746775692163445942418666134097241625184e-30
8.38531547764615956348201215959490732823567908683746775692163445942418666134097241625184e-30
3.96601956689533819281371999107847010801232895401006230952041563813859772558511014822681e-31
3.96601956689533819281371999107847010801232895401006230952041563813859772558511014822681e-31
1.71910309174840494949066102338322790094512485993135388727215793594238217953826895084696e-32
1.71910309174840494949066102338322790094512485993135388727215793594238217953826895084696e-32
6.8155261813511149344920212074217757819701523937482945709133912912461549210882701247902e-34
6.8155261813511149344920212074217757819701523937482945709133912912461549210882701247902e-34
2.4662127220461777713864318744888554819303819233358638572080065570622928358400243674826e-35
2.4662127220461777713864318744888554819303819233358638572080065570622928358400243674826e-35
8.126776357354932309844112240399454132339883655362624956997133889779162098100233205351e-37
8.126776357354932309844112240399454132339883655362624956997133889779162098100233205351e-37
2.432875932846721016758742247504285851525798455349799447787844642868882836411889171748e-38
2.432875932846721016758742247504285851525798455349799447787844642868882836411889171748e-38
6.599651042878201975290468828618744913525295371641011383038924845187912330348310842281e-40
6.599651042878201975290468828618744913525295371641011383038924845187912330348310842281e-40
1.617812612085733888951545220524492376755213105727677604845388593353527360709147695221e-41
1.617812612085733888951545220524492376755213105727677604845388593353527360709147695221e-41
3.573240442680635833089908811774375973933581712906741960589071487966211482146462851939e-43
3.573240442680635833089908811774375973933581712906741960589071487966211482146462851939e-43
7.08840442157516988944563048376933890951043684615966947771128507219406597255618277546e-45
7.08840442157516988944563048376933890951043684615966947771128507219406597255618277546e-45
1.258656714611701636231151567782078086517308005851603519758690121074272423073462109346e-46
1.258656714611701636231151567782078086517308005851603519758690121074272423073462109346e-46
1.993161361957919111623927181515463175029881132075878557283658715793613001072420233707e-48
1.993161361957919111623927181515463175029881132075878557283658715793613001072420233707e-48
2.803677553631026417232161471410224437546649343442257448475138391264378866005811264809e-50
2.803677553631026417232161471410224437546649343442257448475138391264378866005811264809e-50
3.48813517740823093684384392642636765322793988778096076071286775086969893952197193614e-52
3.48813517740823093684384392642636765322793988778096076071286775086969893952197193614e-52
3.82036497637780773495939376830142014919658804355053185386648069440809992478405630732e-54
3.82036497637780773495939376830142014919658804355053185386648069440809992478405630732e-54
3.664766199597236878757597387914122520585367809439966816326877596593626776656552077379e-56
3.664766199597236878757597387914122520585367809439966816326877596593626776656552077379e-56
3.061920217036829836682553971339101664461633266000314505311453939938186294653268371158e-58
3.061920217036829836682553971339101664461633266000314505311453939938186294653268371158e-58
2.214563663870143536283153615358628786129068004482998706795443446362289394048340772128e-60
2.214563663870143536283153615358628786129068004482998706795443446362289394048340772128e-60
1.377209418770916019092016480205448331875264496631823336350363958190424973846979615468e-62
1.377209418770916019092016480205448331875264496631823336350363958190424973846979615468e-62
7.309535335423799094568813500924466026282821948413019269873665128743685693325674794742e-65
7.309535335423799094568813500924466026282821948413019269873665128743685693325674794742e-65
3.283662713369890105952568600812314490815566456036621424153659748128182856013207459127e-67
3.283662713369890105952568600812314490815566456036621424153659748128182856013207459127e-67
1.2370523208690875878577694045650774982244923728533102909823205517524485038438160425006e-69
1.2370523208690875878577694045650774982244923728533102909823205517524485038438160425006e-69
3.8678293788233291622772562233947272671300829603859055861813316770191379622956114930642e-72
3.8678293788233291622772562233947272671300829603859055861813316770191379622956114930642e-72
9.9197548192125106449448342731836735468154359022175624641435889415992587389060209714842e-75
9.9197548192125106449448342731836735468154359022175624641435889415992587389060209714842e-75
2.0591798858084003346512842879243199768586821937877920372244613875139339230402211630169e-77
2.0591798858084003346512842879243199768586821937877920372244613875139339230402211630169e-77
3.40727078618847733908854583262730074606984822497954008849573704751551511348223162060221e-80
3.40727078618847733908854583262730074606984822497954008849573704751551511348223162060221e-80
4.41531326230959165265275418466346654546380950259405071309245017745747333598816811614178e-83
4.41531326230959165265275418466346654546380950259405071309245017745747333598816811614178e-83
4.389317343067678537291264169739977136720237542617886799587766023800559705174868414426398e-86
4.389317343067678537291264169739977136720237542617886799587766023800559705174868414426398e-86
3.266863727505939915610983767694618973754032653480270037880218784375825607528638838222506e-89
3.266863727505939915610983767694618973754032653480270037880218784375825607528638838222506e-89
1.76808419609791630105075215773358073018287706556121661791322829660982525370578164263318e-92
1.76808419609791630105075215773358073018287706556121661791322829660982525370578164263318e-92
6.7162796391419717275850365290102278388723563898284221128577599098862844895650685156970185e-96
6.7162796391419717275850365290102278388723563898284221128577599098862844895650685156970185e-96
1.71382967730719954722270641921078406845583772860161194453732481683126595239533333257829881e-99
1.71382967730719954722270641921078406845583772860161194453732481683126595239533333257829881e-99
2.779204829477316705216145812257719568275895331549279057838990223959933925790589789203997012e-103
2.779204829477316705216145812257719568275895331549279057838990223959933925790589789203997012e-103
2.66460598221070968838673731374022410386339946001443951615684154266711809195527604573476084e-107
2.66460598221070968838673731374022410386339946001443951615684154266711809195527604573476084e-107
1.37043284379839483480008388834461075249031041275133959820565041203210682241872515918351941232e-111
1.37043284379839483480008388834461075249031041275133959820565041203210682241872515918351941232e-111
3.296084277571757254312444768145964415416938012852117317865910950744770824206950240388924034808e-116
3.296084277571757254312444768145964415416938012852117317865910950744770824206950240388924034808e-116
3.0166712841087415134948052181935294739826869402303067576195609823476836868407893902468071844404e-121
3.0166712841087415134948052181935294739826869402303067576195609823476836868407893902468071844404e-121
7.48197121122693221743580778044084593185932593958584027388007077485788734923682823616002617504808e-127
7.48197121122693221743580778044084593185932593958584027388007077485788734923682823616002617504808e-127
2.6289723724461545230528764585273324486268693241875468857792826798592611433394766215679912131243862e-133
2.6289723724461545230528764585273324486268693241875468857792826798592611433394766215679912131243862e-133
2.4899600964326837177772925187819085917333816396700966540618909700915320967999344817651884695215454742e-141
2.4899600964326837177772925187819085917333816396700966540618909700915320967999344817651884695215454742e-141