0.17164316012362590235156652476543409200762740155785271984015600587717608957939186371832359988233006188384831533002979467466658748
0.166667266330870090161414832552996752473907764925384490036217629223949154283138893640852460096517905213666499299032468856304936
0.166667266330870090161414832552996752473907764925384490036217629223949154283138893640852460096517905213666499299032468856304936
0.15258690288545346140005116210045766058258095878625596382073103717161735217350517798357117766652503462219472406836164389860737
0.15258690288545346140005116210045766058258095878625596382073103717161735217350517798357117766652503462219472406836164389860737
0.131708521354712638587764271116633971845116876090268515574261042383024381371393565811305642489026267336658695447568212583661
0.131708521354712638587764271116633971845116876090268515574261042383024381371393565811305642489026267336658695447568212583661
0.10718097152174926820401819253707995244306493115522191582082116545099000049727186645641641938870478877058870644592614706442
0.10718097152174926820401819253707995244306493115522191582082116545099000049727186645641641938870478877058870644592614706442
0.0822237317230112439778597559149828945188524545880542161150282195751658132291624806686990936370103117650823326037893940541
0.0822237317230112439778597559149828945188524545880542161150282195751658132291624806686990936370103117650823326037893940541
0.059458195592787049502673944817227687567859766048131203081127700760042494443906942768083426184797410291792917880602432779
0.059458195592787049502673944817227687567859766048131203081127700760042494443906942768083426184797410291792917880602432779
0.04052392421791878147911048716913923231863206361456485680832856683847103749927436416160775312650514503559186911536848357
0.04052392421791878147911048716913923231863206361456485680832856683847103749927436416160775312650514503559186911536848357
0.026027795319202624981915082036575356326033006364886800863101651241758152316152601096226556582788870939583019674528121
0.026027795319202624981915082036575356326033006364886800863101651241758152316152601096226556582788870939583019674528121
0.015751462301844442510555931307461167191532543970435187411439268916145907337137755732884650457950872600167041514789585
0.015751462301844442510555931307461167191532543970435187411439268916145907337137755732884650457950872600167041514789585
0.00898015698388407190094678304255359027748732899312830024093607156912528681277655394546389926149113148239575347307924
0.00898015698388407190094678304255359027748732899312830024093607156912528681277655394546389926149113148239575347307924
0.0048221285878206157795821745041091414711198675027988820138809138735076596983526796663501868493577358060193952444663
0.0048221285878206157795821745041091414711198675027988820138809138735076596983526796663501868493577358060193952444663
0.00243830390270333568212256497142199993289355669003486156686592831755659211418595643000718159070854802687807238635
0.00243830390270333568212256497142199993289355669003486156686592831755659211418595643000718159070854802687807238635
0.00116070906999663361569619267382706042581535102500265975952341848891192907649966909282619878486019567492240205127
0.00116070906999663361569619267382706042581535102500265975952341848891192907649966909282619878486019567492240205127
0.0005200288499832812535373030588408585873216377240970360154561310895883401044059788867947136822687388119099441515
0.0005200288499832812535373030588408585873216377240970360154561310895883401044059788867947136822687388119099441515
0.0002192156191238248902016937233273692379009079449696642102847946218026032736744130505044079610666376215350245243
0.0002192156191238248902016937233273692379009079449696642102847946218026032736744130505044079610666376215350245243
0.000086919300398468378374727364524097009439586476652000822114527122260684936679091037084504583792080299333572416
0.000086919300398468378374727364524097009439586476652000822114527122260684936679091037084504583792080299333572416
0.000032404937824118040591619484107393964500659796997367227876672366032454651019417204378406462066772547536226607
0.000032404937824118040591619484107393964500659796997367227876672366032454651019417204378406462066772547536226607
0.00001135519377373939236965809978264108404477978828832480100957280027969112763401438630185457283009949782785659
0.00001135519377373939236965809978264108404477978828832480100957280027969112763401438630185457283009949782785659
3.73845929352597214539878586069589248042501505714323861887479999886186672091028427134744973781935511821107e-6
3.73845929352597214539878586069589248042501505714323861887479999886186672091028427134744973781935511821107e-6
1.1558985161302197258316950089265222497739697472618334973227268728806359081680438200148599297643740287661e-6
1.1558985161302197258316950089265222497739697472618334973227268728806359081680438200148599297643740287661e-6
3.354882440338812810717426658878734686347467325328665256921692057109378044472856216181053922642991954018e-7
3.354882440338812810717426658878734686347467325328665256921692057109378044472856216181053922642991954018e-7
9.13595642084304992515009714122196957940217986308350895388758903076075845183224220032229878576526400506e-8
9.13595642084304992515009714122196957940217986308350895388758903076075845183224220032229878576526400506e-8
2.333054408608030499251763440170043571910591532810673390997507872098062280589113526339247175451756601e-8
2.333054408608030499251763440170043571910591532810673390997507872098062280589113526339247175451756601e-8
5.584069237346693331570597455334223083498096726605576620046960690980044758740801235469998261102950907e-9
5.584069237346693331570597455334223083498096726605576620046960690980044758740801235469998261102950907e-9
1.251924348847295016124885294227947001469142329372577550601178217236960096391568048178353903679329756e-9
1.251924348847295016124885294227947001469142329372577550601178217236960096391568048178353903679329756e-9
2.62746980337970040579512427629810795323358907132898714793843349853372024763287636439960372632050843e-10
2.62746980337970040579512427629810795323358907132898714793843349853372024763287636439960372632050843e-10
5.1587531828242373534506723299533949132424773487876099427108432323052788621171757798765511933271752e-11
5.1587531828242373534506723299533949132424773487876099427108432323052788621171757798765511933271752e-11
9.468854138597299120827376255691446357311111263881734289771415210373418224395538519683928832204534e-12
9.468854138597299120827376255691446357311111263881734289771415210373418224395538519683928832204534e-12
1.623590595539566722376864670999405743938491205832272489921706488245229419089965644744814957485209e-12
1.623590595539566722376864670999405743938491205832272489921706488245229419089965644744814957485209e-12
2.59862977896133090223919967362845772798679613916512551102594438925297104142515587124405871730059e-13
2.59862977896133090223919967362845772798679613916512551102594438925297104142515587124405871730059e-13
3.8792170840235356874488802431190945140341695766559948620891204827027289530911761258519312971543e-14
3.8792170840235356874488802431190945140341695766559948620891204827027289530911761258519312971543e-14
5.3963258195263378990222403256873009923243089620874929922711658452405194588839282442036549675092e-15
5.3963258195263378990222403256873009923243089620874929922711658452405194588839282442036549675092e-15
6.988882800099488022804183038156774610769980876490155068873068548450212022410294172362490680046e-16
6.988882800099488022804183038156774610769980876490155068873068548450212022410294172362490680046e-16
8.41882026924596195609220688876025604593361860109545154130841822261049135538153863183827219204e-17
8.41882026924596195609220688876025604593361860109545154130841822261049135538153863183827219204e-17
9.4228636835632858956763171290153453674295632281997824123588937009383853056869194450787921268e-18
9.4228636835632858956763171290153453674295632281997824123588937009383853056869194450787921268e-18
9.7888471796525936052787844065314984340032299800696219470363152231095684632919959021234938679e-19
9.7888471796525936052787844065314984340032299800696219470363152231095684632919959021234938679e-19
9.427549538853613223287892525729053047322752656053105421203371858079027106998487445045099565e-20
9.427549538853613223287892525729053047322752656053105421203371858079027106998487445045099565e-20
8.407319307144196225276944180726422103342165497908363399104176206877648449363727312229956829e-21
8.407319307144196225276944180726422103342165497908363399104176206877648449363727312229956829e-21
6.933455809979914965188406766816843653342683561683092251087301112537032703126790351897140841e-22
6.933455809979914965188406766816843653342683561683092251087301112537032703126790351897140841e-22
5.28061666771366132347943998722004004288630092522657912612905074726989804783127485887755635e-23
5.28061666771366132347943998722004004288630092522657912612905074726989804783127485887755635e-23
3.70882414712901421544625800284903702695668683882829530547816177788803847095534680262391869e-24
3.70882414712901421544625800284903702695668683882829530547816177788803847095534680262391869e-24
2.39850640226255439264116398242765832545982305122392623744750814005219616598112360867244331e-25
2.39850640226255439264116398242765832545982305122392623744750814005219616598112360867244331e-25
1.42591748437054359816218380855690462668735819228598322494337214494969768948218119483866078e-26
1.42591748437054359816218380855690462668735819228598322494337214494969768948218119483866078e-26
7.779452101612697984376590898713777381792612991629238292344391944232546852248404709013891e-28
7.779452101612697984376590898713777381792612991629238292344391944232546852248404709013891e-28
3.887853838700569518574961104489711728200766409197121038333251688647523515347986969503733e-29
3.887853838700569518574961104489711728200766409197121038333251688647523515347986969503733e-29
1.77636206735556808154971963914290704962799075263398807097903639112921673647291484000921e-30
1.77636206735556808154971963914290704962799075263398807097903639112921673647291484000921e-30
7.40479301914075085785597214943259843310319182162430532870275894558459325560244291767488e-32
7.40479301914075085785597214943259843310319182162430532870275894558459325560244291767488e-32
2.809917631743644877280301253617251485156375431635104897624036680595255278804492607019612e-33
2.809917631743644877280301253617251485156375431635104897624036680595255278804492607019612e-33
9.68384107017635993951655250120230708533052184631329783183507613980202372375224526431424e-35
9.68384107017635993951655250120230708533052184631329783183507613980202372375224526431424e-35
3.02327807668369169483393314214829789123942807067960079641430589677349033929259336229656e-36
3.02327807668369169483393314214829789123942807067960079641430589677349033929259336229656e-36
8.5272688786827184885016592706157958783614089008573039399166192257256758615549592390976e-38
8.5272688786827184885016592706157958783614089008573039399166192257256758615549592390976e-38
2.166619805880017207358845728585756228939713789503990731403161977347299833640937251029e-39
2.166619805880017207358845728585756228939713789503990731403161977347299833640937251029e-39
4.943580052055374790529717513819832946150499544588788412970462020430343203061026514239e-41
4.943580052055374790529717513819832946150499544588788412970462020430343203061026514239e-41
1.00954953762758842808658200671816339695787790850360580628101997855038869100161181450257e-42
1.00954953762758842808658200671816339695787790850360580628101997855038869100161181450257e-42
1.83851232386492797379165909140489475180422229983459336210360623236410176625001886074592e-44
1.83851232386492797379165909140489475180422229983459336210360623236410176625001886074592e-44
2.9740995846398402892562436017336249804935934450105436602153743583930336901695335143288e-46
2.9740995846398402892562436017336249804935934450105436602153743583930336901695335143288e-46
4.2554770940703432734601880406828802808642607767912303371649645914919542803297917970986e-48
4.2554770940703432734601880406828802808642607767912303371649645914919542803297917970986e-48
5.3608992748855326421369783954853288132529425434474808442841667626972188943045095824941e-50
5.3608992748855326421369783954853288132529425434474808442841667626972188943045095824941e-50
5.9160971507024302760685284511204193743940565812936604043526023295491165176845359034998e-52
5.9160971507024302760685284511204193743940565812936604043526023295491165176845359034998e-52
5.6878446259603158883655590415544094045213107204636201742012289233805879440759852800127e-54
5.6878446259603158883655590415544094045213107204636201742012289233805879440759852800127e-54
4.7353070830106676525038220650839619751945950781541706197881586758483114600084417284677e-56
4.7353070830106676525038220650839619751945950781541706197881586758483114600084417284677e-56
3.3911184321991545221156827952294359911883592343982975392453841048784422047365342747497e-58
3.3911184321991545221156827952294359911883592343982975392453841048784422047365342747497e-58
2.07363131125727625732863367014694142621748623118627169673876719433017777277626757839458e-60
2.07363131125727625732863367014694142621748623118627169673876719433017777277626757839458e-60
1.07388501475840034634052152440576837191424006342185792039555479942511453661692027733791e-62
1.07388501475840034634052152440576837191424006342185792039555479942511453661692027733791e-62
4.6671413158693670191725983620512064809656259220335599500494373150325997505505720478874e-65
4.6671413158693670191725983620512064809656259220335599500494373150325997505505720478874e-65
1.68481809381946534317472644770452972153627993364751711181339815002288029043395129546034e-67
1.68481809381946534317472644770452972153627993364751711181339815002288029043395129546034e-67
4.99376693826931277770108478333270909119001039551635701597186746570900196954910799451427e-70
4.99376693826931277770108478333270909119001039551635701597186746570900196954910799451427e-70
1.199360152148897988933229000457375979716286529998395606709666289050490147416429262144915e-72
1.199360152148897988933229000457375979716286529998395606709666289050490147416429262144915e-72
2.299077786522630529664122015614913378874050119662073973801466893456301633819952127050642e-75
2.299077786522630529664122015614913378874050119662073973801466893456301633819952127050642e-75
3.4566329048642360896949522852090166276368151303046793966963106888653307276479647931773889e-78
3.4566329048642360896949522852090166276368151303046793966963106888653307276479647931773889e-78
3.9938420292540837537351033463012420409768946598535128629089140515418857161957351913719692e-81
3.9938420292540837537351033463012420409768946598535128629089140515418857161957351913719692e-81
3.46184874599644792075824078681091250548833042009078277136654553616443543468494036195187648e-84
3.46184874599644792075824078681091250548833042009078277136654553616443543468494036195187648e-84
2.18722040178184590022953392991657459933314147382043079096638541416730074406940734209016577e-87
2.18722040178184590022953392991657459933314147382043079096638541416730074406940734209016577e-87
9.72616054799253836549706114611232984290919737213981423701333325488304640464768138005776042e-91
9.72616054799253836549706114611232984290919737213981423701333325488304640464768138005776042e-91
2.91500632582083975448785857572640481650954325844402695123722668432815354977208423982245829e-94
2.91500632582083975448785857572640481650954325844402695123722668432815354977208423982245829e-94
5.5741078533834380010633917444628606446256020932751963726609369028542277904308791958327923985e-98
5.5741078533834380010633917444628606446256020932751963726609369028542277904308791958327923985e-98
6.3324559268875742406458387848079736430339483105551248239857210739135746955170504391318162324e-102
6.3324559268875742406458387848079736430339483105551248239857210739135746955170504391318162324e-102
3.882368673390456318540564104401153437795527084821555470287838838234429680192661576050086995298e-106
3.882368673390456318540564104401153437795527084821555470287838838234429680192661576050086995298e-106
1.1217254900384638501213657539331222368011570066357126649928828856168969475735190899934652239675e-110
1.1217254900384638501213657539331222368011570066357126649928828856168969475735190899934652239675e-110
1.246043171778095193538758820236760660261232796923644630721519356424519076010327516645388453990418e-115
1.246043171778095193538758820236760660261232796923644630721519356424519076010327516645388453990418e-115
3.8060787191717250294690816081435117574185146193623927903434765201789543136373807765437623248077855e-121
3.8060787191717250294690816081435117574185146193623927903434765201789543136373807765437623248077855e-121
1.685373668014361153562217948491655717723501012799167379575453372132871741961278381922612936825701825e-127
1.685373668014361153562217948491655717723501012799167379575453372132871741961278381922612936825701825e-127
2.10456213278793109437083616709896718558996368335676762755800919754137810822704893754683030054233150432e-135
2.10456213278793109437083616709896718558996368335676762755800919754137810822704893754683030054233150432e-135