0.15274924848314795276313958072434569628495016075670506886460810065214554213699835566062484850009715988698519799596359066787802422
0.149230560624050514651103109740719589495917270899849464947489172995972277873026670666371858808919431934273620714304436629348584
0.149230560624050514651103109740719589495917270899849464947489172995972277873026670666371858808919431934273620714304436629348584
0.13915268990414730847757832832687678757658653116961969068064335779446350056422389275983904495157956834394755570042972251443084
0.13915268990414730847757832832687678757658653116961969068064335779446350056422389275983904495157956834394755570042972251443084
0.12384369382902201188033472188574231266682576334779144603620866427105344172994560354861180847985573773641358326409487650864
0.12384369382902201188033472188574231266682576334779144603620866427105344172994560354861180847985573773641358326409487650864
0.1051946087276187821515809173047143544339649999059419833125106127591211726144988991413782744201675260266414723617698339321
0.1051946087276187821515809173047143544339649999059419833125106127591211726144988991413782744201675260266414723617698339321
0.0852775506185697454481767633599058839567891146414257755251507013519031314201498402268990616806118603058350211132597862384
0.0852775506185697454481767633599058839567891146414257755251507013519031314201498402268990616806118603058350211132597862384
0.065974704782236409972167800205010265776026208015389943438608394396294610147709958573865712045974186798543284653429444553
0.065974704782236409972167800205010265776026208015389943438608394396294610147709958573865712045974186798543284653429444553
0.0487076325839873036498031119297408124284300174147139392166349687903608786233507220734639401692167469296865443465108793
0.0487076325839873036498031119297408124284300174147139392166349687903608786233507220734639401692167469296865443465108793
0.034313434032693442167424056313878875483201800883682917460788997598228216998885943143985222086234979212537407218677121
0.034313434032693442167424056313878875483201800883682917460788997598228216998885943143985222086234979212537407218677121
0.02306455701987225099820738230658381650595744020633511059559838546396202674063676389500919464436623904697130697552997
0.02306455701987225099820738230658381650595744020633511059559838546396202674063676389500919464436623904697130697552997
0.0147911303541646305325624808319304577082541002275061145673573212385323989558835004169259244318934881306823728977574
0.0147911303541646305325624808319304577082541002275061145673573212385323989558835004169259244318934881306823728977574
0.009048774836612172075407601085606233255908659695731795671010765624626154260457319174125369323561114136240149564151
0.009048774836612172075407601085606233255908659695731795671010765624626154260457319174125369323561114136240149564151
0.00528034734274377751089116741646505772765211102707594591545547756400322066323867836138736941706040080924631078542
0.00528034734274377751089116741646505772765211102707594591545547756400322066323867836138736941706040080924631078542
0.0029387782716663222848992603695988258509508949163041421599490253599357943540498530565978363106309322344975582764
0.0029387782716663222848992603695988258509508949163041421599490253599357943540498530565978363106309322344975582764
0.0015597149380617099178550732195597583416437461058565920254490592174593617242869231837387220571254602590792351637
0.0015597149380617099178550732195597583416437461058565920254490592174593617242869231837387220571254602590792351637
0.000789287553845910803443685092922378757080352826137009172875240302680914617860173495529388169270885778853071578
0.000789287553845910803443685092922378757080352826137009172875240302680914617860173495529388169270885778853071578
0.00038077585565563351133007904003767377126520650437026358953753593746064312870671092267505596537266702522246314
0.00038077585565563351133007904003767377126520650437026358953753593746064312870671092267505596537266702522246314
0.0001750955416364593385573908025838502622525704858724260999823553217921890708776935133786389567314267219983642
0.0001750955416364593385573908025838502622525704858724260999823553217921890708776935133786389567314267219983642
0.0000767316480617347615603670453920545546180778827915469698731860507309078553779836449344225636511532027338289
0.0000767316480617347615603670453920545546180778827915469698731860507309078553779836449344225636511532027338289
0.000032039419212261297684662174399341940170461562527558699311483651857200372701852509865753592074114514567358
0.000032039419212261297684662174399341940170461562527558699311483651857200372701852509865753592074114514567358
0.00001274432751475481055278141582259994837933701100267343595103928191489274817185077122153100916789715213339
0.00001274432751475481055278141582259994837933701100267343595103928191489274817185077122153100916789715213339
4.82811244608049327332587316406088008163714449855951023911345440821394429247821176274826955018620690518e-6
4.82811244608049327332587316406088008163714449855951023911345440821394429247821176274826955018620690518e-6
1.7416718072602268791230135177725900080336132448807244623979908523560870616698052601362291987458292371e-6
1.7416718072602268791230135177725900080336132448807244623979908523560870616698052601362291987458292371e-6
5.981061953056390470071197361266584143479357528733745309833916057487915389102099270043741413424759372e-7
5.981061953056390470071197361266584143479357528733745309833916057487915389102099270043741413424759372e-7
1.95479814229593907058678146688919324735245351332558311431776365589993455023805781405618547342581725e-7
1.95479814229593907058678146688919324735245351332558311431776365589993455023805781405618547342581725e-7
6.0788256076345019095988779728497959444649855972381482429390564968191759374790636970947242764960174e-8
6.0788256076345019095988779728497959444649855972381482429390564968191759374790636970947242764960174e-8
1.7980752140780787832716770266394701807019255455733255723604180087437122044884416171170554424787282e-8
1.7980752140780787832716770266394701807019255455733255723604180087437122044884416171170554424787282e-8
5.05750411076511961362052937026136304024550324046319472842617190412885472839611231734985215039689e-9
5.05750411076511961362052937026136304024550324046319472842617190412885472839611231734985215039689e-9
1.35228441605831214446648455450189066047733928957540950167393977535501769217424656725169357739942e-9
1.35228441605831214446648455450189066047733928957540950167393977535501769217424656725169357739942e-9
3.4360510625772745605823828716216493070127514684377522627408039965849712969861280182766572748598e-10
3.4360510625772745605823828716216493070127514684377522627408039965849712969861280182766572748598e-10
8.29392786734678071238856003711392070845204445885606806019156822117597222738317411688678286073e-11
8.29392786734678071238856003711392070845204445885606806019156822117597222738317411688678286073e-11
1.90113085841663997773369235558942845587149699016328188387420557690640202601919985622154235154e-11
1.90113085841663997773369235558942845587149699016328188387420557690640202601919985622154235154e-11
4.1366558439243124449318145916716280693909955486247489833849632810085652876348003068581216178e-12
4.1366558439243124449318145916716280693909955486247489833849632810085652876348003068581216178e-12
8.540811072261603041302571991690441922375878441568769454677227870666772188450264656451514775e-13
8.540811072261603041302571991690441922375878441568769454677227870666772188450264656451514775e-13
1.672552819651383425351979250504499947619023693820936881059887410280298807667677621800723092e-13
1.672552819651383425351979250504499947619023693820936881059887410280298807667677621800723092e-13
3.1052878393731695561912024911821780771231341403002995465819168224828650649025295462810266e-14
3.1052878393731695561912024911821780771231341403002995465819168224828650649025295462810266e-14
5.4634476538617186779122357594464782396216007565543388117888906675331762572001828360302188e-15
5.4634476538617186779122357594464782396216007565543388117888906675331762572001828360302188e-15
9.104732684992977974965436645514532766417669034203153970174542432825005191354165509816828e-16
9.104732684992977974965436645514532766417669034203153970174542432825005191354165509816828e-16
1.436436071673173951382590222201249566544195328263313303849243146756162324577049412350946e-16
1.436436071673173951382590222201249566544195328263313303849243146756162324577049412350946e-16
2.14435914460836655333579424049293846767472546578100495249382972200960069438749452861002e-17
2.14435914460836655333579424049293846767472546578100495249382972200960069438749452861002e-17
3.02736026863221156872455915115984326800111696538950165250268767536395529879391328282063e-18
3.02736026863221156872455915115984326800111696538950165250268767536395529879391328282063e-18
4.0396028030810989420003933256073848674264464853449267750513198825983111336104172609466e-19
4.0396028030810989420003933256073848674264464853449267750513198825983111336104172609466e-19
5.091698876096696583918007385757092722404480273387808082803661355580689426987672890272e-20
5.091698876096696583918007385757092722404480273387808082803661355580689426987672890272e-20
6.058514517728106216050773922518475024127187094154760896717152098278881280787431246532e-21
6.058514517728106216050773922518475024127187094154760896717152098278881280787431246532e-21
6.80090558991023180767466748826078330930110099899880650244997006889483493155958389276e-22
6.80090558991023180767466748826078330930110099899880650244997006889483493155958389276e-22
7.1972985393683117233997912919923233344974866100775337682792408834356557399693405027e-23
7.1972985393683117233997912919923233344974866100775337682792408834356557399693405027e-23
7.1757308298642119338280058673511915873606292260508495807459205926389646450906795165e-24
7.1757308298642119338280058673511915873606292260508495807459205926389646450906795165e-24
6.734948228994039301823426062532269618044829730467797786253793497163088881654891963e-25
6.734948228994039301823426062532269618044829730467797786253793497163088881654891963e-25
5.946162730081689578050425328382080593036711844345873914779167405953379977544334584e-26
5.946162730081689578050425328382080593036711844345873914779167405953379977544334584e-26
4.93424960726030498866835700439514433648569454621905887394818433576976576339324032e-27
4.93424960726030498866835700439514433648569454621905887394818433576976576339324032e-27
3.845194164535366691835062886594884714107073471475580991553987910808968292766992e-28
3.845194164535366691835062886594884714107073471475580991553987910808968292766992e-28
2.81152569755007058165708728705316573423425618865855304154091559599743343068891312e-29
2.81152569755007058165708728705316573423425618865855304154091559599743343068891312e-29
1.9270280320391331212130214878974713849766181799070314627674751464785197369264577e-30
1.9270280320391331212130214878974713849766181799070314627674751464785197369264577e-30
1.2368940461945919468091607691031426990885079657837563169813289495823520579332927e-31
1.2368940461945919468091607691031426990885079657837563169813289495823520579332927e-31
7.427306621182414898020528794516542136632940793331753769139954287278297356868058e-33
7.427306621182414898020528794516542136632940793331753769139954287278297356868058e-33
4.167915029153698602074626483303606787400852105935906257222626988713888778291843e-34
4.167915029153698602074626483303606787400852105935906257222626988713888778291843e-34
2.18326423996841643029629576537572211827436592114619569693376277775143054584074e-35
2.18326423996841643029629576537572211827436592114619569693376277775143054584074e-35
1.066302829137180513579489253205755276887347030204666132621272353415388382716473e-36
1.066302829137180513579489253205755276887347030204666132621272353415388382716473e-36
4.84956194838808353117119388236497942128056192716869519916825023269283302014237e-38
4.84956194838808353117119388236497942128056192716869519916825023269283302014237e-38
2.05118723888446452779117176767333524783014278154936621114467453484914556031728e-39
2.05118723888446452779117176767333524783014278154936621114467453484914556031728e-39
8.0573550217599787440328444358842668823609734928022834672632809173171745460261e-41
8.0573550217599787440328444358842668823609734928022834672632809173171745460261e-41
2.9351884560441861500773694361661234282476072549379444581160772710436431436654e-42
2.9351884560441861500773694361661234282476072549379444581160772710436431436654e-42
9.90087925482194681028546563337425087600098507470461258467568081863011563086e-44
9.90087925482194681028546563337425087600098507470461258467568081863011563086e-44
3.0875032106802680372055778223689732988721465118572653787232400604806982818161e-45
3.0875032106802680372055778223689732988721465118572653787232400604806982818161e-45
8.885859381634756447631001620728814228307381097514991254510371101381153435807e-47
8.885859381634756447631001620728814228307381097514991254510371101381153435807e-47
2.355972325708502987682617204282921236068677027801984695530723075524030646577e-48
2.355972325708502987682617204282921236068677027801984695530723075524030646577e-48
5.743737550594562348406603154961872824248482362706041402518917488003466568967e-50
5.743737550594562348406603154961872824248482362706041402518917488003466568967e-50
1.284986147218845317411121418438524577245612340846709286319801104232643549173e-51
1.284986147218845317411121418438524577245612340846709286319801104232643549173e-51
2.632414955345571438616317754443649078195022178116802256242812232198876809625e-53
2.632414955345571438616317754443649078195022178116802256242812232198876809625e-53
4.926938279701495108482497928594258695835491695547683124403521712330396040344e-55
4.926938279701495108482497928594258695835491695547683124403521712330396040344e-55
8.40463260791381177273612843977917937762455782514403212797803399312535744223e-57
8.40463260791381177273612843977917937762455782514403212797803399312535744223e-57
1.303354652766184505299340943065155393042876792442599833745854318790201413172e-58
1.303354652766184505299340943065155393042876792442599833745854318790201413172e-58
1.832387036210756078716306663978240825386594815306488534730646844721462186754e-60
1.832387036210756078716306663978240825386594815306488534730646844721462186754e-60
2.328674833010429218206480090510576857411633716670860182774769248992890718313e-62
2.328674833010429218206480090510576857411633716670860182774769248992890718313e-62
2.66669593904219842736908361286953114140033986101000035486734940452262796137e-64
2.66669593904219842736908361286953114140033986101000035486734940452262796137e-64
2.742505720273855164865833248916532988894971673351936836736762871169835659288e-66
2.742505720273855164865833248916532988894971673351936836736762871169835659288e-66
2.523813179533396492284436775729255433539931196600202108025323934379303246084e-68
2.523813179533396492284436775729255433539931196600202108025323934379303246084e-68
2.070172192328373640019886699649509504787872374326067626080215661869378452376e-70
2.070172192328373640019886699649509504787872374326067626080215661869378452376e-70
1.50717330320910877031850249653858922954394892397729347207448793576086008524e-72
1.50717330320910877031850249653858922954394892397729347207448793576086008524e-72
9.694893433713216477577587365421809700334360204040271607022715728626123435581e-75
9.694893433713216477577587365421809700334360204040271607022715728626123435581e-75
5.482654408783037523704318405507432971710296770629057099895244280775802123181e-77
5.482654408783037523704318405507432971710296770629057099895244280775802123181e-77
2.711184041800528489870879621756570091522246694082336910643143886983945296602e-79
2.711184041800528489870879621756570091522246694082336910643143886983945296602e-79
1.1654178409817601681195255994822755230920377283226639998797574328806713788288e-81
1.1654178409817601681195255994822755230920377283226639998797574328806713788288e-81
4.3265813564097291434197185407324759047513944769255735335574749725883792890263e-84
4.3265813564097291434197185407324759047513944769255735335574749725883792890263e-84
1.3773698206321810055159072107000196471131881210768581766996798868086301788292e-86
1.3773698206321810055159072107000196471131881210768581766996798868086301788292e-86
3.7305562368363674985685293641109590460903392533525554679204773049819618486564e-89
3.7305562368363674985685293641109590460903392533525554679204773049819618486564e-89
8.52137834380490306581527406442123678611856278654986647197194047686283477606e-92
8.52137834380490306581527406442123678611856278654986647197194047686283477606e-92
1.62559736576935979784129831163014571337294322123476292273655569828905904174886e-94
1.62559736576935979784129831163014571337294322123476292273655569828905904174886e-94
2.561631082790298864614026259263424525673287031030278743938494866087589407386679e-97
2.561631082790298864614026259263424525673287031030278743938494866087589407386679e-97
3.293345816934449374464492781034946131918352658369535165163303880616858180532604e-100
3.293345816934449374464492781034946131918352658369535165163303880616858180532604e-100
3.406067374954610689572298121038164770183057104649612693901480079875906711696464e-103
3.406067374954610689572298121038164770183057104649612693901480079875906711696464e-103
2.7883560809721016363465613692559512295904460274053549646635785233533532761301365e-106
2.7883560809721016363465613692559512295904460274053549646635785233533532761301365e-106
1.77341849666024477555274782541712385355241551058819566809524799149829900142312433e-109
1.77341849666024477555274782541712385355241551058819566809524799149829900142312433e-109
8.57376489314170534435237726088111038429844776755651531404874732959436102235916419e-113
8.57376489314170534435237726088111038429844776755651531404874732959436102235916419e-113
3.070748623122228390316177877022146183689392563958195115068649469430040329451566808e-116
3.070748623122228390316177877022146183689392563958195115068649469430040329451566808e-116
7.900302855594749083826022064044195982723059822132021316100463772470357084123933731e-120
7.900302855594749083826022064044195982723059822132021316100463772470357084123933731e-120
1.40637139706960177598806950111443055294136100125199257425074606376573894208232562228e-123
1.40637139706960177598806950111443055294136100125199257425074606376573894208232562228e-123
1.65374310124499535891324806362075448787523210942371784261163214282745848380959422595e-127
1.65374310124499535891324806362075448787523210942371784261163214282745848380959422595e-127
1.211266925663681718220080968438651384627806546942851502467286744757886394865807791233e-131
1.211266925663681718220080968438651384627806546942851502467286744757886394865807791233e-131
5.1193036228152553676408250539981859053377935866479672872165866964835881527293050557637e-136
5.1193036228152553676408250539981859053377935866479672872165866964835881527293050557637e-136
1.12619745442476659233423336739500235998576653694894150390381376189977551104050695225154e-140
1.12619745442476659233423336739500235998576653694894150390381376189977551104050695225154e-140
1.1149543847563381846865375341210958200437249146542242924471561620548233364805749592096059e-145
1.1149543847563381846865375341210958200437249146542242924471561620548233364805749592096059e-145
3.9914646732697660266906639390011023864641603441185656315299043013828223611115884163405863e-151
3.9914646732697660266906639390011023864641603441185656315299043013828223611115884163405863e-151
3.602765875488505189749920041752467790349080868031093989583823358429247595794599540194421094e-157
3.602765875488505189749920041752467790349080868031093989583823358429247595794599540194421094e-157
4.11344256485311917792156031066329374235876804850763456535228964002514884169062976891377100782e-164
4.11344256485311917792156031066329374235876804850763456535228964002514884169062976891377100782e-164
1.01416802130885446681257683433030237400703141394720151081282102496576729934927472179938921820819e-172
1.01416802130885446681257683433030237400703141394720151081282102496576729934927472179938921820819e-172