0.22497264372314603720517127513068298022642627638476339949005687483326987425209669293417512614874847646738063831874254661598607677
0.213896347029358265312573517118750698230912367705403261647113790875970830412040822826732173567262114225321729145936551088767133
0.213896347029358265312573517118750698230912367705403261647113790875970830412040822826732173567262114225321729145936551088767133
0.18382375801093333209212415014118247774964619558772887852888200802502760456631906759036941227606933252676753069788464730255239
0.18382375801093333209212415014118247774964619558772887852888200802502760456631906759036941227606933252676753069788464730255239
0.1427763636456641739561682184259447488689862157488636539481507417917918374822751476251962857414973355993048161927913094747717
0.1427763636456641739561682184259447488689862157488636539481507417917918374822751476251962857414973355993048161927913094747717
0.10019666687230209463459854278514790635279485098073685244710417631360145112561119163584302937878896508759682696602006724544
0.10019666687230209463459854278514790635279485098073685244710417631360145112561119163584302937878896508759682696602006724544
0.0635084957570828415093693557044096408156406367097965465056757783101541176825448623516054305300515298819206896149760493836
0.0635084957570828415093693557044096408156406367097965465056757783101541176825448623516054305300515298819206896149760493836
0.036339904964249971416542865969539534212411046666361721266402398945484167481265526976842812026757474025984975100090618813
0.036339904964249971416542865969539534212411046666361721266402398945484167481265526976842812026757474025984975100090618813
0.01876083895149953994676671735246130643055254556822883181201403824371968075899104900497721742999710354443453027963165012
0.01876083895149953994676671735246130643055254556822883181201403824371968075899104900497721742999710354443453027963165012
0.00873232890563288781676231929926376167128108636347893740322223517663643240115575041457104728459685027295532580588304941
0.00873232890563288781676231929926376167128108636347893740322223517663643240115575041457104728459685027295532580588304941
0.0036614915226082968331602043802173428613619869967103026962475954102869757309549428186316755038436858699465327965498872
0.0036614915226082968331602043802173428613619869967103026962475954102869757309549428186316755038436858699465327965498872
0.001381727961537441133428293289445119867511770499479088854712635080817065259906975065226000952485724899184028383811308
0.001381727961537441133428293289445119867511770499479088854712635080817065259906975065226000952485724899184028383811308
0.00046876282593032442942546779377000539760741110497170710526133898258157258279163685361214002864854144793049731706804
0.00046876282593032442942546779377000539760741110497170710526133898258157258279163685361214002864854144793049731706804
0.000142797131287816257506208625629785406822198575825559975736238099376517034699482701010907872641108472665522142054832
0.000142797131287816257506208625629785406822198575825559975736238099376517034699482701010907872641108472665522142054832
0.00003900566158199862960028896910099398741873074750345461391442683454248192331128329344334772574074234016246189017905
0.00003900566158199862960028896910099398741873074750345461391442683454248192331128329344334772574074234016246189017905
9.53929546893678865861198435129607016027632338928748234458714287344925157024941918262774839694679400495543306514e-6
9.53929546893678865861198435129607016027632338928748234458714287344925157024941918262774839694679400495543306514e-6
2.08522014453493885147403983020346731381208767107365308308301397994524163372352516181345311837700045053467945761e-6
2.08522014453493885147403983020346731381208767107365308308301397994524163372352516181345311837700045053467945761e-6
4.0665248009122614097552112616164984429812307459003238771266879133743527585812052287081749292343842307763623106e-7
4.0665248009122614097552112616164984429812307459003238771266879133743527585812052287081749292343842307763623106e-7
7.060510388697654213366522786207898093903262337044790281715138112430910255443695135420522254584521935941429333e-8
7.060510388697654213366522786207898093903262337044790281715138112430910255443695135420522254584521935941429333e-8
1.088941143293617396536385321075609262713964845143715313576720513509299207070556546976705798631677753866625383e-8
1.088941143293617396536385321075609262713964845143715313576720513509299207070556546976705798631677753866625383e-8
1.48814039836819252438084068542206049711083907106107409264730002505557056577555633642398522165167326423231307e-9
1.48814039836819252438084068542206049711083907106107409264730002505557056577555633642398522165167326423231307e-9
1.79705675995709851598504897713933612591440892183835302383659787310118358634635521428058501441681328514024372e-10
1.79705675995709851598504897713933612591440892183835302383659787310118358634635521428058501441681328514024372e-10
1.9118156866346738776946723771963572791884526028539519867570466501729594664720643851459180994881577898758224e-11
1.9118156866346738776946723771963572791884526028539519867570466501729594664720643851459180994881577898758224e-11
1.785881462691039554475335190783977527812218274730190073689589265000225705415516201227733673055780906672495e-12
1.785881462691039554475335190783977527812218274730190073689589265000225705415516201227733673055780906672495e-12
1.459455993311699222833799346573472316936641780720053985424401334168794653876345917307990628707556173843577e-13
1.459455993311699222833799346573472316936641780720053985424401334168794653876345917307990628707556173843577e-13
1.03921783778292123698773407016854091241572709786718625949523046986613338969072203771793786965215068613386e-14
1.03921783778292123698773407016854091241572709786718625949523046986613338969072203771793786965215068613386e-14
6.41889944178486678179228143171135828292361576384192270300433287333207178763834941655395355540957184290734e-16
6.41889944178486678179228143171135828292361576384192270300433287333207178763834941655395355540957184290734e-16
3.42220316402353266097948115712463462175422439781222103785121834972475120621614587332595187904358658045753e-17
3.42220316402353266097948115712463462175422439781222103785121834972475120621614587332595187904358658045753e-17
1.56623923540420039700658902769471474609728294040454331510234031443677305100559814993176078957617985506583e-18
1.56623923540420039700658902769471474609728294040454331510234031443677305100559814993176078957617985506583e-18
6.1159230112779139579709954178640131942998192100009135285079633528935926367847431960397520169630094596927e-20
6.1159230112779139579709954178640131942998192100009135285079633528935926367847431960397520169630094596927e-20
2.0237140711644727291108941300106582620971544721904544789745802783629478136161980091527297437117338471814e-21
2.0237140711644727291108941300106582620971544721904544789745802783629478136161980091527297437117338471814e-21
5.631027911077979706597195113210497225080903599889870393489065748993557145219267564213897113876149417713e-23
5.631027911077979706597195113210497225080903599889870393489065748993557145219267564213897113876149417713e-23
1.306231141036761032355905483512064945453164271567516393484371915426213009191763022971438421121332868799e-24
1.306231141036761032355905483512064945453164271567516393484371915426213009191763022971438421121332868799e-24
2.50141393836868137097802521424161582656026202582530459708877382524016757790735552118483307398416505015e-26
2.50141393836868137097802521424161582656026202582530459708877382524016757790735552118483307398416505015e-26
3.910418724779946877658792895131875300917639361000687132339569919574324152990042555073765849781052042223e-28
3.910418724779946877658792895131875300917639361000687132339569919574324152990042555073765849781052042223e-28
4.926605877406648214102964679822713943016714967352472610425530867531555205728368352273959914571138146672e-30
4.926605877406648214102964679822713943016714967352472610425530867531555205728368352273959914571138146672e-30
4.928212660618491936408777751636919232993838433642558479503696951015715177337210137299461728839423214824e-32
4.928212660618491936408777751636919232993838433642558479503696951015715177337210137299461728839423214824e-32
3.846655667750294175031497431722680349615695869348078107032608970395496289396910146295677125270927862004e-34
3.846655667750294175031497431722680349615695869348078107032608970395496289396910146295677125270927862004e-34
2.2950262940501469238322095359894497843508780055654614170324602600878081820211184859678773306301724565023e-36
2.2950262940501469238322095359894497843508780055654614170324602600878081820211184859678773306301724565023e-36
1.0211695752712585073424756185863336272201145115008926683125907718922534812878804998939215985954380099823e-38
1.0211695752712585073424756185863336272201145115008926683125907718922534812878804998939215985954380099823e-38
3.2885519707581376523864754556767164850772709476325564160148959861833309554585277024107185303029105260985e-41
3.2885519707581376523864754556767164850772709476325564160148959861833309554585277024107185303029105260985e-41
7.3860282667905205325590308951918215513290130545207494035527985578667389067302188059534354539055743293315e-44
7.3860282667905205325590308951918215513290130545207494035527985578667389067302188059534354539055743293315e-44
1.1039698088171741741333441666837359692475434827246690345587386736358277062879939336480131264224984233066e-46
1.1039698088171741741333441666837359692475434827246690345587386736358277062879939336480131264224984233066e-46
1.033198609546650559176261082588260643463301012283216117222497818721563218904193909280643424848137934113751e-49
1.033198609546650559176261082588260643463301012283216117222497818721563218904193909280643424848137934113751e-49
5.57819964386801761310522863577108212873189320270413287151355879796767431771337074149032367184498993933857e-53
5.57819964386801761310522863577108212873189320270413287151355879796767431771337074149032367184498993933857e-53
1.5480113585024231046443711854775513348803596531962963398307196964193233065078999833178442089830752176017998e-56
1.5480113585024231046443711854775513348803596531962963398307196964193233065078999833178442089830752176017998e-56
1.8575257861978890391341548441376677661206929610225616242829162264079859200066510214022007430914429672243737e-60
1.8575257861978890391341548441376677661206929610225616242829162264079859200066510214022007430914429672243737e-60
7.25638792276884473208383572155931801075421440916184736353730021044119872362047684869258312173213473218818303e-65
7.25638792276884473208383572155931801075421440916184736353730021044119872362047684869258312173213473218818303e-65
5.378214798705800063636317953707026906937381073687645650456141741038088132883825747412725008284741052183424159e-70
5.378214798705800063636317953707026906937381073687645650456141741038088132883825747412725008284741052183424159e-70
1.91631131971408799593818969312518140436370109369078452426667069263974577225022311813244941557869614773025216952e-76
1.91631131971408799593818969312518140436370109369078452426667069263974577225022311813244941557869614773025216952e-76