0.5701352362624795783471134822748004517362474642305550950180394878132261211030645097315393317942022588514114188906497922567885126
0.5701352362624795783471134822748004517362474642305550950180394878132261211030645097315393317942022588514114188906497922567885126
0.260492310264161129233396139765247533244862963357926620619663998333806955144997716794849484603639759037019172472923288705163104
0.260492310264161129233396139765247533244862963357926620619663998333806955144997716794849484603639759037019172472923288705163104
0.051607985615883929991873442360613094481551034950951919664764478095150014709594631057468017257597608092658433258890561657118583
0.051607985615883929991873442360613094481551034950951919664764478095150014709594631057468017257597608092658433258890561657118583
0.00390539058462906185999438432619531097415000471408575791527783717380424855354679647809249597846779780729401526324979932912592
0.00390539058462906185999438432619531097415000471408575791527783717380424855354679647809249597846779780729401526324979932912592
0.00008573687043587858654569063231532409401897054469197432370024358283767882536618251228806965956432173799056077229379485574189019
0.00008573687043587858654569063231532409401897054469197432370024358283767882536618251228806965956432173799056077229379485574189019
2.6585516843563016060231140087686794429026298219656545784992763062395894625411323792907580058718173981115413404852918006623451e-7
2.6585516843563016060231140087686794429026298219656545784992763062395894625411323792907580058718173981115413404852918006623451e-7