0.168901648746406102115989356670393993569443903749897588890727622680407511221926806577503399987590799101516380403345738047210071
0.168901648746406102115989356670393993569443903749897588890727622680407511221926806577503399987590799101516380403345738047210071
0.159415083227150138120465345211706147386176736361458487473843068290102720690799583729762087589191210692155648699260389976008293
0.159415083227150138120465345211706147386176736361458487473843068290102720690799583729762087589191210692155648699260389976008293
0.1420077166671416981460836389324307227179797581194863875299436373131852988192126966441786366872194267054115808933779358141666
0.1420077166671416981460836389324307227179797581194863875299436373131852988192126966441786366872194267054115808933779358141666
0.119389039809331298765487622146800772623267886150477585875322456749035209838705869501358993963135826716323470344995878669136
0.119389039809331298765487622146800772623267886150477585875322456749035209838705869501358993963135826716323470344995878669136
0.09472429172026574609548847195399433157581293042207286885529222357336909477111694672169960955447987800301763716319014945441
0.09472429172026574609548847195399433157581293042207286885529222357336909477111694672169960955447987800301763716319014945441
0.070919958702877035639632915288561820207586075336325774473163625727623966629289265770519496989877692347261953681332121523
0.070919958702877035639632915288561820207586075336325774473163625727623966629289265770519496989877692347261953681332121523
0.05010059935695169187264743456021729326554225590601760942399313794193250918175022068806249756515932831608847737891844778
0.05010059935695169187264743456021729326554225590601760942399313794193250918175022068806249756515932831608847737891844778
0.0333912824757678604460270773122827464334476633470262873757909313823547811231666545401953529558886264643126247385462986
0.0333912824757678604460270773122827464334476633470262873757909313823547811231666545401953529558886264643126247385462986
0.020993195618512436466676753286713891818402554795974423750436888235716672900318626265961803567593957290063164429651054
0.020993195618512436466676753286713891818402554795974423750436888235716672900318626265961803567593957290063164429651054
0.01244829474779429489116673060059528971383185623863234619175394647915916102549798485720045087848195955816146359098185
0.01244829474779429489116673060059528971383185623863234619175394647915916102549798485720045087848195955816146359098185
0.0069606294949961812406814342201718647797753448533350502390007785635153761547779187619983144652925541608624602553232
0.0069606294949961812406814342201718647797753448533350502390007785635153761547779187619983144652925541608624602553232
0.003669498855973517655993735718716116609196797445897865221179775525857443123956146249072472026661214112702046051017
0.003669498855973517655993735718716116609196797445897865221179775525857443123956146249072472026661214112702046051017
0.001823422892014498063060758711337190543465648477058569048189373319501723327053565714212989374139822853095719532314
0.001823422892014498063060758711337190543465648477058569048189373319501723327053565714212989374139822853095719532314
0.0008538541023044220189113607109791448810653959023134413443653013836842762472761238691747835224430752765250872313
0.0008538541023044220189113607109791448810653959023134413443653013836842762472761238691747835224430752765250872313
0.0003766855392201446246026252641458698392089300253588826221324890869768060739181614882320043703157916301380400041
0.0003766855392201446246026252641458698392089300253588826221324890869768060739181614882320043703157916301380400041
0.000156511616070554825337034638323585063151824311388297461757681731912130057037865909701503414744366553135856584
0.000156511616070554825337034638323585063151824311388297461757681731912130057037865909701503414744366553135856584
0.000061227929783044693056057150208118065313041892433179225276205709652038018158834761737100485984219534091052102
0.000061227929783044693056057150208118065313041892433179225276205709652038018158834761737100485984219534091052102
0.00002254448792055147874398458821378236910500801693245592855386635330248294764578090790302689628752674070408673
0.00002254448792055147874398458821378236910500801693245592855386635330248294764578090790302689628752674070408673
7.81017021772054143346449458096199634099106679715831353070597037313223067410847887180332199519884661832222e-6
7.81017021772054143346449458096199634099106679715831353070597037313223067410847887180332199519884661832222e-6
2.5447213452537009649967395070732037042295228145497990520341770193204598355220489723846926642919363419474e-6
2.5447213452537009649967395070732037042295228145497990520341770193204598355220489723846926642919363419474e-6
7.79467938547489190364478978727335073395817352865361845320999719385415200080823301793882550741685895999e-7
7.79467938547489190364478978727335073395817352865361845320999719385415200080823301793882550741685895999e-7
2.243578394091469224695592920056134243924174484764722450489545052490966981065326235222816099773719463612e-7
2.243578394091469224695592920056134243924174484764722450489545052490966981065326235222816099773719463612e-7
6.0654560255829373548173503732525681888339240703639015217630543983781022631152956690984264648270127162e-8
6.0654560255829373548173503732525681888339240703639015217630543983781022631152956690984264648270127162e-8
1.5393813958417149847855058730935096705203580998590166741652457689227687475715073613240057898700655954e-8
1.5393813958417149847855058730935096705203580998590166741652457689227687475715073613240057898700655954e-8
3.665705067473904387191092145592103870371897549980501459652304075197780180477581304466372139297351036e-9
3.665705067473904387191092145592103870371897549980501459652304075197780180477581304466372139297351036e-9
8.18561495008883688241835267738058290794014822649856249616835247049713994782053285498987084304664979e-10
8.18561495008883688241835267738058290794014822649856249616835247049713994782053285498987084304664979e-10
1.71303824660991155359745910494368282819727354348517818695717599958121137068162293363775900308167366e-10
1.71303824660991155359745910494368282819727354348517818695717599958121137068162293363775900308167366e-10
3.3576005591116946064744897379980402805990835692318185582392942688283775500669076012850488556184875e-11
3.3576005591116946064744897379980402805990835692318185582392942688283775500669076012850488556184875e-11
6.159502044096319358756716175218295669457354867437329688779485781748573783454422238077450981879611e-12
6.159502044096319358756716175218295669457354867437329688779485781748573783454422238077450981879611e-12
1.056838282704339137847482811656353514065868282255342840491897022072282764367344915216113204742103e-12
1.056838282704339137847482811656353514065868282255342840491897022072282764367344915216113204742103e-12
1.6946972716989483714402088036486609257549153217612823087182866307070990089983606637184705768231e-13
1.6946972716989483714402088036486609257549153217612823087182866307070990089983606637184705768231e-13
2.5377705512106248470548227186376569457502090678833760045529655078362717039861644295596674554451e-14
2.5377705512106248470548227186376569457502090678833760045529655078362717039861644295596674554451e-14
3.545895081194464997803083617948076743933698782429616509852780244221016350914894313548410103767e-15
3.545895081194464997803083617948076743933698782429616509852780244221016350914894313548410103767e-15
4.61879888033888366607394819959181491713774354813476116175597874849223466853990360271764084143e-16
4.61879888033888366607394819959181491713774354813476116175597874849223466853990360271764084143e-16
5.60346589877301717717144685611377011098896056874132875118485363160429541587373453097985029903e-17
5.60346589877301717717144685611377011098896056874132875118485363160429541587373453097985029903e-17
6.3252994285960492264676535951311966514324700236351164422473038340000830308547305987037275703e-18
6.3252994285960492264676535951311966514324700236351164422473038340000830308547305987037275703e-18
6.6366701688022865883566578358481251799278892957814353992414831758796098446356202470244604796e-19
6.6366701688022865883566578358481251799278892957814353992414831758796098446356202470244604796e-19
6.46527154045846173437320974629203197536502424749824417363241739943669743688990644991641386e-20
6.46527154045846173437320974629203197536502424749824417363241739943669743688990644991641386e-20
5.840986185017739976980263359928170332853151653408636003460961343808546297266306236349815517e-21
5.840986185017739976980263359928170332853151653408636003460961343808546297266306236349815517e-21
4.88781856437710894944215572538590515616238792272463769288571719140462987164150961977106291e-22
4.88781856437710894944215572538590515616238792272463769288571719140462987164150961977106291e-22
3.78363546601510109037959187169497617944685357311063925987343841151298194970671122692780392e-23
3.78363546601510109037959187169497617944685357311063925987343841151298194970671122692780392e-23
2.7056507791212658156942912909113574996922049651744144699967977377415448386548072283182969e-24
2.7056507791212658156942912909113574996922049651744144699967977377415448386548072283182969e-24
1.7847202502838555805957741130263160965722770281928648817741722427038488507906837682933998e-25
1.7847202502838555805957741130263160965722770281928648817741722427038488507906837682933998e-25
1.0842625724312505719299483910498718875374673974691069087973096616580509325804271555383305e-26
1.0842625724312505719299483910498718875374673974691069087973096616580509325804271555383305e-26
6.05695086617684633651698213220957891665132143661610856623553089344761918357600047975796e-28
6.05695086617684633651698213220957891665132143661610856623553089344761918357600047975796e-28
3.105807726673014148627794410727937286026084466745199449158083110025885963858925156660478e-29
3.105807726673014148627794410727937286026084466745199449158083110025885963858925156660478e-29
1.459131786161242757821957258984502804408879539479709909396743619788566738507363633110642e-30
1.459131786161242757821957258984502804408879539479709909396743619788566738507363633110642e-30
6.26846803413014015874218294665805251034447043104654659378958932026598662999647174495605e-32
6.26846803413014015874218294665805251034447043104654659378958932026598662999647174495605e-32
2.45735266630739847429181357516430669735537700954334985482172663175256623563286609364365e-33
2.45735266630739847429181357516430669735537700954334985482172663175256623563286609364365e-33
8.7709151746017834408680331640906842965219657573989933326697216063231506555135335883976e-35
8.7709151746017834408680331640906842965219657573989933326697216063231506555135335883976e-35
2.84354719951384573341298901779311790467869708970103655686394080348091537880706454716102e-36
2.84354719951384573341298901779311790467869708970103655686394080348091537880706454716102e-36
8.352363861510195056311928555345693925947603945053429520980434958858537655655008786467e-38
8.352363861510195056311928555345693925947603945053429520980434958858537655655008786467e-38
2.2167101442428606792645445718408728965041394196115746788384894525353005003896129383438e-39
2.2167101442428606792645445718408728965041394196115746788384894525353005003896129383438e-39
5.3001743821411939335653925601754529331681023645316068871437548223124291167677901699795e-41
5.3001743821411939335653925601754529331681023645316068871437548223124291167677901699795e-41
1.1381244408182748297098700290545301537511775562862387498461075201846273606120692892343e-42
1.1381244408182748297098700290545301537511775562862387498461075201846273606120692892343e-42
2.1874580274727114644007252565070105535829263954522032586351435536488080731035307413386e-44
2.1874580274727114644007252565070105535829263954522032586351435536488080731035307413386e-44
3.7493520841060740351856045603607681684585522965531391687990937422484094664591943134968e-46
3.7493520841060740351856045603607681684585522965531391687990937422484094664591943134968e-46
5.708557543917912135298004899213981705245750915009636309715700725858783480952273133951e-48
5.708557543917912135298004899213981705245750915009636309715700725858783480952273133951e-48
7.687644130376191035672107204503353178574641226800244545366578412677113176894423068337e-50
7.687644130376191035672107204503353178574641226800244545366578412677113176894423068337e-50
9.114615699727277943708119708884111249423863770475062387142441477172266990701122034876e-52
9.114615699727277943708119708884111249423863770475062387142441477172266990701122034876e-52
9.465882170900531290406617244116717962388836007642975800500613631037121366762418085197e-54
9.465882170900531290406617244116717962388836007642975800500613631037121366762418085197e-54
8.563570464108268294652459352976872024630905768841562628473796065150404865275081502185e-56
8.563570464108268294652459352976872024630905768841562628473796065150404865275081502185e-56
6.707779000644444923221371335401881179974183866223199493699874681015314535923793085607e-58
6.707779000644444923221371335401881179974183866223199493699874681015314535923793085607e-58
4.5188057419566101878616011852588898683740578083515983975688443238901445727619961907903e-60
4.5188057419566101878616011852588898683740578083515983975688443238901445727619961907903e-60
2.5987959219619687721762834692196587968230106620751621149064109029770631087090578619869e-62
2.5987959219619687721762834692196587968230106620751621149064109029770631087090578619869e-62
1.26546336582099309737222425145855034146557881408134533556760201613494641632179455923074e-64
1.26546336582099309737222425145855034146557881408134533556760201613494641632179455923074e-64
5.1696909850842236299668344443908401957398129849666338670035979474466991249962786520806e-67
5.1696909850842236299668344443908401957398129849666338670035979474466991249962786520806e-67
1.7536229837284427977678965333542970491210635051926248375143508555282397853501191783255e-69
1.7536229837284427977678965333542970491210635051926248375143508555282397853501191783255e-69
4.88205890206534526596288590650511532580144024790784311417299621347808745565272191711947e-72
4.88205890206534526596288590650511532580144024790784311417299621347808745565272191711947e-72
1.100800526747785956024459181972032941856301712176166153307576361423537558998790586785253e-74
1.100800526747785956024459181972032941856301712176166153307576361423537558998790586785253e-74
1.979959274497100896075439521816371185582221749855950163161742509486297087278236875064791e-77
1.979959274497100896075439521816371185582221749855950163161742509486297087278236875064791e-77
2.791387497319756968262684825561035405971495276043512930114433146082822297532508880149923e-80
2.791387497319756968262684825561035405971495276043512930114433146082822297532508880149923e-80
3.0220219471047025771175774254662924423904569743570650702668581253969934935683635843263743e-83
3.0220219471047025771175774254662924423904569743570650702668581253969934935683635843263743e-83
2.4523185664718326369872438425204196587870878281508392871745981920773598615617752739762376e-86
2.4523185664718326369872438425204196587870878281508392871745981920773598615617752739762376e-86
1.44904385955063719637548315720478882154388707353051179910183213358662558024850017475725845e-89
1.44904385955063719637548315720478882154388707353051179910183213358662558024850017475725845e-89
6.01908508141263570252490190499337078397668448902291675234553814633437659400349902999019807e-93
6.01908508141263570252490190499337078397668448902291675234553814633437659400349902999019807e-93
1.682716956141674520674566277766807788293158818541477468856668720978249055681634146458298217e-96
1.682716956141674520674566277766807788293158818541477468856668720978249055681634146458298217e-96
2.9963165563523014161393850515609367347184385036596372085864005744878264029091461391562776272e-100
2.9963165563523014161393850515609367347184385036596372085864005744878264029091461391562776272e-100
3.16315481523307709099212381235732488547865210969094106076965644179638526935234602132655444698e-104
3.16315481523307709099212381235732488547865210969094106076965644179638526935234602132655444698e-104
1.797439227707734247903056282067731276543601120985392232353618026509890692831932320868197292678e-108
1.797439227707734247903056282067731276543601120985392232353618026509890692831932320868197292678e-108
4.797439693381144254323168786474897411644091990414147175268928065394286516566297804973323414854e-113
4.797439693381144254323168786474897411644091990414147175268928065394286516566297804973323414854e-113
4.90111699503590276757612083306150666809865912464041593387262415255756547065606429612586209242096e-118
4.90111699503590276757612083306150666809865912464041593387262415255756547065606429612586209242096e-118
1.3681822165982000012476511549120039102192059092409173946573914885986624473759037946817554521486072e-123
1.3681822165982000012476511549120039102192059092409173946573914885986624473759037946817554521486072e-123
5.48219920247465411220566756338717770871846121057972469279124557660011206459941979613204090360515372e-130
5.48219920247465411220566756338717770871846121057972469279124557660011206459941979613204090360515372e-130
6.0750158130606411829529185394822983028355034469022761271807701962312090371827819277001692127736595531e-138
6.0750158130606411829529185394822983028355034469022761271807701962312090371827819277001692127736595531e-138