0.1832306690287736968709706503816626658125712965762780887623999404019836167775879773324309211454797754499600322152770282434575955
0.1832306690287736968709706503816626658125712965762780887623999404019836167775879773324309211454797754499600322152770282434575955
0.171152669317533635875010709309554817235808651286980633503551732710394735886146769815731368102888554888061289992789624813030115
0.171152669317533635875010709309554817235808651286980633503551732710394735886146769815731368102888554888061289992789624813030115
0.149327820141817570666459488136633113866002202937389568932672567697978116559008421391341579631382856545138306526964072383441
0.149327820141817570666459488136633113866002202937389568932672567697978116559008421391341579631382856545138306526964072383441
0.121686201862781610429313712848524861402428884017848780692963538238396350327424238376013646956836830001107269117612739727645
0.121686201862781610429313712848524861402428884017848780692963538238396350327424238376013646956836830001107269117612739727645
0.09260692240163598388371836306501119962912399776692233637065981429587463833779824593186576700828252806840368589028729322623
0.09260692240163598388371836306501119962912399776692233637065981429587463833779824593186576700828252806840368589028729322623
0.065809838711917056123716968002934981674280717775114949575129411693420122671901456828324054414576229594813323638597818463
0.065809838711917056123716968002934981674280717775114949575129411693420122671901456828324054414576229594813323638597818463
0.04366293018875982199154110836567772463904024863182489945581241163983019694882447691540308857914973009897550344993523172
0.04366293018875982199154110836567772463904024863182489945581241163983019694882447691540308857914973009897550344993523172
0.0270411090223939909775670375687516205024481307010404385639374497944261690450072469210878239902750182524171661536645427
0.0270411090223939909775670375687516205024481307010404385639374497944261690450072469210878239902750182524171661536645427
0.01562880730027644618429777161409109293439980092921346944405697855341177424396341795784256574204804572604666175290106
0.01562880730027644618429777161409109293439980092921346944405697855341177424396341795784256574204804572604666175290106
0.0084275632150597972148565150152077941528111333324476262132069542039594630691498466007883050087201786549815436112213
0.0084275632150597972148565150152077941528111333324476262132069542039594630691498466007883050087201786549815436112213
0.00423860405573158056288258344034318393943424501331945244638619195143023166682140697155001693907505213730742954163311
0.00423860405573158056288258344034318393943424501331945244638619195143023166682140697155001693907505213730742954163311
0.001987661608844587221350362684648458913268913364584296987536859413086170256281015699981898474899267613524181952023
0.001987661608844587221350362684648458913268913364584296987536859413086170256281015699981898474899267613524181952023
0.000868758079617271731555791612126697002855608802099250957249845368164065548872301544334196792479486875239844583206
0.000868758079617271731555791612126697002855608802099250957249845368164065548872301544334196792479486875239844583206
0.000353763947021184787425714092238055519773759282880701089094462755480232429194991311074460639293511377057511329905
0.000353763947021184787425714092238055519773759282880701089094462755480232429194991311074460639293511377057511329905
0.00013415011473384572877984632731822499936762889979925169938782637958985482327502958955996673636806047727841050668
0.00013415011473384572877984632731822499936762889979925169938782637958985482327502958955996673636806047727841050668
0.00004734979894766661155596561263649374330144789642401802890991285623148048526234365504551171051387828748276803775
0.00004734979894766661155596561263649374330144789642401802890991285623148048526234365504551171051387828748276803775
0.0000155476036846193487389267347674000436504082446932471992702880122140549489260738856288124544177001240573299276
0.0000155476036846193487389267347674000436504082446932471992702880122140549489260738856288124544177001240573299276
4.7465352780258439838707829944604948221579688618789927671475114798213170757557081326842832073200010754591665e-6
4.7465352780258439838707829944604948221579688618789927671475114798213170757557081326842832073200010754591665e-6
1.346442800235685947496677781966023928714092775513342114148555890617662197964510034375503505196039249594848e-6
1.346442800235685947496677781966023928714092775513342114148555890617662197964510034375503505196039249594848e-6
3.54655372395498592867300277904759136295115661402708415886595232203299835924573920810669717888202592731622e-7
3.54655372395498592867300277904759136295115661402708415886595232203299835924573920810669717888202592731622e-7
8.668035299032227421123102766890163787287213456905866633759147413702360218301656639445016442667109697655e-8
8.668035299032227421123102766890163787287213456905866633759147413702360218301656639445016442667109697655e-8
1.9642460747885061777348190390384150457936092587257383572075810598080755149150755994364551989285177019385e-8
1.9642460747885061777348190390384150457936092587257383572075810598080755149150755994364551989285177019385e-8
4.123578312077711921063979521186950532995820936501122481032823585415900886726974581449011280631350493113e-9
4.123578312077711921063979521186950532995820936501122481032823585415900886726974581449011280631350493113e-9
8.01259107179505337920257593393431956289527175097447334022786287086260694858497706647125712052873394532e-10
8.01259107179505337920257593393431956289527175097447334022786287086260694858497706647125712052873394532e-10
1.43973714896755626564650300235209859017348187338704831427179557960917545754791613117806816625312905263e-10
1.43973714896755626564650300235209859017348187338704831427179557960917545754791613117806816625312905263e-10
2.3898379902347291459458269521066578270712094590073014595613488495775365967167033300279977058512712278e-11
2.3898379902347291459458269521066578270712094590073014595613488495775365967167033300279977058512712278e-11
3.66069058401551902749070875978898595670417849744491966379115390430902251025628994988431416918297555e-12
3.66069058401551902749070875978898595670417849744491966379115390430902251025628994988431416918297555e-12
5.1685673461841859043062685372739614259682209750422028094219651863163822963949056861145593893397403e-13
5.1685673461841859043062685372739614259682209750422028094219651863163822963949056861145593893397403e-13
6.71831311134335952376195482098117073782345764008016121288747961480728801426322929224403376804332e-14
6.71831311134335952376195482098117073782345764008016121288747961480728801426322929224403376804332e-14
8.0291277303591893732719163511218440206333705325419321156355643406521374805895924601174483857943608e-15
8.0291277303591893732719163511218440206333705325419321156355643406521374805895924601174483857943608e-15
8.810330004556007665552274337351561835042732355001278705475046650950614892844421462666717266441075e-16
8.810330004556007665552274337351561835042732355001278705475046650950614892844421462666717266441075e-16
8.86317016232078814087148575510391209003307275551226942999140548392857826394568711582365335596512e-17
8.86317016232078814087148575510391209003307275551226942999140548392857826394568711582365335596512e-17
8.16156382980284088349831571575981715622750240849467734359846545259062965620463265966160197487142e-18
8.16156382980284088349831571575981715622750240849467734359846545259062965620463265966160197487142e-18
6.86772554959734864118112686831129229921018890967456527055425225745856388997671981287953670655162e-19
6.86772554959734864118112686831129229921018890967456527055425225745856388997671981287953670655162e-19
5.2713950568645331586208122534688268837030680495790837552190458874047166456107244145254312344585e-20
5.2713950568645331586208122534688268837030680495790837552190458874047166456107244145254312344585e-20
3.6836215601894908276537518431543787461039074539636765630024565424831462367428884929039929236737e-21
3.6836215601894908276537518431543787461039074539636765630024565424831462367428884929039929236737e-21
2.3386559482775397502984411871125365588351359580051912826384718248122096052925821383920149325815e-22
2.3386559482775397502984411871125365588351359580051912826384718248122096052925821383920149325815e-22
1.3459870964148253108454442402426156699337304708473899972184685984608721640397801455844196833883e-23
1.3459870964148253108454442402426156699337304708473899972184685984608721640397801455844196833883e-23
7.00600708370415410511633621287410181262393680094573211850740639659909570211019828889786537471e-25
7.00600708370415410511633621287410181262393680094573211850740639659909570211019828889786537471e-25
3.28966232433864303814308111577696217577047862453226191234001772430986128161795118760577936015e-26
3.28966232433864303814308111577696217577047862453226191234001772430986128161795118760577936015e-26
1.389619390821485440661643414013563333160147274763851076944526704376811295616782154973617683375e-27
1.389619390821485440661643414013563333160147274763851076944526704376811295616782154973617683375e-27
5.26532745476773533489612213439158920996561904055740915056059853937659770148832334628453606865e-29
5.26532745476773533489612213439158920996561904055740915056059853937659770148832334628453606865e-29
1.78385703627076140681626910672978025350930839839870866644846008813069087621930584776762069072e-30
1.78385703627076140681626910672978025350930839839870866644846008813069087621930584776762069072e-30
5.3852783517498589856962960058371653144849475042522240263018213560974681432925677802795328614e-32
5.3852783517498589856962960058371653144849475042522240263018213560974681432925677802795328614e-32
1.44329033761676110777526304643069674435521636737105795967889307187008298313240122471436445003e-33
1.44329033761676110777526304643069674435521636737105795967889307187008298313240122471436445003e-33
3.4201248592076944329914509513603543339745860868657701212686414343716889806131796265818431519e-35
3.4201248592076944329914509513603543339745860868657701212686414343716889806131796265818431519e-35
7.1344872719592020369712113082338430758513061849071478196908447782975974032958051697871711485e-37
7.1344872719592020369712113082338430758513061849071478196908447782975974032958051697871711485e-37
1.3038602059242533744807527143313256864107037651113884012399984422654322980273139305735515211e-38
1.3038602059242533744807527143313256864107037651113884012399984422654322980273139305735515211e-38
2.0766525261834562278461597999944597829767771082269642892356466621949056001294028705359541244e-40
2.0766525261834562278461597999944597829767771082269642892356466621949056001294028705359541244e-40
2.8658496493850010266518785484460403085171771540721507774744137910716926617250084400853781564e-42
2.8658496493850010266518785484460403085171771540721507774744137910716926617250084400853781564e-42
3.4051398010374616436304403522169320659623523245791081646997706857787876333938615557927968674e-44
3.4051398010374616436304403522169320659623523245791081646997706857787876333938615557927968674e-44
3.4589808905751377988154659681241753291099694204473801921328341200606483118302975162244850318e-46
3.4589808905751377988154659681241753291099694204473801921328341200606483118302975162244850318e-46
2.9805109745607759656755915895821925259215118674400539104034703936373851105628417251088938419e-48
2.9805109745607759656755915895821925259215118674400539104034703936373851105628417251088938419e-48
2.1595419825453455066863449200571128161241400668588320746521864117062973327890506638960673153e-50
2.1595419825453455066863449200571128161241400668588320746521864117062973327890506638960673153e-50
1.30284166327252053475301772404847777192358920709741439066624240721786089132804712458011888209e-52
1.30284166327252053475301772404847777192358920709741439066624240721786089132804712458011888209e-52
6.4722677680216227815108102231164243842030136107834714963233874664841431669581881160843393828e-55
6.4722677680216227815108102231164243842030136107834714963233874664841431669581881160843393828e-55
2.61437658675930418776470161138420228159206590074571513572471671263896341349919079990202039234e-57
2.61437658675930418776470161138420228159206590074571513572471671263896341349919079990202039234e-57
8.4632278622570154935038911343484069362778527439272005467740522132902871312500318941725480418e-60
8.4632278622570154935038911343484069362778527439272005467740522132902871312500318941725480418e-60
2.15917307769519160040615712475605456351773309893559947627947868743116704451946029284494119676e-62
2.15917307769519160040615712475605456351773309893559947627947868743116704451946029284494119676e-62
4.25727432260500201770968994085834794793476611271061906850082005933637891528306525693509663135e-65
4.25727432260500201770968994085834794793476611271061906850082005933637891528306525693509663135e-65
6.339330364945602572540690936050624936937341108996739534905811388046648447488368314679458615188e-68
6.339330364945602572540690936050624936937341108996739534905811388046648447488368314679458615188e-68
6.934734266417392061512292166820792908101958142859617629646494357460033896916556112025928903769e-71
6.934734266417392061512292166820792908101958142859617629646494357460033896916556112025928903769e-71
5.389166418706141563152781729741497939021739682324036455959673034844473886199530308344250567305e-74
5.389166418706141563152781729741497939021739682324036455959673034844473886199530308344250567305e-74
2.8542469937134871282912860894719550115052923658637308638077398022221169399680916507799956762588e-77
2.8542469937134871282912860894719550115052923658637308638077398022221169399680916507799956762588e-77
9.7753535494288122260609285738023598868643028860458250415185896648773275026051450728867688502782e-81
9.7753535494288122260609285738023598868643028860458250415185896648773275026051450728867688502782e-81
2.022017224744448642184282422467342784785338131653676053796045434265235147025929829060547609252155e-84
2.022017224744448642184282422467342784785338131653676053796045434265235147025929829060547609252155e-84
2.3041370774072621131301061066294243411051540354670019514553053387497015077270889410473749469433909e-88
2.3041370774072621131301061066294243411051540354670019514553053387497015077270889410473749469433909e-88
1.27057222314894871790627356833313691628983401064828276824282216652482367772027113447030693045703473e-92
1.27057222314894871790627356833313691628983401064828276824282216652482367772027113447030693045703473e-92
2.790923218945519103240074940280893751381715892325267793445317499449129105630250720707777342181718387e-97
2.790923218945519103240074940280893751381715892325267793445317499449129105630250720707777342181718387e-97
1.7730623068856064401265362206142914655351349060220932364123812806140753265870171780381110557067617749e-102
1.7730623068856064401265362206142914655351349060220932364123812806140753265870171780381110557067617749e-102
1.768647932126774182558792940362953125564709611866326302752352499235790969938984221356549934263867811645e-108
1.768647932126774182558792940362953125564709611866326302752352499235790969938984221356549934263867811645e-108
5.8215540266144643462263249814560356201333570297634944584171094063719664391995752525924651848078277057782e-116
5.8215540266144643462263249814560356201333570297634944584171094063719664391995752525924651848078277057782e-116