0.1761807600839728881610435703116618313449915648793691334582130501897203680730134226730015484482620243230946426222537771853452137
0.1761807600839728881610435703116618313449915648793691334582130501897203680730134226730015484482620243230946426222537771853452137
0.165428939866362016707237493023637088487119829262427696959598383757948488483759985119386082155773389500091752324495940949047466
0.165428939866362016707237493023637088487119829262427696959598383757948488483759985119386082155773389500091752324495940949047466
0.1458500229773853018858542139502414196531496498636735120583389181602663143181025044574436828339261387372300209951769638122869
0.1458500229773853018858542139502414196531496498636735120583389181602663143181025044574436828339261387372300209951769638122869
0.120731751709658510663943177516203381664752708222368697696538603787823660939031721780694414671185975646022633373030108192746
0.120731751709658510663943177516203381664752708222368697696538603787823660939031721780694414671185975646022633373030108192746
0.09382604085347202634054129146469912470281624581122119121407661185315996777737271465965592612561464419713196269604349161989
0.09382604085347202634054129146469912470281624581122119121407661185315996777737271465965592612561464419713196269604349161989
0.068449129121212724678996569455288864905539681997741728966049538452353237332005838326390172333403045873952386077626819799
0.068449129121212724678996569455288864905539681997741728966049538452353237332005838326390172333403045873952386077626819799
0.04687050394902595080783728963626862620658278096043311352301153516466881537232659999619901185024846738706217006218283351
0.04687050394902595080783728963626862620658278096043311352301153516466881537232659999619901185024846738706217006218283351
0.0301197680294754293946015069884719127520263037130500554515942849566770514085819413496569934257434291131864840271114479
0.0301197680294754293946015069884719127520263037130500554515942849566770514085819413496569934257434291131864840271114479
0.018161242168807849544706688154978726769638131462119022131109455905475617469285040344997150130697880226397729235849739
0.018161242168807849544706688154978726769638131462119022131109455905475617469285040344997150130697880226397729235849739
0.01027285902641143303981783683083954710283544274801640827046616880393479312643439265639763377463110453657580929855217
0.01027285902641143303981783683083954710283544274801640827046616880393479312643439265639763377463110453657580929855217
0.0054498805064709392830863750445832591519656529322785586621128433374811440776691538122633390852308596413236705385567
0.0054498805064709392830863750445832591519656529322785586621128433374811440776691538122633390852308596413236705385567
0.0027109305106750515648603018885109563298618434621482495867145116756795124767793803773630723960985751518657177501473
0.0027109305106750515648603018885109563298618434621482495867145116756795124767793803773630723960985751518657177501473
0.001264034766570126653997023768137724899760554320735870531662849198320541842474867802414491892226949363416183233083
0.001264034766570126653997023768137724899760554320735870531662849198320541842474867802414491892226949363416183233083
0.00055229314310309509331866862742364613726215864420469289485416077890471456945245886767273315522848162887237320218
0.00055229314310309509331866862742364613726215864420469289485416077890471456945245886767273315522848162887237320218
0.00022604661890533192163089510428138586894107071575250486236710671023904272674628447255363564793731964633078074155
0.00022604661890533192163089510428138586894107071575250486236710671023904272674628447255363564793731964633078074155
0.0000866320197551947920298381673329231412301588946932536046043721556569663774751037379958297320514095823735223955
0.0000866320197551947920298381673329231412301588946932536046043721556569663774751037379958297320514095823735223955
0.000031076452822469779262861325802276644281247949922579551727064613552842005904237241136811175488802272308433138
0.000031076452822469779262861325802276644281247949922579551727064613552842005904237241136811175488802272308433138
0.00001042949493754957203045983248632376959141362139428313073964488925991934936182763847221107136018136070161901
0.00001042949493754957203045983248632376959141362139428313073964488925991934936182763847221107136018136070161901
3.273146612098443821004685827579410916694183419627863251496390358229203119264177348790114251886256485072706e-6
3.273146612098443821004685827579410916694183419627863251496390358229203119264177348790114251886256485072706e-6
9.600949995554449116338804556271011192686149871063626462379929235885895344338731174797041334821203012733e-7
9.600949995554449116338804556271011192686149871063626462379929235885895344338731174797041334821203012733e-7
2.6306912128825140370717168000454367961764011035294130018818582117725845029544664781437555970318197779239e-7
2.6306912128825140370717168000454367961764011035294130018818582117725845029544664781437555970318197779239e-7
6.729399211196184751469943462624937324287990575544736164110683308598118007999071033769563824110635405335e-8
6.729399211196184751469943462624937324287990575544736164110683308598118007999071033769563824110635405335e-8
1.60605378139907365067839989373448860890306901418728138883080960598864227440586778632801316518744565422e-8
1.60605378139907365067839989373448860890306901418728138883080960598864227440586778632801316518744565422e-8
3.5737970851749437617572918815952501283237308612374236873149487284981685044258309858083467078751342132e-9
3.5737970851749437617572918815952501283237308612374236873149487284981685044258309858083467078751342132e-9
7.409272069234424100980425486411057926839456052891742530468700416923012877246754588831519097483104482e-10
7.409272069234424100980425486411057926839456052891742530468700416923012877246754588831519097483104482e-10
1.430102459750881929398152978351336066716764117797619017440801286142790809890705790590255808941997302e-10
1.430102459750881929398152978351336066716764117797619017440801286142790809890705790590255808941997302e-10
2.56775822019899284775821754478853720796620849578775452557183347833239840390734499754503773154203428e-11
2.56775822019899284775821754478853720796620849578775452557183347833239840390734499754503773154203428e-11
4.2851307836098682553425738728544485922604591301648305329917129220386713719751097430785963688666193e-12
4.2851307836098682553425738728544485922604591301648305329917129220386713719751097430785963688666193e-12
6.640513425778654464867922431025655640278082589154195421636087609756230021399218544113872346932934e-13
6.640513425778654464867922431025655640278082589154195421636087609756230021399218544113872346932934e-13
9.546567554756877280562035819913679884386625138728108544746365361237359479193153027671989191666804e-14
9.546567554756877280562035819913679884386625138728108544746365361237359479193153027671989191666804e-14
1.271907638150255198448328982829697830306825877604603286807274825048141478781434703516579199980919e-14
1.271907638150255198448328982829697830306825877604603286807274825048141478781434703516579199980919e-14
1.56875146822120796544114816092611205319982056142792284016053461946970209105858474239259658820303e-15
1.56875146822120796544114816092611205319982056142792284016053461946970209105858474239259658820303e-15
1.78912864111232371915938180522964153832053260251282255155636826384770114311621496345524744215018e-16
1.78912864111232371915938180522964153832053260251282255155636826384770114311621496345524744215018e-16
1.8844546640240314162602992706295378289155309715582058075576996469661915522585886299500723922184e-17
1.8844546640240314162602992706295378289155309715582058075576996469661915522585886299500723922184e-17
1.830718510777033037552205059765461309146210503528780894708967700155724506749751007473523757714e-18
1.830718510777033037552205059765461309146210503528780894708967700155724506749751007473523757714e-18
1.638133194715249570182062069837357997041304471563287050854201725308871033053563414990227149908e-19
1.638133194715249570182062069837357997041304471563287050854201725308871033053563414990227149908e-19
1.348127881018834779373107954511610785301125164808251781812455501227792337177526966869226319852e-20
1.348127881018834779373107954511610785301125164808251781812455501227792337177526966869226319852e-20
1.01880116950969398341885095322705003056862277726650425030393461248987093174860827011603178402e-21
1.01880116950969398341885095322705003056862277726650425030393461248987093174860827011603178402e-21
7.0583497822482957978327660456246909490273852074505134213282146981028531699932383878225612857e-23
7.0583497822482957978327660456246909490273852074505134213282146981028531699932383878225612857e-23
4.4751190749666630661836423212181363659715277697388956474336463314078174008354112883320941514e-24
4.4751190749666630661836423212181363659715277697388956474336463314078174008354112883320941514e-24
2.5916454156396502876126595221811251150964914463143079926469161898593271725593195874048397405e-25
2.5916454156396502876126595221811251150964914463143079926469161898593271725593195874048397405e-25
1.3681807173905771650751475768325942086410143462224103666121727347869013433886107759346120712e-26
1.3681807173905771650751475768325942086410143462224103666121727347869013433886107759346120712e-26
6.570166246469341964511842486704951905566122903571812163204517303032781383159385848184764268e-28
6.570166246469341964511842486704951905566122903571812163204517303032781383159385848184764268e-28
2.863373068160167790756401430968189177067265465164665904465336934627225583674322690295138617e-29
2.863373068160167790756401430968189177067265465164665904465336934627225583674322690295138617e-29
1.129747950122743144995444044843791270158694843721976987297170597857066340826128748729069796e-30
1.129747950122743144995444044843791270158694843721976987297170597857066340826128748729069796e-30
4.02479417199174991605734929913839526164780717294570470083215796620804563728668415180692577e-32
4.02479417199174991605734929913839526164780717294570470083215796620804563728668415180692577e-32
1.29102989238870329169253712763431683063186237351956708665542101000872796029037814239433336e-33
1.29102989238870329169253712763431683063186237351956708665542101000872796029037814239433336e-33
3.7173934630971208603589142525030870296332790295263803609756241028400858023521155730595574e-35
3.7173934630971208603589142525030870296332790295263803609756241028400858023521155730595574e-35
9.5769420875140351572403193012804673389732103935349224327188559620632664907222756603990889e-37
9.5769420875140351572403193012804673389732103935349224327188559620632664907222756603990889e-37
2.199703100611959298168370270013408916831616640388995887628143876649535300433450076143909e-38
2.199703100611959298168370270013408916831616640388995887628143876649535300433450076143909e-38
4.487314033597781526694710483971418242242763577834549832969330335719590368007657190434514e-40
4.487314033597781526694710483971418242242763577834549832969330335719590368007657190434514e-40
8.0963481474531778744480841988997059850114156122323452821723915217196890498295645492362356e-42
8.0963481474531778744480841988997059850114156122323452821723915217196890498295645492362356e-42
1.2862015727088138364850439953220833447009704404789277736168131279121880016740586344052903e-43
1.2862015727088138364850439953220833447009704404789277736168131279121880016740586344052903e-43
1.790212749615376334085138654208476238690202390531053239623579844967543676374241732998233e-45
1.790212749615376334085138654208476238690202390531053239623579844967543676374241732998233e-45
2.1713655679015311004844012078448399185658433292807013805478404609291309029012247736086635e-47
2.1713655679015311004844012078448399185658433292807013805478404609291309029012247736086635e-47
2.2815057723526576049682799559071155949365375296482544937832994828273448384349123088676002e-49
2.2815057723526576049682799559071155949365375296482544937832994828273448384349123088676002e-49
2.0631744724119068554802045872902681163617434841583564307401468976419530826540142749476237e-51
2.0631744724119068554802045872902681163617434841583564307401468976419530826540142749476237e-51
1.5941894796139972975778726345944764895000244376873695243445677121928375131309962833144075e-53
1.5941894796139972975778726345944764895000244376873695243445677121928375131309962833144075e-53
1.04411466618575475660070139324484653988532783125466463265999215424278679024879226257048269e-55
1.04411466618575475660070139324484653988532783125466463265999215424278679024879226257048269e-55
5.7447123101942296800150351528761310347604533770182551242147115731312895670821842763057745e-58
5.7447123101942296800150351528761310347604533770182551242147115731312895670821842763057745e-58
2.62862941290730431439426203351967959085108032470087968288348973997336817719164739200010572e-60
2.62862941290730431439426203351967959085108032470087968288348973997336817719164739200010572e-60
9.8899383346019389519013395811280615293163038495887458305758069665325969546532882793837478e-63
9.8899383346019389519013395811280615293163038495887458305758069665325969546532882793837478e-63
3.02026209126772139234497318600262503658267409895526350252301789657187874859007754238563697e-65
3.02026209126772139234497318600262503658267409895526350252301789657187874859007754238563697e-65
7.37642057084010785472483860564299809665003442111288669361095204513727671550032498274271624e-68
7.37642057084010785472483860564299809665003442111288669361095204513727671550032498274271624e-68
1.416301123802683490122082480467374477616127909097202035276833007995429132017934585925865437e-70
1.416301123802683490122082480467374477616127909097202035276833007995429132017934585925865437e-70
2.095498728975429431379738238887463943079343674095288104334302416902797756327066384462503577e-73
2.095498728975429431379738238887463943079343674095288104334302416902797756327066384462503577e-73
2.3333732870896053782332679926486075845333418632004659512304811397568020579268221339439837512e-76
2.3333732870896053782332679926486075845333418632004659512304811397568020579268221339439837512e-76
1.9009714466057605675965300518546108328037928865667191125381702816062205366552484707451955047e-79
1.9009714466057605675965300518546108328037928865667191125381702816062205366552484707451955047e-79
1.09484796875764284550955296627077474853996510039886398326415933125451861931761001119315472095e-82
1.09484796875764284550955296627077474853996510039886398326415933125451861931761001119315472095e-82
4.2723909537912706197897293065765610175960991054748980143033647478052747538652144704988178382e-86
4.2723909537912706197897293065765610175960991054748980143033647478052747538652144704988178382e-86
1.0704932710164169702285172220639698502107764968532067668582867850149498836210718902486112976165e-89
1.0704932710164169702285172220639698502107764968532067668582867850149498836210718902486112976165e-89
1.605943451039957950382519374313051596059868005693351321463445631777390601418163626684841459002e-93
1.605943451039957950382519374313051596059868005693351321463445631777390601418163626684841459002e-93
1.3128438701986201170188809442682383587459810485121654837155703109079287682527910792313583115588e-97
1.3128438701986201170188809442682383587459810485121654837155703109079287682527910792313583115588e-97
5.121106237155577688071071668056262208672575817083533921102324357786532083515025800685113151716625e-102
5.121106237155577688071071668056262208672575817083533921102324357786532083515025800685113151716625e-102
7.808950631173473885005133368848062763341032277089639285042639383330790109731064989096972518196398e-107
7.808950631173473885005133368848062763341032277089639285042639383330790109731064989096972518196398e-107
3.35264123899342696791940425676021530594185425122962243808538950800483327276461601715741274994896338e-112
3.35264123899342696791940425676021530594185425122962243808538950800483327276461601715741274994896338e-112
2.1660313165257687588502125039976114321028340386493567243291938752561316592678405774450621335079965238e-118
2.1660313165257687588502125039976114321028340386493567243291938752561316592678405774450621335079965238e-118
4.246722315357176752966610263225180664294754028207057275010700038681781055361713482022426875185753896993e-126
4.246722315357176752966610263225180664294754028207057275010700038681781055361713482022426875185753896993e-126