0.2210488382772322489664913086323948078294573731026163639351995867171722580891456495673459763673467415398917878348931594593650776
0.2210488382772322489664913086323948078294573731026163639351995867171722580891456495673459763673467415398917878348931594593650776
0.200020350344740469124793625084893539370142610489385041777648679473674043672068387126526934945994469746483772621495137937045615
0.200020350344740469124793625084893539370142610489385041777648679473674043672068387126526934945994469746483772621495137937045615
0.1637578107296354827702900278132315872631101730101985691134836744465287686762012314149860534953215439504468283360131253870293
0.1637578107296354827702900278132315872631101730101985691134836744465287686762012314149860534953215439504468283360131253870293
0.121278384439622742808389661920782115286623551792820617232008094111547577471801125856668410635288216591281452667052953302362
0.121278384439622742808389661920782115286623551792820617232008094111547577471801125856668410635288216591281452667052953302362
0.08122414932703999009748088798235707845379169975300539256659434329114233959046421335552228010666412711027959173711422619278
0.08122414932703999009748088798235707845379169975300539256659434329114233959046421335552228010666412711027959173711422619278
0.0491732179056430543334401227586870576566674940050625233156781635992829862400155524590772634887588417611856507826226932161
0.0491732179056430543334401227586870576566674940050625233156781635992829862400155524590772634887588417611856507826226932161
0.026896050260216098495373718951836607903945751619585537942548296821355951626805325613600394313080151816310525114199830802
0.026896050260216098495373718951836607903945751619585537942548296821355951626805325613600394313080151816310525114199830802
0.01328286216996388129703378047937781768428852960278602942877021227099348743719515058804430433184194599791835827012717902
0.01328286216996388129703378047937781768428852960278602942877021227099348743719515058804430433184194599791835827012717902
0.005918552360985576090864717402249194914322306348800904795851437260492393260044177933091588557219157205224101317778143
0.005918552360985576090864717402249194914322306348800904795851437260492393260044177933091588557219157205224101317778143
0.0023773109222215030065383296689428404102362694625698729226570510998729288870809566724247869179280405562422095378177085
0.0023773109222215030065383296689428404102362694625698729226570510998729288870809566724247869179280405562422095378177085
0.000859954484430424534944815512057614554685430164256930484413251621215068860448220716915955179200617064377866819726854
0.000859954484430424534944815512057614554685430164256930484413251621215068860448220716915955179200617064377866819726854
0.000279833644462733357497102528656678700463726955660194334358768019696928225954039175697403155873581562885931681323141
0.000279833644462733357497102528656678700463726955660194334358768019696928225954039175697403155873581562885931681323141
0.00008181180069055638144671703477382789699778905093059929378490973015622901126295961866352735466447312632073701410265
0.00008181180069055638144671703477382789699778905093059929378490973015622901126295961866352735466447312632073701410265
0.00002145937790443936147996717227179834875675475687428556661592215747917935161309631422067883949181515738668798403914
0.00002145937790443936147996717227179834875675475687428556661592215747917935161309631422067883949181515738668798403914
5.04231488772645899173450590048539430126555013855673780626163539721901675443136271490698313282010277970737388619e-6
5.04231488772645899173450590048539430126555013855673780626163539721901675443136271490698313282010277970737388619e-6
1.05952001439432190304155210764460548359875583575308154753795926277075194444193776573757854693684502197920568612e-6
1.05952001439432190304155210764460548359875583575308154753795926277075194444193776573757854693684502197920568612e-6
1.9871572271899854432948915742871224021430804304000867768546389939627907720292011525493984307155012655866449761e-7
1.9871572271899854432948915742871224021430804304000867768546389939627907720292011525493984307155012655866449761e-7
3.319657223217323271125468978212262061099951907357308707076494583437473986574407676681062237429922726394675893e-8
3.319657223217323271125468978212262061099951907357308707076494583437473986574407676681062237429922726394675893e-8
4.92828407535067025861662165324306184494084058250362174939966659924696021791151920796065523820197150347103272e-9
4.92828407535067025861662165324306184494084058250362174939966659924696021791151920796065523820197150347103272e-9
6.4855152005816768984433079816536404559731138900135177370869824340109574450840788365311029161268453371123534e-10
6.4855152005816768984433079816536404559731138900135177370869824340109574450840788365311029161268453371123534e-10
7.5445969018974317602300832230309515044427357669510505478998280022487791311528653872934563592644851011112626e-11
7.5445969018974317602300832230309515044427357669510505478998280022487791311528653872934563592644851011112626e-11
7.734776903096253793338483895139630977755217516129461915519797501230153008900372099964239624692783883163939e-12
7.734776903096253793338483895139630977755217516129461915519797501230153008900372099964239624692783883163939e-12
6.965065881420498700681903026529752756179688277183798926514319518974151395981693844055215814528039202215907e-13
6.965065881420498700681903026529752756179688277183798926514319518974151395981693844055215814528039202215907e-13
5.4886703549371775393725343268376688379793996269456341713454625433138915983637313343423828650913777490261e-14
5.4886703549371775393725343268376688379793996269456341713454625433138915983637313343423828650913777490261e-14
3.76971316960535867642459937936443043513819205146933607540077420286956917052732194464028076674730401423387e-15
3.76971316960535867642459937936443043513819205146933607540077420286956917052732194464028076674730401423387e-15
2.24646169528108025674685588428716394469472046854924298689572788835358093599555224929939974336357412136335e-16
2.24646169528108025674685588428716394469472046854924298689572788835358093599555224929939974336357412136335e-16
1.1557955215268891853633928337207621253606237962977959261675376338475849767464405462339799237522361710066e-17
1.1557955215268891853633928337207621253606237962977959261675376338475849767464405462339799237522361710066e-17
5.1057396537974844155221721434092340197070650262514778244213770562441258144226576783782096797978954292533e-19
5.1057396537974844155221721434092340197070650262514778244213770562441258144226576783782096797978954292533e-19
1.9247067870562749540444985609504063207682703852195145589728358296736777781681728725432081667208529348052e-20
1.9247067870562749540444985609504063207682703852195145589728358296736777781681728725432081667208529348052e-20
6.149189410110505825265353001719484110103744569734957698132116422606266373825796960501681404941410401831e-22
6.149189410110505825265353001719484110103744569734957698132116422606266373825796960501681404941410401831e-22
1.6522412624655697304673699459073087603239888263642922559754311959437985479851505413293202926049230389101e-23
1.6522412624655697304673699459073087603239888263642922559754311959437985479851505413293202926049230389101e-23
3.701345629364787821310157845795047170401817823227300697537977666873099859649504406099737129325206280612e-25
3.701345629364787821310157845795047170401817823227300697537977666873099859649504406099737129325206280612e-25
6.845425642115021505128381283267779301352193759036799325583406533109947522641095491640946267499938304623e-27
6.845425642115021505128381283267779301352193759036799325583406533109947522641095491640946267499938304623e-27
1.033518299988945693582216730329578380849703857230116830723595731683663638312677814696644827336215893185e-28
1.033518299988945693582216730329578380849703857230116830723595731683663638312677814696644827336215893185e-28
1.257502779892646353212565082058820365331173678837260002561105643345279710088715459830200631139527145665e-30
1.257502779892646353212565082058820365331173678837260002561105643345279710088715459830200631139527145665e-30
1.214736916927574639547561738266704354882452782651025434322354751847343099724895843402400325155758259416e-32
1.214736916927574639547561738266704354882452782651025434322354751847343099724895843402400325155758259416e-32
9.154814171673102008428061274744283552665292745278614062628558253404457450675385472860139442928129183061e-35
9.154814171673102008428061274744283552665292745278614062628558253404457450675385472860139442928129183061e-35
5.272805188722274331597926677437444417131306638436550209680145819324309972444017327653049819577638811234e-37
5.272805188722274331597926677437444417131306638436550209680145819324309972444017327653049819577638811234e-37
2.2642373940609257016215341996787595553452950999285496999451640625442380158093644335982094163175167457977e-39
2.2642373940609257016215341996787595553452950999285496999451640625442380158093644335982094163175167457977e-39
7.034647443886913720943536365713053684847632658761776639859957570699026463077795912760450601583637773999e-42
7.034647443886913720943536365713053684847632658761776639859957570699026463077795912760450601583637773999e-42
1.5235549200899485353588298260240016936218489546494773470899285399486492945391156880217627311372696612969e-44
1.5235549200899485353588298260240016936218489546494773470899285399486492945391156880217627311372696612969e-44
2.19457248976139326832351012588414438983617498373082754573053580582752724595923757647756625520625399700116e-47
2.19457248976139326832351012588414438983617498373082754573053580582752724595923757647756625520625399700116e-47
1.97779019467584798248795374444367643722061769617822374743183356502012371873491459323460037462945685845099e-50
1.97779019467584798248795374444367643722061769617822374743183356502012371873491459323460037462945685845099e-50
1.027180426413399320101408017665511381413016566694487414416792666357568741387931456367105898112607850309803e-53
1.027180426413399320101408017665511381413016566694487414416792666357568741387931456367105898112607850309803e-53
2.738329786124337880061757876645400912284524514264320407829065493163818436757627493137834498221134739703242e-57
2.738329786124337880061757876645400912284524514264320407829065493163818436757627493137834498221134739703242e-57
3.1505048454949766495077086401560357717087383544357394943939640389427745747956014406980626390361473003628507e-61
3.1505048454949766495077086401560357717087383544357394943939640389427745747956014406980626390361473003628507e-61
1.176773685663591697309967039554913299553480626612514380398618534902815298909536086274904714081885238225746149e-65
1.176773685663591697309967039554913299553480626612514380398618534902815298909536086274904714081885238225746149e-65
8.302078221248071069915093883023787117215340177177196548713371942411434092738742300557798452915612901064677149e-71
8.302078221248071069915093883023787117215340177177196548713371942411434092738742300557798452915612901064677149e-71
2.79045251186776847505692359129279617763534248399283010632622224592757120947294055768417267965096647700124291591e-77
2.79045251186776847505692359129279617763534248399283010632622224592757120947294055768417267965096647700124291591e-77