0.50297488827618653084073136109569503864478642601674321953114424350300025524240786784121226369922389829923939082050264154314859605
0.391608988613030244504042313621217508834042530058115485546591405357099449092970604671940570311914018695619744176632290060487294
0.391608988613030244504042313621217508834042530058115485546591405357099449092970604671940570311914018695619744176632290060487294
0.18363270130699707415614848576575836338400872700039415329304120118556121514119490022643671437679694480206220518732259649968842
0.18363270130699707415614848576575836338400872700039415329304120118556121514119490022643671437679694480206220518732259649968842
0.05081038690905206735699081103581655698267021408018685336788331816710643371758090029140319001958496108592601155338040468427015
0.05081038690905206735699081103581655698267021408018685336788331816710643371758090029140319001958496108592601155338040468427015
0.00798886677772299020922211491861194165024696155611169526085737492991082023430232064417339674745616400914734761223226748564222
0.00798886677772299020922211491861194165024696155611169526085737492991082023430232064417339674745616400914734761223226748564222
0.000670877521407181106194696282100070049100894468451124489214436720716316058531376949268905258781352215634696027868809743931449
0.000670877521407181106194696282100070049100894468451124489214436720716316058531376949268905258781352215634696027868809743931449
0.0000272091977631616257711941025213736499623324162196942502979508655170137477769733064454085576396689656012824907946305580222822
0.0000272091977631616257711941025213736499623324162196942502979508655170137477769733064454085576396689656012824907946305580222822
4.4882431472231229517944791559376974031192587659497076495545830482143243451922941094521144320512796983423662945452209342327e-7
4.4882431472231229517944791559376974031192587659497076495545830482143243451922941094521144320512796983423662945452209342327e-7
2.16305100986355475019693077221275987520309204549827742346747764600884001844021496729340994289389967895862879204059946199406e-9
2.16305100986355475019693077221275987520309204549827742346747764600884001844021496729340994289389967895862879204059946199406e-9
1.326297094498515751852891543849668344374307664403707023261799240680543007575098742634125762632916158400718966809079919581178e-12
1.326297094498515751852891543849668344374307664403707023261799240680543007575098742634125762632916158400718966809079919581178e-12