0.1624560214082968754809038767917443844589973132137024515008625109243730927862481529626759714702751964384067574215373537339052403
0.1624560214082968754809038767917443844589973132137024515008625109243730927862481529626759714702751964384067574215373537339052403
0.1540046806888294054436164557715097614522171061361142409216408751035917989905624870696619490180384162690729592051196404539441
0.1540046806888294054436164557715097614522171061361142409216408751035917989905624870696619490180384162690729592051196404539441
0.1383959622931664513192292590838238441256394157703389711006750014484442510854043344271044752970769797973210670025328611330048
0.1383959622931664513192292590838238441256394157703389711006750014484442510854043344271044752970769797973210670025328611330048
0.117893773234038535125334900639644148383193532631913675965147953521233203760078355270752509554587631775667081577234008212765
0.117893773234038535125334900639644148383193532631913675965147953521233203760078355270752509554587631775667081577234008212765
0.0951954242023114569344840567213019217614015501175460354481197713206296936089700789943920210356149674982863956276773421465
0.0951954242023114569344840567213019217614015501175460354481197713206296936089700789943920210356149674982863956276773421465
0.072857131060650341700542956375078159692016166256208318080911194884308909922041266051563379519461097031301058023784696938
0.072857131060650341700542956375078159692016166256208318080911194884308909922041266051563379519461097031301058023784696938
0.05284757326545704856389512444398406991450788705716322333354533622582858761094485820211167364266545226911627763397928701
0.05284757326545704856389512444398406991450788705716322333354533622582858761094485820211167364266545226911627763397928701
0.0363274029880865004701184940898258356604799250854895371389683979611337446274012778878743072839304113626319823856780036
0.0363274029880865004701184940898258356604799250854895371389683979611337446274012778878743072839304113626319823856780036
0.023662049334306509095840378918921570624145474799315003694652685998291998541479972252360482465766920929438129045672958
0.023662049334306509095840378918921570624145474799315003694652685998291998541479972252360482465766920929438129045672958
0.01460240613919551925718780646051036787439373756991079873253196945352603960584890210301525002552389670146486752572321
0.01460240613919551925718780646051036787439373756991079873253196945352603960584890210301525002552389670146486752572321
0.0085366761761569488941526755303477370976765407406799546579073213224615150360085113934233479751477966127706376113815
0.0085366761761569488941526755303477370976765407406799546579073213224615150360085113934233479751477966127706376113815
0.004726901459266439628630614507806228360010183797913179074465955789305319744219909116463535567721671967997408200235
0.004726901459266439628630614507806228360010183797913179074465955789305319744219909116463535567721671967997408200235
0.00247862806185333458501544015547807266420978616892500405693063416255503411607549299223552836882110079387802311566
0.00247862806185333458501544015547807266420978616892500405693063416255503411607549299223552836882110079387802311566
0.00123057903141875489531596948846854320768461568228751689423446593510267623064388528741974464263012191908065250793
0.00123057903141875489531596948846854320768461568228751689423446593510267623064388528741974464263012191908065250793
0.0005783352487859619436282641608597999150885760363495494636406288314240189731950744359196371195669640904306446856
0.0005783352487859619436282641608597999150885760363495494636406288314240189731950744359196371195669640904306446856
0.000257230664299640039126781333651428448530502153136516445098009266439593155484535515935164792713059238450455339
0.000257230664299640039126781333651428448530502153136516445098009266439593155484535515935164792713059238450455339
0.00010825095642068592974892078128148054308343976919529619217571395377837895147754219398335928607405642193442995
0.00010825095642068592974892078128148054308343976919529619217571395377837895147754219398335928607405642193442995
0.00004309149576753529187914068770604806594645702083531159532975173915783707061893719658916160257510128646522783
0.00004309149576753529187914068770604806594645702083531159532975173915783707061893719658916160257510128646522783
0.0000162210444020729167148045770480964779490656173465327143867807672492909861519941987607249213854055081081274
0.0000162210444020729167148045770480964779490656173465327143867807672492909861519941987607249213854055081081274
5.7724680860172795754366377738603018721455748719168795656947439523848152031950418619587891622786174070266e-6
5.7724680860172795754366377738603018721455748719168795656947439523848152031950418619587891622786174070266e-6
1.941328615750707959626207059880481361719116506910101233244770822679629705160756456307700580812295882651e-6
1.941328615750707959626207059880481361719116506910101233244770822679629705160756456307700580812295882651e-6
6.16796137449866795341633498677289327941336700557563828558838704685595285244075338216860768148360890018e-7
6.16796137449866795341633498677289327941336700557563828558838704685595285244075338216860768148360890018e-7
1.8506755890537430067431792785891467173603478546724423064688483866930715819271961049650732619065189181e-7
1.8506755890537430067431792785891467173603478546724423064688483866930715819271961049650732619065189181e-7
5.241992584883118100776397192127806521414306988624626711061792068570802694302211792083908033816659689e-8
5.241992584883118100776397192127806521414306988624626711061792068570802694302211792083908033816659689e-8
1.401075170817176599954193879006333152333966410359505642269819208355581946514006400760260146342324435e-8
1.401075170817176599954193879006333152333966410359505642269819208355581946514006400760260146342324435e-8
3.5321294226177577943783026393891756772025301095964943643984850218919099528087724103454552176732097e-9
3.5321294226177577943783026393891756772025301095964943643984850218919099528087724103454552176732097e-9
8.395034508544739466406697274577893733533912156519290048777676627736711624191140604896461021384397e-10
8.395034508544739466406697274577893733533912156519290048777676627736711624191140604896461021384397e-10
1.880219682720421213113412165230016081947659062797691938005657913687862561807579530951205998613193e-10
1.880219682720421213113412165230016081947659062797691938005657913687862561807579530951205998613193e-10
3.96618516562684089628584254046105066369132068585035475045595869373590020242922016064468198364468e-11
3.96618516562684089628584254046105066369132068585035475045595869373590020242922016064468198364468e-11
7.8755658569412221962383617244186689161140262109516510657274048655497205341540258216872126424455e-12
7.8755658569412221962383617244186689161140262109516510657274048655497205341540258216872126424455e-12
1.471257209802334158613329584813318555063849357695269508795003546075614199908508521680471553567e-12
1.471257209802334158613329584813318555063849357695269508795003546075614199908508521680471553567e-12
2.584247921460504167876763499114725093695462049334681324940688586805108078110419806000442329839e-13
2.584247921460504167876763499114725093695462049334681324940688586805108078110419806000442329839e-13
4.26526084334690607021670910084938227695296535906233609881513911261898859174363868485279540013e-14
4.26526084334690607021670910084938227695296535906233609881513911261898859174363868485279540013e-14
6.6105224464385914476420378911957247288995106586317859334275300709316936375827387090649220359e-15
6.6105224464385914476420378911957247288995106586317859334275300709316936375827387090649220359e-15
9.613970630194707759732829456415094952846090145480324872866526864851319801449706945296530083e-16
9.613970630194707759732829456415094952846090145480324872866526864851319801449706945296530083e-16
1.311079619560541886380462005419695168914688355664913723077664207523125318435736547407666535e-16
1.311079619560541886380462005419695168914688355664913723077664207523125318435736547407666535e-16
1.675254036671585120981747074171051166742941214544163753227796555102110964793387049989748834e-17
1.675254036671585120981747074171051166742941214544163753227796555102110964793387049989748834e-17
2.00404022708600045931678380829953944944588390886431539702558265452168477721060913235795206e-18
2.00404022708600045931678380829953944944588390886431539702558265452168477721060913235795206e-18
2.24252356755500594425700944472992281935285670780413482002797529208018579519218939146051422e-19
2.24252356755500594425700944472992281935285670780413482002797529208018579519218939146051422e-19
2.3452218050389540927241570803689531501216994504174725145370344982049318302628242513700237e-20
2.3452218050389540927241570803689531501216994504174725145370344982049318302628242513700237e-20
2.2900155277371764036783682874844431001252701086464692001740887511840618911217821280666711e-21
2.2900155277371764036783682874844431001252701086464692001740887511840618911217821280666711e-21
2.085789064599394128309549756375578044744808043438844171527191984623230225294716670237878e-22
2.085789064599394128309549756375578044744808043438844171527191984623230225294716670237878e-22
1.770218907484875638412224293110944816956192152913427612884272965297809822411077211306496e-23
1.770218907484875638412224293110944816956192152913427612884272965297809822411077211306496e-23
1.3983996188477143676544196160415890879708259720396183786650658495356514793660348424089e-24
1.3983996188477143676544196160415890879708259720396183786650658495356514793660348424089e-24
1.02702466296963797055292753588385629437048094998375111506942269150522987088664369259085e-25
1.02702466296963797055292753588385629437048094998375111506942269150522987088664369259085e-25
7.0039976811745788693957213380881775931133415181878852100084207960546123127000642208556e-27
7.0039976811745788693957213380881775931133415181878852100084207960546123127000642208556e-27
4.4296347519345255753307264997336984776187617373581322351048281167703615469692175062164e-28
4.4296347519345255753307264997336984776187617373581322351048281167703615469692175062164e-28
2.594519259530427393472657904330523204959817628223999030784502066019258304618294564123e-29
2.594519259530427393472657904330523204959817628223999030784502066019258304618294564123e-29
1.405367878283532113723045950746157226098115683338504252348473256451802331265765512683e-30
1.405367878283532113723045950746157226098115683338504252348473256451802331265765512683e-30
7.02924742038805389989346628181744711983605536931154970668356226505777271912565262192e-32
7.02924742038805389989346628181744711983605536931154970668356226505777271912565262192e-32
3.24128111425811266998657372676100610063775454764773590507546825597876285319354890002e-33
3.24128111425811266998657372676100610063775454764773590507546825597876285319354890002e-33
1.37554865439579876020021797965778977324048273334567102659796660797382920271653272057e-34
1.37554865439579876020021797965778977324048273334567102659796660797382920271653272057e-34
5.3629616050774685597818320316190302631663464037748198297537902738003718544363248604e-36
5.3629616050774685597818320316190302631663464037748198297537902738003718544363248604e-36
1.91722549454189551988322646451077504597000358814709320880759398917420840383724433583e-37
1.91722549454189551988322646451077504597000358814709320880759398917420840383724433583e-37
6.2719136180709920465504044680389794765360012410726265456014016616472895673849401395e-39
6.2719136180709920465504044680389794765360012410726265456014016616472895673849401395e-39
1.8734745650648453230832634572371479577564448428948864202416269680713487965019857073e-40
1.8734745650648453230832634572371479577564448428948864202416269680713487965019857073e-40
5.098212155890239564100083391899796956652414916361024703314987573692109122957480109e-42
5.098212155890239564100083391899796956652414916361024703314987573692109122957480109e-42
1.2607977361040546916447999986177944153567681588702294178584166655673254345565450664e-43
1.2607977361040546916447999986177944153567681588702294178584166655673254345565450664e-43
2.8261341310391091117644098853462404573883758848783692378464064579352357157951974583e-45
2.8261341310391091117644098853462404573883758848783692378464064579352357157951974583e-45
5.725887468449458852371144592961135730240282991146568216320314943307375871223214475e-47
5.725887468449458852371144592961135730240282991146568216320314943307375871223214475e-47
1.0454204091183335613466599495694785021549146991056776737168711238913466869394024765e-48
1.0454204091183335613466599495694785021549146991056776737168711238913466869394024765e-48
1.714495600747048115580753297851455127345072012119254864594730159790734767727468837e-50
1.714495600747048115580753297851455127345072012119254864594730159790734767727468837e-50
2.516932846237992677112683753398693487981910744332839005032198480727905124385077925e-52
2.516932846237992677112683753398693487981910744332839005032198480727905124385077925e-52
3.295120000241748528780821867296746566131795124659957668714753829782165973855260371e-54
3.295120000241748528780821867296746566131795124659957668714753829782165973855260371e-54
3.831582806519868255744766321543242871892564108149794447181641746474637106932165471e-56
3.831582806519868255744766321543242871892564108149794447181641746474637106932165471e-56
3.939931544225065054535940813655410840130155361278147781338663280240372623763557649e-58
3.939931544225065054535940813655410840130155361278147781338663280240372623763557649e-58
3.565610443940922971346740975690493627171393293850964047660482328013208048669200752e-60
3.565610443940922971346740975690493627171393293850964047660482328013208048669200752e-60
2.825266429866173472971472442023221260172718109351363581968743975224249428048378277e-62
2.825266429866173472971472442023221260172718109351363581968743975224249428048378277e-62
1.9489490740739364289208504728295259867284999234825132819636792615041866453045146848e-64
1.9489490740739364289208504728295259867284999234825132819636792615041866453045146848e-64
1.1631966527487718971179476949567654113253825775312255853238769369536599309181621408e-66
1.1631966527487718971179476949567654113253825775312255853238769369536599309181621408e-66
5.965400894336603358992639622030776553448284291692841549486970968681369937656988018e-69
5.965400894336603358992639622030776553448284291692841549486970968681369937656988018e-69
2.6089586336269939461991634657488521306472717518438814296309817512155689705722249627e-71
2.6089586336269939461991634657488521306472717518438814296309817512155689705722249627e-71
9.6489070550183043829013684831040755323520859665737416390468921363973960238195634148e-74
9.6489070550183043829013684831040755323520859665737416390468921363973960238195634148e-74
2.9894343828423324856301920280238609195031599191478794223692277082389978431763493077e-76
2.9894343828423324856301920280238609195031599191478794223692277082389978431763493077e-76
7.6774327866651747300531423304080582118038649346278704338684872867915736951223057059e-79
7.6774327866651747300531423304080582118038649346278704338684872867915736951223057059e-79
1.61503443794157877869254323903615448856755992395321270525522997097531406176990349875e-81
1.61503443794157877869254323903615448856755992395321270525522997097531406176990349875e-81
2.745355308136883541318420815100439047463569809345576886960158358055372717337881988994e-84
2.745355308136883541318420815100439047463569809345576886960158358055372717337881988994e-84
3.712949337721824071752581919594202706251486693855679622790608919307959619037330788275e-87
3.712949337721824071752581919594202706251486693855679622790608919307959619037330788275e-87
3.924129806767202606823781809209939027829293739924531281069072133580285179851401362617e-90
3.924129806767202606823781809209939027829293739924531281069072133580285179851401362617e-90
3.1736968736455261120054991126689992241125854634133484570379503157077683006648001465703e-93
3.1736968736455261120054991126689992241125854634133484570379503157077683006648001465703e-93
1.9161630252068753976238958333327744884184130425501591832268315611693296415571486427041e-96
1.9161630252068753976238958333327744884184130425501591832268315611693296415571486427041e-96
8.38452585924243517445221217004956352012631110493232965882289262163784300319176262728199e-100
8.38452585924243517445221217004956352012631110493232965882289262163784300319176262728199e-100
2.564891223137473335332964789867570044499002335593045220592748675182177375675909534773041e-103
2.564891223137473335332964789867570044499002335593045220592748675182177375675909534773041e-103
5.246270169564073655018194565068235629227613423086633552929184797576213614224705719115673e-107
5.246270169564073655018194565068235629227613423086633552929184797576213614224705719115673e-107
6.7815072200120787588682568973621129307640627473428000556500161544814308964353360995220127e-111
6.7815072200120787588682568973621129307640627473428000556500161544814308964353360995220127e-111
5.14775954089960593923708368361401831471854070924352765447849785112153661683364531442841904e-115
5.14775954089960593923708368361401831471854070924352765447849785112153661683364531442841904e-115
2.078583287587394850723056957761071016363440337716351179780127924068228059779760024773758925e-119
2.078583287587394850723056957761071016363440337716351179780127924068228059779760024773758925e-119
3.8829389622009984370676011875433446123810037383680144330549197711996327734843950754638189566e-124
3.8829389622009984370676011875433446123810037383680144330549197711996327734843950754638189566e-124
2.720960222194881592979069320397660868887936251247770103764790830186846658666948653115450224006e-129
2.720960222194881592979069320397660868887936251247770103764790830186846658666948653115450224006e-129
5.0632382588324723275131324345849506374836494543146370805295963346481111107969264231957570091584e-135
5.0632382588324723275131324345849506374836494543146370805295963346481111107969264231957570091584e-135
1.29284128777594921474174526845132711346240600648678953992063610535767858711067470177020016002902e-141
1.29284128777594921474174526845132711346240600648678953992063610535767858711067470177020016002902e-141
8.35813739755349223809859205436938452531147504765031491256505330571609301544745478620610393856161437e-150
8.35813739755349223809859205436938452531147504765031491256505330571609301544745478620610393856161437e-150