0.20670065276640285522213804325302281901439031440687600647197792563579070373579845598947375567120894123585586961087357339892694439
0.198073132699148814504971453179805554049053040030769102325661517503219951996234242925051991736654961540097866298606653815052572
0.198073132699148814504971453179805554049053040030769102325661517503219951996234242925051991736654961540097866298606653815052572
0.17428622967828761362762346625906077065993612029091501785229087641967247187685656143319320394977998876903212600178962520337633
0.17428622967828761362762346625906077065993612029091501785229087641967247187685656143319320394977998876903212600178962520337633
0.140803457689047126319193986378561850943171831530741476205325708510530635321807893361033522032931841821499856338269730747849
0.140803457689047126319193986378561850943171831530741476205325708510530635321807893361033522032931841821499856338269730747849
0.10442577716745465384504391894360257956601551446994192877266530573908985620560157510549827120766495639333651024847814612358
0.10442577716745465384504391894360257956601551446994192877266530573908985620560157510549827120766495639333651024847814612358
0.0710803974153488070190995787853416853221254875631841280539076647929073639749649813628893587991411405227726226112589748044
0.0710803974153488070190995787853416853221254875631841280539076647929073639749649813628893587991411405227726226112589748044
0.04439305911515428125279953499353842784725657153135168448015219481453036438671887935967434911393041454886619229081042213
0.04439305911515428125279953499353842784725657153135168448015219481453036438671887935967434911393041454886619229081042213
0.02543021389435236391715071511755689766571621582236315212031393109782475737876086527028990340891392102274007334801441041
0.02543021389435236391715071511755689766571621582236315212031393109782475737876086527028990340891392102274007334801441041
0.0133558614196890891188685864861425722826685543759189330148314656206041120543969773128378509905004950166260270252278598
0.0133558614196890891188685864861425722826685543759189330148314656206041120543969773128378509905004950166260270252278598
0.0064278810024544026842193015585603266990043598812411199039353675236649834080271001435497423832787944036360330894164124
0.0064278810024544026842193015585603266990043598812411199039353675236649834080271001435497423832787944036360330894164124
0.002833308065248060812993361603642322664545083868595500900182807752010054034414634376362475872239097305451665147131218
0.002833308065248060812993361603642322664545083868595500900182807752010054034414634376362475872239097305451665147131218
0.00114307228294812226807082511260543203428185163043221515345205567740390837545364121816615908935096428007488236311466
0.00114307228294812226807082511260543203428185163043221515345205567740390837545364121816615908935096428007488236311466
0.00042179171252798877359524521962932479839513157446356572932535017306837246161578873064347109220818008248393545123998
0.00042179171252798877359524521962932479839513157446356572932535017306837246161578873064347109220818008248393545123998
0.0001422402849226227520289621555600153884575490830785862503373018980781274527274038826056703733914444466394801773506
0.0001422402849226227520289621555600153884575490830785862503373018980781274527274038826056703733914444466394801773506
0.0000437992663257788365464516079597760805939778446327203953184195419285495136213664608928023462079408224486815982405
0.0000437992663257788365464516079597760805939778446327203953184195419285495136213664608928023462079408224486815982405
0.000012303027527173662688916875766438870916432716995353161150893033243036735014955750416637328572716565241352784408
0.000012303027527173662688916875766438870916432716995353161150893033243036735014955750416637328572716565241352784408
3.14919251101636583807756047591221596590460387535375510403403853901722704928033027656989867838807788570092401e-6
3.14919251101636583807756047591221596590460387535375510403403853901722704928033027656989867838807788570092401e-6
7.33714564457307755970294138478705716990743441977078538156540604862239612549144594160401101412992230368233395e-7
7.33714564457307755970294138478705716990743441977078538156540604862239612549144594160401101412992230368233395e-7
1.5539942997674850827969882034095726534734078422018977108696689270071123613453855775490554976688134291363411e-7
1.5539942997674850827969882034095726534734078422018977108696689270071123613453855775490554976688134291363411e-7
2.9879393170121436527000013069867264447096726557879785903234755023542276183519621301164326388968627059175756e-8
2.9879393170121436527000013069867264447096726557879785903234755023542276183519621301164326388968627059175756e-8
5.207733427766868898629294814601078535952927098895989722222447354262406540931999967942637694463701264781868e-9
5.207733427766868898629294814601078535952927098895989722222447354262406540931999967942637694463701264781868e-9
8.21447973436345731979689286743300998069256399433916292208953639266682872506832230345418843622742121325315e-10
8.21447973436345731979689286743300998069256399433916292208953639266682872506832230345418843622742121325315e-10
1.17059454829582693135263110940854514105523008691938444549953805521998159793332293583069909518568007431069e-10
1.17059454829582693135263110940854514105523008691938444549953805521998159793332293583069909518568007431069e-10
1.5041987406688421483843245267856030997179519971483203806381765880797355534215166647741850169436771278275e-11
1.5041987406688421483843245267856030997179519971483203806381765880797355534215166647741850169436771278275e-11
1.7393402348430439483223404841773392474612811686549600944253794004030621968055006146789330531352817509935e-12
1.7393402348430439483223404841773392474612811686549600944253794004030621968055006146789330531352817509935e-12
1.805834539273350280098117714701745755112953267581487794166727739480200842175738604096867515046360547572e-13
1.805834539273350280098117714701745755112953267581487794166727739480200842175738604096867515046360547572e-13
1.679335077284393820339039944645650592791232515648330975607499128820994333977301620847262423251792019601e-14
1.679335077284393820339039944645650592791232515648330975607499128820994333977301620847262423251792019601e-14
1.39516431646470582376693952814250802013868452578116306925102482492999907135907321904112510760023500152e-15
1.39516431646470582376693952814250802013868452578116306925102482492999907135907321904112510760023500152e-15
1.03253896594711770214541045452088322265960260211809847186291973282938070914045374039033067756528341647e-16
1.03253896594711770214541045452088322265960260211809847186291973282938070914045374039033067756528341647e-16
6.7863601469507892216955989966299480695775680273358756799783681503785220618135521921050953313558119055e-18
6.7863601469507892216955989966299480695775680273358756799783681503785220618135521921050953313558119055e-18
3.9477817506225396273273544021528904397054826341102724600624117401555571969076278159537789429923365921e-19
3.9477817506225396273273544021528904397054826341102724600624117401555571969076278159537789429923365921e-19
2.0251548550899479627259025017178114030410523963239517738178708460204177953687995145140338197773899843e-20
2.0251548550899479627259025017178114030410523963239517738178708460204177953687995145140338197773899843e-20
9.124442522191779544333927645076923057573572749951868131766943660236831351637332266655050661810591482e-22
9.124442522191779544333927645076923057573572749951868131766943660236831351637332266655050661810591482e-22
3.594879502846101576744207938607521206896284176817607153737470385906713205916956670616097495863610575e-23
3.594879502846101576744207938607521206896284176817607153737470385906713205916956670616097495863610575e-23
1.232509962241507805514843804118274783387846289682465285288173563909181889764197681897878410318290059e-24
1.232509962241507805514843804118274783387846289682465285288173563909181889764197681897878410318290059e-24
3.6577061009128364730242776672651787326192114646736989685192851225254821392891173470779751062262478e-26
3.6577061009128364730242776672651787326192114646736989685192851225254821392891173470779751062262478e-26
9.34069975693535320099664389526139687554932205535719294675798047085449891363735517328968028159363064e-28
9.34069975693535320099664389526139687554932205535719294675798047085449891363735517328968028159363064e-28
2.03920977223300647715094647079887967275082072662896720075712400879931562284702808659365302584298677e-29
2.03920977223300647715094647079887967275082072662896720075712400879931562284702808659365302584298677e-29
3.77826123717750622931118989683625354491525324354046027012817301605715936092618675164702049176601779e-31
3.77826123717750622931118989683625354491525324354046027012817301605715936092618675164702049176601779e-31
5.89288914997088900525838643130752049641145370301556989742428169939478072406523507727832186446032253e-33
5.89288914997088900525838643130752049641145370301556989742428169939478072406523507727832186446032253e-33
7.6663204905840405959662766298981786611138049993201999305505042530723635603789043209127225262867639e-35
7.6663204905840405959662766298981786611138049993201999305505042530723635603789043209127225262867639e-35
8.2330481300631045157422570683618511621253091799086364365718317233660730567270920874507715798426667e-37
8.2330481300631045157422570683618511621253091799086364365718317233660730567270920874507715798426667e-37
7.21300381867007084902822399402947753339679232171230720102008117500383043384758923661231463544397189e-39
7.21300381867007084902822399402947753339679232171230720102008117500383043384758923661231463544397189e-39
5.08586139589585414564013844808486897817295508836411179468333923255793752041736545305632850039102445e-41
5.08586139589585414564013844808486897817295508836411179468333923255793752041736545305632850039102445e-41
2.84114087011584662426173418615876472573833671910157701604293600796231073494994076244148032064342763e-43
2.84114087011584662426173418615876472573833671910157701604293600796231073494994076244148032064342763e-43
1.234647255507542796171870482019014461375429510510226588567833133510712997656509556308641848743362783e-45
1.234647255507542796171870482019014461375429510510226588567833133510712997656509556308641848743362783e-45
4.084281884840933255593453756929216792726598020820492244854313539738214248641509319099587199847948479e-48
4.084281884840933255593453756929216792726598020820492244854313539738214248641509319099587199847948479e-48
1.002225304436384729406888784962225534666182738223515771986503042702772122337025107674115506670976137e-50
1.002225304436384729406888784962225534666182738223515771986503042702772122337025107674115506670976137e-50
1.7677871947095609157772117763324566158817855443565991531829434850679159120916205462634549713002384065e-53
1.7677871947095609157772117763324566158817855443565991531829434850679159120916205462634549713002384065e-53
2.1557967924444388760820305553691467369862791702609431428279803205472355897397614998568974166688390114e-56
2.1557967924444388760820305553691467369862791702609431428279803205472355897397614998568974166688390114e-56
1.73030218403959849236993263898525905516370926593118900098360839337135195992999454574328146044864620997e-59
1.73030218403959849236993263898525905516370926593118900098360839337135195992999454574328146044864620997e-59
8.5740429722936514174833210768413174460364238184531209206944103865235866769732953571250922604792677826e-63
8.5740429722936514174833210768413174460364238184531209206944103865235866769732953571250922604792677826e-63
2.406598857427740634281239047175907773118950007906578216127060757251258432504361530041563022896412952447e-66
2.406598857427740634281239047175907773118950007906578216127060757251258432504361530041563022896412952447e-66
3.389241273309296095601531493134673925198648502692406798673634698248865330695230971161995062246693534027e-70
3.389241273309296095601531493134673925198648502692406798673634698248865330695230971161995062246693534027e-70
1.9966381452252323264936866870260021377680291552287312116421178305283585308779106266662880103749569498261e-74
1.9966381452252323264936866870260021377680291552287312116421178305283585308779106266662880103749569498261e-74
3.64939922590698538252944438767738124483467720603287462043659240838746212976671448033340806202197034339495e-79
3.64939922590698538252944438767738124483467720603287462043659240838746212976671448033340806202197034339495e-79
1.1712554562856965438775897580458013568296325426275947710890390086294677216747316839242593044123945234001317e-84
1.1712554562856965438775897580458013568296325426275947710890390086294677216747316839242593044123945234001317e-84
1.548044963424407223727843069330672102195406762508568895985310116553474552676389181358252816773197585103595388e-91
1.548044963424407223727843069330672102195406762508568895985310116553474552676389181358252816773197585103595388e-91