0.154408345944398051717818016696553037543644444703511633004338022607832226612364063191661692588677389637363442779973580169513258
0.154408345944398051717818016696553037543644444703511633004338022607832226612364063191661692588677389637363442779973580169513258
0.147141593397204491792315910660730719708202042204452983444314792356940501057352505748373466196065515262852737992561599449039003
0.147141593397204491792315910660730719708202042204452983444314792356940501057352505748373466196065515262852737992561599449039003
0.1336164378326850661568292433620803548622840334363353609654333604465948311377943278768129401607304206201329136532252427289925
0.1336164378326850661568292433620803548622840334363353609654333604465948311377943278768129401607304206201329136532252427289925
0.115620329330341989487164515300779135678737777502856842207636172970594489669263285227753403624098252554888983162752356978279
0.115620329330341989487164515300779135678737777502856842207636172970594489669263285227753403624098252554888983162752356978279
0.0953330674937649709829800680282893459041016849567027713824172222005898560147680442064301586024227825881862830593252946216
0.0953330674937649709829800680282893459041016849567027713824172222005898560147680442064301586024227825881862830593252946216
0.074897649465624421239415311095772360043027021222883594565676496369103795402881355262371847222603175587090504773139514629
0.074897649465624421239415311095772360043027021222883594565676496369103795402881355262371847222603175587090504773139514629
0.05606389547637035602701394415794641393765291668720695299094960629448050373985513680279076540701986734106325381691123114
0.05606389547637035602701394415794641393765291668720695299094960629448050373985513680279076540701986734106325381691123114
0.0399814913226134982320839325150429285139620108223994206726485310075342268804016186826384577297841982588267654076032862
0.0399814913226134982320839325150429285139620108223994206726485310075342268804016186826384577297841982588267654076032862
0.027161919124761152804202092353047246332225830658303811259901200100372191276140736753358649168543173913800441488078009
0.027161919124761152804202092353047246332225830658303811259901200100372191276140736753358649168543173913800441488078009
0.01757711722801626836844805463352181225422608373174985516562690820430835595518907283175705264544789366016047101020627
0.01757711722801626836844805463352181225422608373174985516562690820430835595518907283175705264544789366016047101020627
0.01083366508576677402407556399996073149464556763132764586288525357803567895382499119512622148830461303947987933487
0.01083366508576677402407556399996073149464556763132764586288525357803567895382499119512622148830461303947987933487
0.006359065771495252208491478136970017531457823734526118581587471700720835489766920616046799062500454700042779205514
0.006359065771495252208491478136970017531457823734526118581587471700720835489766920616046799062500454700042779205514
0.00355423127301844955257849696432686817543888219244510150027928878441954710621805548014001721138538331389674134384
0.00355423127301844955257849696432686817543888219244510150027928878441954710621805548014001721138538331389674134384
0.0018913479667675284195214413722030854625955440611297330427302469200516257712755718949226970825468385883083583923
0.0018913479667675284195214413722030854625955440611297330427302469200516257712755718949226970825468385883083583923
0.000958085028359157410621433487244728990699230988171914105335891924507301019548561721728683857259735307389501327
0.000958085028359157410621433487244728990699230988171914105335891924507301019548561721728683857259735307389501327
0.000461925000373633929484853937768483432113918633122774614052139977623794317374379673859404092595410240880832649
0.000461925000373633929484853937768483432113918633122774614052139977623794317374379673859404092595410240880832649
0.00021193172358735841535641237215997803185566563199874569253213988414252045644824785863036224840870601294684901
0.00021193172358735841535641237215997803185566563199874569253213988414252045644824785863036224840870601294684901
0.0000925111544057715388693576416911035483278688295980193461482879689620800313989971790226213658990107949323514
0.0000925111544057715388693576416911035483278688295980193461482879689620800313989971790226213658990107949323514
0.000038412849983778269782851641560645309574308853146637154341789543661537182511192658789878931211308266131836
0.000038412849983778269782851641560645309574308853146637154341789543661537182511192658789878931211308266131836
0.000015168685144041654498927570898199476550478178592082344551257041333055492558387029777709831815147550514983
0.000015168685144041654498927570898199476550478178592082344551257041333055492558387029777709831815147550514983
5.69517228164869729498627167691498013108198773730506715453553649950203720053774020992130807325126021269e-6
5.69517228164869729498627167691498013108198773730506715453553649950203720053774020992130807325126021269e-6
2.03257035222430549192571439597896821604497649117633121868359901800650769872155757842656856045123253315e-6
2.03257035222430549192571439597896821604497649117633121868359901800650769872155757842656856045123253315e-6
6.893661107993570577804648248184544879086491564005478020581841452130557383912080640745002524791610127e-7
6.893661107993570577804648248184544879086491564005478020581841452130557383912080640745002524791610127e-7
2.221258600335196282766221938782252595399748204418612901312984805416562206676417315888445185823415786e-7
2.221258600335196282766221938782252595399748204418612901312984805416562206676417315888445185823415786e-7
6.7977564990036153443452988496864417527975958216339459132787173636864469004829527237123205713817121e-8
6.7977564990036153443452988496864417527975958216339459132787173636864469004829527237123205713817121e-8
1.9752170762226903564519310499012146222538690200831551513650882328577441099344155911823435577709186e-8
1.9752170762226903564519310499012146222538690200831551513650882328577441099344155911823435577709186e-8
5.447598267412164020527543808689330559841100443028025720460438745211185366105884607969960437761032e-9
5.447598267412164020527543808689330559841100443028025720460438745211185366105884607969960437761032e-9
1.425565521519698567068396897364532460751980207230776812935722936484293275812776635076376356724286e-9
1.425565521519698567068396897364532460751980207230776812935722936484293275812776635076376356724286e-9
3.5383791314921761621906605036991294721066156339470404759274298450020857552470494603261796735009e-10
3.5383791314921761621906605036991294721066156339470404759274298450020857552470494603261796735009e-10
8.327064276241680168650677749094374562427559365101887969358764728300034184619145137086017974294e-11
8.327064276241680168650677749094374562427559365101887969358764728300034184619145137086017974294e-11
1.857278192339600814642066470223708238781107137153669908407230189486895862165742428343726624933e-11
1.857278192339600814642066470223708238781107137153669908407230189486895862165742428343726624933e-11
3.92444407423359915980921737924441315727033358991682686498505620827826323405579703844648837975e-12
3.92444407423359915980921737924441315727033358991682686498505620827826323405579703844648837975e-12
7.8524530010957625629885444772669291772391581374820833053319056355027129812027562517234819563e-13
7.8524530010957625629885444772669291772391581374820833053319056355027129812027562517234819563e-13
1.487165581827231887433170838593635502203486360545026402957873282586555068721020036642600792e-13
1.487165581827231887433170838593635502203486360545026402957873282586555068721020036642600792e-13
2.664596063961345786566539823906972760970529188074484069950450716655494671175751950588142194e-14
2.664596063961345786566539823906972760970529188074484069950450716655494671175751950588142194e-14
4.51443045351677432204576013315438670623628886249053581175074868811956464627426945130906353e-15
4.51443045351677432204576013315438670623628886249053581175074868811956464627426945130906353e-15
7.2284516850517421197571594147713866219016322886554550369591442168620472900572691204953794e-16
7.2284516850517421197571594147713866219016322886554550369591442168620472900572691204953794e-16
1.0932483894204080186565230744299843311586776405732854173921278260221330186997859990754313e-16
1.0932483894204080186565230744299843311586776405732854173921278260221330186997859990754313e-16
1.560892615024018227864205868064845971297037767062249981739250053482541258611365743751474e-17
1.560892615024018227864205868064845971297037767062249981739250053482541258611365743751474e-17
2.102546173614588421074151675402957340948187305957954422191312154686631110784166025015618e-18
2.102546173614588421074151675402957340948187305957954422191312154686631110784166025015618e-18
2.67031154941684340576664518630522814520884503011053340356460150129310263508859568661392e-19
2.67031154941684340576664518630522814520884503011053340356460150129310263508859568661392e-19
3.1954717903481542470319311326895066257675046134187622179042000329315297433757432624944e-20
3.1954717903481542470319311326895066257675046134187622179042000329315297433757432624944e-20
3.6005108250837800960234624760922492467505195599210989430961943648267812199150743021274e-21
3.6005108250837800960234624760922492467505195599210989430961943648267812199150743021274e-21
3.8171104106407729011689960009931242163222150865901847980497235502365762425473921181e-22
3.8171104106407729011689960009931242163222150865901847980497235502365762425473921181e-22
3.80467392314656059747221464266712416882327768186438310437901833801466441357555785422e-23
3.80467392314656059747221464266712416882327768186438310437901833801466441357555785422e-23
3.56260298242589794556070771198648779132863406941342540469217393713085803477380832768e-24
3.56260298242589794556070771198648779132863406941342540469217393713085803477380832768e-24
3.13129149914949883210901281084561621771774755774540606592238452585818385169119775414e-25
3.13129149914949883210901281084561621771774755774540606592238452585818385169119775414e-25
2.5811144572797394169398992742606167019975947464031950218930898777142657131133296439e-26
2.5811144572797394169398992742606167019975947464031950218930898777142657131133296439e-26
1.9935271400270272344271191134963746832693451463530987975094806998205103096813220137e-27
1.9935271400270272344271191134963746832693451463530987975094806998205103096813220137e-27
1.441293366697962263110370662058274462991852283389073084005691670993991459068573774e-28
1.441293366697962263110370662058274462991852283389073084005691670993991459068573774e-28
9.74455155004000533122545175192565454595262056868590526776875643195572072071066254e-30
9.74455155004000533122545175192565454595262056868590526776875643195572072071066254e-30
6.15450174831096284956855080120194762172103364560259836750167062307405416660795184e-31
6.15450174831096284956855080120194762172103364560259836750167062307405416660795184e-31
3.62714553462935119014865270817360080621419996358893442041238165620289141567235944e-32
3.62714553462935119014865270817360080621419996358893442041238165620289141567235944e-32
1.99238500877268847511794270344609459746140664387665073536228416798465143079747991e-33
1.99238500877268847511794270344609459746140664387665073536228416798465143079747991e-33
1.0187955611664613856548210121572064422907686298015905092289761813888348391807747e-34
1.0187955611664613856548210121572064422907686298015905092289761813888348391807747e-34
4.8433743575175135224722805037704126998164229996460280053332676901731939395855896e-36
4.8433743575175135224722805037704126998164229996460280053332676901731939395855896e-36
2.1378071925696603138550994035187455875639500290469802204967425154129033244391937e-37
2.1378071925696603138550994035187455875639500290469802204967425154129033244391937e-37
8.74841441258425694013918670457563907607295197328392502053560217517207613810415e-39
8.74841441258425694013918670457563907607295197328392502053560217517207613810415e-39
3.314191442988630214042833315075175862979807779514913142190215850193918968997743e-40
3.314191442988630214042833315075175862979807779514913142190215850193918968997743e-40
1.160444099876905516824729637630289388012294570692937803445710051370637699257305e-41
1.160444099876905516824729637630289388012294570692937803445710051370637699257305e-41
3.74922367672349260434361143473084387423048601570668592612555966548316193613433e-43
3.74922367672349260434361143473084387423048601570668592612555966548316193613433e-43
1.11573034322281325153169996532603177692365479655559210810464976720547870493863e-44
1.11573034322281325153169996532603177692365479655559210810464976720547870493863e-44
3.05255190693857223381873150155164433819347918096032014121610783487614725926993e-46
3.05255190693857223381873150155164433819347918096032014121610783487614725926993e-46
7.66282975901460024765478228733654152314376130910449790867260113537515822577042e-48
7.66282975901460024765478228733654152314376130910449790867260113537515822577042e-48
1.76125067191569962125166115838386621103053506552466833578753187275008212685471e-49
1.76125067191569962125166115838386621103053506552466833578753187275008212685471e-49
3.69815646880700026623452448250137834680584069418669319808373058943300779538944e-51
3.69815646880700026623452448250137834680584069418669319808373058943300779538944e-51
7.0769378697867667086396189105223320480707117148356298326553877618378580513233e-53
7.0769378697867667086396189105223320480707117148356298326553877618378580513233e-53
1.23111136055639831061002566798707616294293007990378396061701053772764799989948e-54
1.23111136055639831061002566798707616294293007990378396061701053772764799989948e-54
1.94161297703910884382246606735379234576047103905119794100154541048286800225592e-56
1.94161297703910884382246606735379234576047103905119794100154541048286800225592e-56
2.7680974974755227869746075252468965370927411172307889267661304352219804752998e-58
2.7680974974755227869746075252468965370927411172307889267661304352219804752998e-58
3.5563453403056176876611671346719808954186567156666422019739751140004245171235e-60
3.5563453403056176876611671346719808954186567156666422019739751140004245171235e-60
4.1037602125954209231209546361879976327829510489224429223970486765068529922922e-62
4.1037602125954209231209546361879976327829510489224429223970486765068529922922e-62
4.237971107369536104260022992106874945495863691026157555776300247953260254947e-64
4.237971107369536104260022992106874945495863691026157555776300247953260254947e-64
3.9016943143870735270224312828156229733766879740200263846764821104870675443998e-66
3.9016943143870735270224312828156229733766879740200263846764821104870675443998e-66
3.1889964953955472583928581131447240028945893440068442325179289109133710060508e-68
3.1889964953955472583928581131447240028945893440068442325179289109133710060508e-68
2.30354058769422412606942430349182086889121210188257700468687865669253622292262e-70
2.30354058769422412606942430349182086889121210188257700468687865669253622292262e-70
1.46333884842821878452885931998366198096652752352602067116568188642546148732629e-72
1.46333884842821878452885931998366198096652752352602067116568188642546148732629e-72
8.1316092239777371545629636849644264297703176556941262460169334741024472487708e-75
8.1316092239777371545629636849644264297703176556941262460169334741024472487708e-75
3.92961423951683174076406346258773771593924920377372084093337693059236148741029e-77
3.92961423951683174076406346258773771593924920377372084093337693059236148741029e-77
1.640886181245419157160140739973214706841269266347922723873207050885006374457969e-79
1.640886181245419157160140739973214706841269266347922723873207050885006374457969e-79
5.87887112728663223023156169331421305852312561926781751813097158231487738082588e-82
5.87887112728663223023156169331421305852312561926781751813097158231487738082588e-82
1.793098554829268686766930532369603371620552061707041867585080635686473924046169e-84
1.793098554829268686766930532369603371620552061707041867585080635686473924046169e-84
4.615741537247587214803050514842816178597647797346111992690326762366804676095105e-87
4.615741537247587214803050514842816178597647797346111992690326762366804676095105e-87
9.931165010590571190911409969345299786370200672124352394361173232483543373863489e-90
9.931165010590571190911409969345299786370200672124352394361173232483543373863489e-90
1.7666863828888845479319106368171289401979358651001776538171460046503735784456767e-92
1.7666863828888845479319106368171289401979358651001776538171460046503735784456767e-92
2.5667728924493112273565071209393941126139772425546135280925734520947321081595619e-95
2.5667728924493112273565071209393941126139772425546135280925734520947321081595619e-95
3.00345222807521783773921326637288309610400931913873126110533932618578294902601331e-98
3.00345222807521783773921326637288309610400931913873126110533932618578294902601331e-98
2.78554728620666082978192837697556875040036014429735669036585795716268371850453865e-101
2.78554728620666082978192837697556875040036014429735669036585795716268371850453865e-101
2.010128092868166893882671763899235437462555527547273053015412526036467721575017871e-104
2.010128092868166893882671763899235437462555527547273053015412526036467721575017871e-104
1.1045388926938646345437730040267491372825881130100865717173569494304882332755308658e-107
1.1045388926938646345437730040267491372825881130100865717173569494304882332755308658e-107
4.5051137084520960865238612611773873092108274432676585544472795593869529000923313232e-111
4.5051137084520960865238612611773873092108274432676585544472795593869529000923313232e-111
1.32294789797107387294037419083426664270557462195274047777202867321645787519585391298e-114
1.32294789797107387294037419083426664270557462195274047777202867321645787519585391298e-114
2.69514046064089718245486413768271741003077144223500500976839695953908112231742840762e-118
2.69514046064089718245486413768271741003077144223500500976839695953908112231742840762e-118
3.638106667678551035341458351778204494735570733960120684613527296479279694063195127486e-122
3.638106667678551035341458351778204494735570733960120684613527296479279694063195127486e-122
3.0702273726915708163709890860756557133884898507644033436952413843519797344112983497787e-126
3.0702273726915708163709890860756557133884898507644033436952413843519797344112983497787e-126
1.50174202712259909068507774665241545684457909490220669196945205105654987479911968214123e-130
1.50174202712259909068507774665241545684457909490220669196945205105654987479911968214123e-130
3.844474288469163012837403527221286370199958381423488160937921812548002649097789122477833e-135
3.844474288469163012837403527221286370199958381423488160937921812548002649097789122477833e-135
4.4601509247907178152485664757219093888051091403110939307018960218741026073150491178163705e-140
4.4601509247907178152485664757219093888051091403110939307018960218741026073150491178163705e-140
1.888485449850795455674086147200748330809241446188366989088316156982679786258209964552672605e-145
1.888485449850795455674086147200748330809241446188366989088316156982679786258209964552672605e-145
2.0425695383603914919588400402536457250862039453683556441106785830090739039177274405310345836e-151
2.0425695383603914919588400402536457250862039453683556441106785830090739039177274405310345836e-151
2.852305113461646427381800539861619741517662172393564831476068318623465245298579920295492584821e-158
2.852305113461646427381800539861619741517662172393564831476068318623465245298579920295492584821e-158
8.95185637854297662198701711920673426405604597313393242201939224213779761869755358468440950658233e-167
8.95185637854297662198701711920673426405604597313393242201939224213779761869755358468440950658233e-167