0.26270996412870770660665037713374601237763952064941404588216476344826384283548252766272928907633682266316112731653854093667373162
0.245246635949204456499965940485898929749378162817481084314295562729968130476010074298984744023766474506834248812411790520944312
0.245246635949204456499965940485898929749378162817481084314295562729968130476010074298984744023766474506834248812411790520944312
0.19949184460058897115403699720703553294690025916754662175750035649619261321094122750599151805311068259186202928002629738496015
0.19949184460058897115403699720703553294690025916754662175750035649619261321094122750599151805311068259186202928002629738496015
0.1413415450560634596049673872846058717957638935384609761091994161903548334779121164726179937566433264347246011478911763798719
0.1413415450560634596049673872846058717957638935384609761091994161903548334779121164726179937566433264347246011478911763798719
0.087165933915876579855392875797381704235688493075302832428215659580601062658078913888468890284438754190411346246556694941252
0.087165933915876579855392875797381704235688493075302832428215659580601062658078913888468890284438754190411346246556694941252
0.04674607757609986443637681150678735067545943006997529109018007696459717507342509942277748050299764753697889028130735755987
0.04674607757609986443637681150678735067545943006997529109018007696459717507342509942277748050299764753697889028130735755987
0.0217735467377724661335232455505251888202204096225659305289497858757570379871185863514417720176875056511215406124316236631
0.0217735467377724661335232455505251888202204096225659305289497858757570379871185863514417720176875056511215406124316236631
0.008794922213669978777020383324576711392736797506548577036617209446755649475622039922622635147442533611517608997744019735
0.008794922213669978777020383324576711392736797506548577036617209446755649475622039922622635147442533611517608997744019735
0.003075022161185508167509297530235205930015450021728195498939414475267432801081878125635682530889622542915780312384609678
0.003075022161185508167509297530235205930015450021728195498939414475267432801081878125635682530889622542915780312384609678
0.00092859086457657007634761915178242479871902602262965809203966713325472781366213813378876759973126884330116947183408559
0.00092859086457657007634761915178242479871902602262965809203966713325472781366213813378876759973126884330116947183408559
0.00024157232920980290745394776844523961714393257256427285587632408260880308773941778032414230526043327325601225258117034
0.00024157232920980290745394776844523961714393257256427285587632408260880308773941778032414230526043327325601225258117034
0.00005397956140379781579929969329076208543959279960444174090796476158417664206057289395364692719092389830742544502760471
0.00005397956140379781579929969329076208543959279960444174090796476158417664206057289395364692719092389830742544502760471
0.00001032505907712909799637561524004814271332450506945774542214383128125518352384198117996040308936585536827198309373634
0.00001032505907712909799637561524004814271332450506945774542214383128125518352384198117996040308936585536827198309373634
1.68401727391312146546367129155159529326763167686955572058734720041693067234088755107180277947382272249668886571728e-6
1.68401727391312146546367129155159529326763167686955572058734720041693067234088755107180277947382272249668886571728e-6
2.3316541347245135313456825792918559549569694712216174973731011753530533688408471396383216745828027715505524850048e-7
2.3316541347245135313456825792918559549569694712216174973731011753530533688408471396383216745828027715505524850048e-7
2.726783301613423820746527865605873084553683285990659073076388061902207097174541183994498038536779429537886282524e-8
2.726783301613423820746527865605873084553683285990659073076388061902207097174541183994498038536779429537886282524e-8
2.677976117107213207246004289565286558676807750952612099145140317738608260523351208559236712150271196766597163475e-9
2.677976117107213207246004289565286558676807750952612099145140317738608260523351208559236712150271196766597163475e-9
2.194233099974353403274428895129451415393306254041163769841947468262911259871964054449225587414901317756136361214e-10
2.194233099974353403274428895129451415393306254041163769841947468262911259871964054449225587414901317756136361214e-10
1.48875274789205965210709597351436366090160080828148981546571073742200980059739836707453101108523492230649995534e-11
1.48875274789205965210709597351436366090160080828148981546571073742200980059739836707453101108523492230649995534e-11
8.2926419028182544342295388828666105093366336550126905423615698620659505874802158219802339597803659083880274339e-13
8.2926419028182544342295388828666105093366336550126905423615698620659505874802158219802339597803659083880274339e-13
3.7548696680657947402900439278108389233656425495670216602395860823789779779928030065720343064485346351580818034e-14
3.7548696680657947402900439278108389233656425495670216602395860823789779779928030065720343064485346351580818034e-14
1.3663145902821175155443245355606256384024741347926214388417218011858513622938615196295255753927599957123889638e-15
1.3663145902821175155443245355606256384024741347926214388417218011858513622938615196295255753927599957123889638e-15
3.9423704233495774313563608893209683893223386443901305142425916148609412629258428858575170237148650226237579005e-17
3.9423704233495774313563608893209683893223386443901305142425916148609412629258428858575170237148650226237579005e-17
8.879616831504476175777956892751309723906793717621916386316493959173413978017288005377976864831659443442228809e-19
8.879616831504476175777956892751309723906793717621916386316493959173413978017288005377976864831659443442228809e-19
1.5323733317269903263084402105890691735211972708312007130032168879085068515210430846405138009868280756522043467e-20
1.5323733317269903263084402105890691735211972708312007130032168879085068515210430846405138009868280756522043467e-20
1.9812686302523462306516754749294848558119797843239450406021362791463583539760723434813890061639954190329878071e-22
1.9812686302523462306516754749294848558119797843239450406021362791463583539760723434813890061639954190329878071e-22
1.8675901831655917424967202891727932740815628656257149621865087885214971971793513146627157627830118189452161845e-24
1.8675901831655917424967202891727932740815628656257149621865087885214971971793513146627157627830118189452161845e-24
1.2407683405472819385152301392496654324113621970298424155612246200849784154931508010672107617052188602897575573e-26
1.2407683405472819385152301392496654324113621970298424155612246200849784154931508010672107617052188602897575573e-26
5.5663539164359511252836620502478269586768960033055100964528107756236673791901812593792160032643420651184218661e-29
5.5663539164359511252836620502478269586768960033055100964528107756236673791901812593792160032643420651184218661e-29
1.5949041770861589657013520108588449381559164885678417676242540347581820929835974673692516261265939662765627274e-31
1.5949041770861589657013520108588449381559164885678417676242540347581820929835974673692516261265939662765627274e-31
2.70795206504003904424213350329591580227175110763495668644289122776080665969740151415187110256939921712566268698e-34
2.70795206504003904424213350329591580227175110763495668644289122776080665969740151415187110256939921712566268698e-34
2.45189133811663796001887179422540530978084180188633431527884702701040313727330749788928802937452764654350660007e-37
2.45189133811663796001887179422540530978084180188633431527884702701040313727330749788928802937452764654350660007e-37
1.011066232525136224015277791303396759651045196565812214315806678113792042184866411901604778846309048022927181215e-40
1.011066232525136224015277791303396759651045196565812214315806678113792042184866411901604778846309048022927181215e-40
1.4661118038717820322843884882764600496376634030616769151373347942336858599745559835158553862074559211239940784571e-44
1.4661118038717820322843884882764600496376634030616769151373347942336858599745559835158553862074559211239940784571e-44
4.5764336789077590113531362748516912193598263840331605432674369319568842578556130571909216701745442183212523431744e-49
4.5764336789077590113531362748516912193598263840331605432674369319568842578556130571909216701745442183212523431744e-49
8.872400883910480606163658001556270763391690603469719887526876340013090679079313664713219128463473079064597704815136e-55
8.872400883910480606163658001556270763391690603469719887526876340013090679079313664713219128463473079064597704815136e-55