0.18944453877662408566694872433878201678651811495761038002337586020790908964591922198467945212828115667262090954091243868590792746
0.182777720775596118257547774631540968267885484617301826457591207902028333917003161272355636520337636979818773632916059605426611
0.182777720775596118257547774631540968267885484617301826457591207902028333917003161272355636520337636979818773632916059605426611
0.16414915672894092390553070441784851381498597626914360000528961385511256245099378678602557641265582197829019568590766392384836
0.16414915672894092390553070441784851381498597626914360000528961385511256245099378678602557641265582197829019568590766392384836
0.137215746644932395707251787944716105648912498506805190616705191420266335562607100931006475733928046684188658953033180805723
0.137215746644932395707251787944716105648912498506805190616705191420266335562607100931006475733928046684188658953033180805723
0.10675261357345983389065246055854545973472493002989375353753234481783381587363265470158253422319993791274373561456186384039
0.10675261357345983389065246055854545973472493002989375353753234481783381587363265470158253422319993791274373561456186384039
0.0772867948586345396232066231069307855324855555016292472841455304725490390749997239304065577539402642935711297303066583008
0.0772867948586345396232066231069307855324855555016292472841455304725490390749997239304065577539402642935711297303066583008
0.052060779315091806430967862807438051028716264242979228955764583126963391746532902535261462684420160944333552318624979726
0.052060779315091806430967862807438051028716264242979228955764583126963391746532902535261462684420160944333552318624979726
0.03262152005901810501187415690965017158083645125518432736033771680373706664491467200506361251587893870759772251331068662
0.03262152005901810501187415690965017158083645125518432736033771680373706664491467200506361251587893870759772251331068662
0.0190098372226680613200304760721428939520170158948061446721902241130938623001394546993696222770244409149450120461001812
0.0190098372226680613200304760721428939520170158948061446721902241130938623001394546993696222770244409149450120461001812
0.010299316731984211981758694710356661566732230342955515446326779777619604545539457792057986607020414407585122375500102
0.010299316731984211981758694710356661566732230342955515446326779777619604545539457792057986607020414407585122375500102
0.00518622828133770534693273176555096606664080964274038888172228960045125659639571180024977748631078604736350554323573
0.00518622828133770534693273176555096606664080964274038888172228960045125659639571180024977748631078604736350554323573
0.002426315382988731095780792668340436774404421116604140646183414969929110394839255087886674001945561946077482792153
0.002426315382988731095780792668340436774404421116604140646183414969929110394839255087886674001945561946077482792153
0.0010541825457525299748996736504877161733428263037742891081912461919624106184823383091528122865873791322013516330148
0.0010541825457525299748996736504877161733428263037742891081912461919624106184823383091528122865873791322013516330148
0.000425166123951555440585403869076084828628858068053871642130438721601306718541902175314960944443882518331821943463
0.000425166123951555440585403869076084828628858068053871642130438721601306718541902175314960944443882518331821943463
0.000159095251941441975827239404531238178854997493080365250363917883184455209842932309552586129751939351404400148894
0.000159095251941441975827239404531238178854997493080365250363917883184455209842932309552586129751939351404400148894
0.00005520424078954711535531176437804423309064860182435274163036799001130435141323037307326658319169355810244805118
0.00005520424078954711535531176437804423309064860182435274163036799001130435141323037307326658319169355810244805118
0.00001775186263256042891516493230528584950330055159895608321593450654615266182816615245262053589800703711194925633
0.00001775186263256042891516493230528584950330055159895608321593450654615266182816615245262053589800703711194925633
5.286754033988897495949254545340218811886564903578786823315306572234275725961966825509113631763549113040045e-6
5.286754033988897495949254545340218811886564903578786823315306572234275725961966825509113631763549113040045e-6
1.4571432947497915645766831769501513653642149349681734815024311763786909712841450279280058287755498253818006e-6
1.4571432947497915645766831769501513653642149349681734815024311763786909712841450279280058287755498253818006e-6
3.714099200118561386158070812611574488317136809789570672246074681852179105423636224409470960942369072064861e-7
3.714099200118561386158070812611574488317136809789570672246074681852179105423636224409470960942369072064861e-7
8.74757269757436149107308923803406537774329830638654383656078896335264169471509068858432763562024350016254e-8
8.74757269757436149107308923803406537774329830638654383656078896335264169471509068858432763562024350016254e-8
1.9020527069551150285885006959337693922129256636212950494853235927427826632590556728836540567725676512121e-8
1.9020527069551150285885006959337693922129256636212950494853235927427826632590556728836540567725676512121e-8
3.814595554535282538486177267687684816345906695359288772473863754810269478697743972086406040335108017922e-9
3.814595554535282538486177267687684816345906695359288772473863754810269478697743972086406040335108017922e-9
7.04897258756244490106699311410067545484856874492794787467444645823316860281397064105140716880755631388e-10
7.04897258756244490106699311410067545484856874492794787467444645823316860281397064105140716880755631388e-10
1.19890166908276671289853239024531349670677864910361647148865391325429814676450359955405950819806041689e-10
1.19890166908276671289853239024531349670677864910361647148865391325429814676450359955405950819806041689e-10
1.87463837332037407340816328877118985869901281748911182578883492938201167872340378762438312798425331297e-11
1.87463837332037407340816328877118985869901281748911182578883492938201167872340378762438312798425331297e-11
2.6914605808295073203413575123928035265445547035159528910662351525822142886191649755093726290550432321e-12
2.6914605808295073203413575123928035265445547035159528910662351525822142886191649755093726290550432321e-12
3.543380483316378609059487805841461931156422183585916768005317509175394456710018660083514526111692683e-13
3.543380483316378609059487805841461931156422183585916768005317509175394456710018660083514526111692683e-13
4.27158584679373181073379507564513907980524227404485895651837025274048064770482652250785919189400774e-14
4.27158584679373181073379507564513907980524227404485895651837025274048064770482652250785919189400774e-14
4.708051590380702787777137183235506009224245519143425846864112341700771990815146154999894180729719e-15
4.708051590380702787777137183235506009224245519143425846864112341700771990815146154999894180729719e-15
4.7366003944879830487977055756311149201887178954180798027788423128809067862702831828711008323331116e-16
4.7366003944879830487977055756311149201887178954180798027788423128809067862702831828711008323331116e-16
4.3421867882952020202625833318588625705660327829328419911920107101315069418143104586165650922723552e-17
4.3421867882952020202625833318588625705660327829328419911920107101315069418143104586165650922723552e-17
3.620389359958146457050882246152862304421873726222945003645353470010226359229753693486117755552614e-18
3.620389359958146457050882246152862304421873726222945003645353470010226359229753693486117755552614e-18
2.739917351722246734719655238648379778530970067875473737617390897670360620024387909254686830897963e-19
2.739917351722246734719655238648379778530970067875473737617390897670360620024387909254686830897963e-19
1.878114229329615248506444469583069571117870904998849174533611250277000610188630876976162275674222e-20
1.878114229329615248506444469583069571117870904998849174533611250277000610188630876976162275674222e-20
1.16334034770384592067951629712060566106587661922676938101449373893046582502783776365092069999282e-21
1.16334034770384592067951629712060566106587661922676938101449373893046582502783776365092069999282e-21
6.4955255161731993662863346870626711868952616765849962968883163034949984471287629390611107480057e-23
6.4955255161731993662863346870626711868952616765849962968883163034949984471287629390611107480057e-23
3.26050111524638752970227807131892161829754244238518600746808580592954208893505793778238509936e-24
3.26050111524638752970227807131892161829754244238518600746808580592954208893505793778238509936e-24
1.4671212494779593717809356824544725998424923583164075042536383995345777379047047176797483485462e-25
1.4671212494779593717809356824544725998424923583164075042536383995345777379047047176797483485462e-25
5.899404223127197353999764445681346923748648975297523307204373025845988270145017009303803204777e-27
5.899404223127197353999764445681346923748648975297523307204373025845988270145017009303803204777e-27
2.1127537039024214025289877187493264707590896356165814526367878657818958798361526481123424604884e-28
2.1127537039024214025289877187493264707590896356165814526367878657818958798361526481123424604884e-28
6.714336871520882703378704439876947551062800640922008549526473559831892382946615490330507375339e-30
6.714336871520882703378704439876947551062800640922008549526473559831892382946615490330507375339e-30
1.886029965133568582562754113750151988685498916891211570100397857408063415008527995300216706448e-31
1.886029965133568582562754113750151988685498916891211570100397857408063415008527995300216706448e-31
4.662395914260166365670591715704131918500256827012053997385120190888255679197743932417544967249e-33
4.662395914260166365670591715704131918500256827012053997385120190888255679197743932417544967249e-33
1.009568285422439440595022947087456166598729473536917547484922350053303064625004081124454641525e-34
1.009568285422439440595022947087456166598729473536917547484922350053303064625004081124454641525e-34
1.904949878730037918958748753634774490634032001070392123762673610338749223615146879893902915242e-36
1.904949878730037918958748753634774490634032001070392123762673610338749223615146879893902915242e-36
3.114481798527425469321255837199864850428807551125644159756781091848126503863920910333593214951e-38
3.114481798527425469321255837199864850428807551125644159756781091848126503863920910333593214951e-38
4.38451526233709644725088901914653168299992350425803802748890630806808070195404196302478003124e-40
4.38451526233709644725088901914653168299992350425803802748890630806808070195404196302478003124e-40
5.27810685099727174870446637620512772601239043532263166876560771634582549248358540144128699198e-42
5.27810685099727174870446637620512772601239043532263166876560771634582549248358540144128699198e-42
5.39144383857669493018296676284942421961591631482027806400071801898653423145535118771789837097e-44
5.39144383857669493018296676284942421961591631482027806400071801898653423145535118771789837097e-44
4.63295664655330907789478092635774099882254546400396937622004315523150379500084708178266158794e-46
4.63295664655330907789478092635774099882254546400396937622004315523150379500084708178266158794e-46
3.316891726733695996301762049743591046258526515650903831355263993794019432327687946861110522675e-48
3.316891726733695996301762049743591046258526515650903831355263993794019432327687946861110522675e-48
1.956907543142283085733627144000705117494020817150330371420923060997701265059292787760644945301e-50
1.956907543142283085733627144000705117494020817150330371420923060997701265059292787760644945301e-50
9.39650497561349862931284877091167126519064963981806705138462760627143288782520195446327316917e-53
9.39650497561349862931284877091167126519064963981806705138462760627143288782520195446327316917e-53
3.620084694979673754685468976243780393984828564988646324388728464892776651229921308192404414941e-55
3.620084694979673754685468976243780393984828564988646324388728464892776651229921308192404414941e-55
1.1006724998865147984286560382873562822307337391403353180068507987049542192260037692921208302084e-57
1.1006724998865147984286560382873562822307337391403353180068507987049542192260037692921208302084e-57
2.5906808193011396427761895791386596920697427346203160607964345274834829664188052928618768466345e-60
2.5906808193011396427761895791386596920697427346203160607964345274834829664188052928618768466345e-60
4.6142654439155307959825740517598355647982795682860222378831947372668799032643925326904185325738e-63
4.6142654439155307959825740517598355647982795682860222378831947372668799032643925326904185325738e-63
6.0520249291764087405709292494105553712423605028384062823689685619105510321742745448723369353915e-66
6.0520249291764087405709292494105553712423605028384062823689685619105510321742745448723369353915e-66
5.65516504751635530672308814110749358376060377418583123744625585459913664564367688122256204786159e-69
5.65516504751635530672308814110749358376060377418583123744625585459913664564367688122256204786159e-69
3.613811520430387908776533620802750195527011755362353272901836338738351959894498026812841183360994e-72
3.613811520430387908776533620802750195527011755362353272901836338738351959894498026812841183360994e-72
1.4996171154683021867139311305753420729557640659846028026897780753385159907626204596525792173140946e-75
1.4996171154683021867139311305753420729557640659846028026897780753385159907626204596525792173140946e-75
3.7779666227107492264406591076258783260373381112651948161541416472348501855663043623768406020926323e-79
3.7779666227107492264406591076258783260373381112651948161541416472348501855663043623768406020926323e-79
5.27764283573986343575587056886165454616501545166977664940948465174035146568980772073017400990477329e-83
5.27764283573986343575587056886165454616501545166977664940948465174035146568980772073017400990477329e-83
3.597928749824475480655263722317174246134577959572270731296829193927912209084869094146931816988485764e-87
3.597928749824475480655263722317174246134577959572270731296829193927912209084869094146931816988485764e-87
9.882117422797432001958307465782155590277412446732089791387379042262984444889773143450643787003462556e-92
9.882117422797432001958307465782155590277412446732089791387379042262984444889773143450643787003462556e-92
7.97847490962967152992668178253239329611766377250222574129448254428324093236127006715063442037413662556e-97
7.97847490962967152992668178253239329611766377250222574129448254428324093236127006715063442037413662556e-97
1.0377874004832222349664292873646723029624302481223741660733911797538150197560369622188137706458364539927e-102
1.0377874004832222349664292873646723029624302481223741660733911797538150197560369622188137706458364539927e-102
4.68650233639635917345823402840010025812277150717969491009743526990793221067653284489849279854182706508139e-110
4.68650233639635917345823402840010025812277150717969491009743526990793221067653284489849279854182706508139e-110