0.1501182252248895441627884816356327111269730809291043127630723318155888199109076211481167069110384806609798437133727324226497444
0.1501182252248895441627884816356327111269730809291043127630723318155888199109076211481167069110384806609798437133727324226497444
0.143435697271907161326478944119339551145574015254731470791842346066989336712703854848213514145320158375380833267417583880197199
0.143435697271907161326478944119339551145574015254731470791842346066989336712703854848213514145320158375380833267417583880197199
0.1309485657735696738756215524577056801699044411608718424143528092053022747570074897346765152596213989157101518330431619234778
0.1309485657735696738756215524577056801699044411608718424143528092053022747570074897346765152596213989157101518330431619234778
0.114223533753667035354040422042256179609347231858064188864878970282590148658556675536615889608901633408368764640446185407616
0.114223533753667035354040422042256179609347231858064188864878970282590148658556675536615889608901633408368764640446185407616
0.0951939378911165438845612108035238230282350261969860372364213479384504379701335020317041014583016068705311593591994950602
0.0951939378911165438845612108035238230282350261969860372364213479384504379701335020317041014583016068705311593591994950602
0.075795804675603482149151304951992986687435521834750329198745695164402126512827865573904937947193813519640481259996287096
0.075795804675603482149151304951992986687435521834750329198745695164402126512827865573904937947193813519640481259996287096
0.05765571081531685633946852292881523626401040597252278565938540484618693299669973711334774346377593345174972753618095367
0.05765571081531685633946852292881523626401040597252278565938540484618693299669973711334774346377593345174972753618095367
0.0418962992984277628652069299746321656291419562461811075141972160556922641731957948892061821555974117610721086334643463
0.0418962992984277628652069299746321656291419562461811075141972160556922641731957948892061821555974117610721086334643463
0.029081432020361691276665671615163630355824793369832823301467213731677898093324915081596652257345716215970039908928574
0.029081432020361691276665671615163630355824793369832823301467213731677898093324915081596652257345716215970039908928574
0.01928097682385404319822768215514846777003554652582000264904179028170335498522820222527722782792190772985281347661457
0.01928097682385404319822768215514846777003554652582000264904179028170335498522820222527722782792190772985281347661457
0.0122089240016674131718482540837652404513769692600678350441756108953845389573691138582550506102484798036366586374196
0.0122089240016674131718482540837652404513769692600678350441756108953845389573691138582550506102484798036366586374196
0.007382755328688937061268538098439834504195042887003656376861788125350527318503684731681004661854716237033082245636
0.007382755328688937061268538098439834504195042887003656376861788125350527318503684731681004661854716237033082245636
0.00426290322627503711455398108548633604882123876035869861494473104651356014690815645530033642387833104685652414233
0.00426290322627503711455398108548633604882123876035869861494473104651356014690815645530033642387833104685652414233
0.002350104009971518675039873493828716081474641505640910153489393667925612615980934309793391794536436188272088137
0.002350104009971518675039873493828716081474641505640910153489393667925612615980934309793391794536436188272088137
0.001236822728389988743277699436252684728428549996538646756817126301418472799989553252393973140740399731833925204
0.001236822728389988743277699436252684728428549996538646756817126301418472799989553252393973140740399731833925204
0.00062130683688404271083463066796912343617803438105397568259239838244635413700480809714881922073668459574696821
0.00062130683688404271083463066796912343617803438105397568259239838244635413700480809714881922073668459574696821
0.00029786395909799771464571094289360389754753196702710978397837496509796352207126564925934818803444911538014836
0.00029786395909799771464571094289360389754753196702710978397837496509796352207126564925934818803444911538014836
0.0001362614519533736761942315625537728207185045142484094038509054574646547108695605328144869253062730502756888
0.0001362614519533736761942315625537728207185045142484094038509054574646547108695605328144869253062730502756888
0.000059469805842582910547865569614750632770123773995279629799626664310023517026759256163795071752953954887462
0.000059469805842582910547865569614750632770123773995279629799626664310023517026759256163795071752953954887462
0.00002475761228830540301575833291367741553604344135321453921446166556962254427864496252905938059717818334682
0.00002475761228830540301575833291367741553604344135321453921446166556962254427864496252905938059717818334682
9.82935335462816198405645794959362344601592636054149846738419865692868979721126555839208970607531554986e-6
9.82935335462816198405645794959362344601592636054149846738419865692868979721126555839208970607531554986e-6
3.7209613424741201678325105729506321159276295727100638628695041529215695356775536167995917403848687407e-6
3.7209613424741201678325105729506321159276295727100638628695041529215695356775536167995917403848687407e-6
1.3427778873785648515312687344994963300230426002226050349638304163911295153033990325845314347707121593e-6
1.3427778873785648515312687344994963300230426002226050349638304163911295153033990325845314347707121593e-6
4.61818588240983902136386644581254220077954669271274167412018588583485574852142564986694487730062009e-7
4.61818588240983902136386644581254220077954669271274167412018588583485574852142564986694487730062009e-7
1.51338946318415900699420421608422029530310444007033553407686230747145149909006344288377762672374365e-7
1.51338946318415900699420421608422029530310444007033553407686230747145149909006344288377762672374365e-7
4.724221579859914267189617481371411945419794023253183950430816790414329146465201170800289828165378e-8
4.724221579859914267189617481371411945419794023253183950430816790414329146465201170800289828165378e-8
1.404405211913056009936370685172268631450596076166011470571167203519588769207300995657528802639144e-8
1.404405211913056009936370685172268631450596076166011470571167203519588769207300995657528802639144e-8
3.97478464294267437048654553073505093296575086674797829881212387421136787782996435946966063322584e-9
3.97478464294267437048654553073505093296575086674797829881212387421136787782996435946966063322584e-9
1.0706905991065072975066746165554822668142238536706182694080167730468726083417666737325075043131e-9
1.0706905991065072975066746165554822668142238536706182694080167730468726083417666737325075043131e-9
2.744147602386747312072940803054143110819898536341698950285037798033597954196201703285658375292e-10
2.744147602386747312072940803054143110819898536341698950285037798033597954196201703285658375292e-10
6.68961887933330752584979631649980811359252659754657337010528381944704769856152505589691615112e-11
6.68961887933330752584979631649980811359252659754657337010528381944704769856152505589691615112e-11
1.5505876032556520459441445122897684860184822787078805456094177928246196161457166476539209607e-11
1.5505876032556520459441445122897684860184822787078805456094177928246196161457166476539209607e-11
3.4161417919780936475089294618041821008504652597800292639103524152964416756042477082051227521e-12
3.4161417919780936475089294618041821008504652597800292639103524152964416756042477082051227521e-12
7.150831452221505654093504450041840244505758527494030297643315350275500549920166174917435094e-13
7.150831452221505654093504450041840244505758527494030297643315350275500549920166174917435094e-13
1.4216321504407978557767829002803542999946699776904820820035484805408640271695976940481317e-13
1.4216321504407978557767829002803542999946699776904820820035484805408640271695976940481317e-13
2.6831763736493782954283761662134293348447788094216166975256543229875712688655514475456838e-14
2.6831763736493782954283761662134293348447788094216166975256543229875712688655514475456838e-14
4.805689838945335776920120029617788068558447767984556688085556134473951516757495050646865e-15
4.805689838945335776920120029617788068558447767984556688085556134473951516757495050646865e-15
8.164163995585001620771443537010366185735899551732421952495974864950721305638239725923374e-16
8.164163995585001620771443537010366185735899551732421952495974864950721305638239725923374e-16
1.314962804881709832631445040861472510625980590515954975684258812302783956434687552269401e-16
1.314962804881709832631445040861472510625980590515954975684258812302783956434687552269401e-16
2.00700432401499733995654454937402707841201191773288626995923175281968275298079597061774e-17
2.00700432401499733995654454937402707841201191773288626995923175281968275298079597061774e-17
2.9013105636725182780111842504471159883664663265864303107177848679145789547690938777323e-18
2.9013105636725182780111842504471159883664663265864303107177848679145789547690938777323e-18
3.970264551985561935985611869938313487877195611702197897314403018567482804263094054621e-19
3.970264551985561935985611869938313487877195611702197897314403018567482804263094054621e-19
5.14022439774455666046345328922061644459835042792339692264701522258215499688180482257e-20
5.14022439774455666046345328922061644459835042792339692264701522258215499688180482257e-20
6.29259244221986460106485311045923383994110395544239217860704923521856340416123189495e-21
6.29259244221986460106485311045923383994110395544239217860704923521856340416123189495e-21
7.2794477168172874687271563790853360675737142384882411260861198066956312922669548287e-22
7.2794477168172874687271563790853360675737142384882411260861198066956312922669548287e-22
7.952677581146999558427831498405395887429977383767987634574066532064216027444971812e-23
7.952677581146999558427831498405395887429977383767987634574066532064216027444971812e-23
8.199495183699407518457173013156396359954410863820361875755169364760800835117216533e-24
8.199495183699407518457173013156396359954410863820361875755169364760800835117216533e-24
7.97296029967568686395640692699525125460122724911721240261899622883292514651320805e-25
7.97296029967568686395640692699525125460122724911721240261899622883292514651320805e-25
7.30629884412911295193275889576617529876510330484486473622701528342948339679755111e-26
7.30629884412911295193275889576617529876510330484486473622701528342948339679755111e-26
6.30511732586120219130524473730478770989479099763278974186224951599515632000120648e-27
6.30511732586120219130524473730478770989479099763278974186224951599515632000120648e-27
5.1199371899672017222882089955212485434371807148537262405358793864906383030629943e-28
5.1199371899672017222882089955212485434371807148537262405358793864906383030629943e-28
3.9088957466248417219050447380986087618763923076377490234932641079615651044224068e-29
3.9088957466248417219050447380986087618763923076377490234932641079615651044224068e-29
2.8034152481835287246641612345277849001818160441060185118058434447645219182383722e-30
2.8034152481835287246641612345277849001818160441060185118058434447645219182383722e-30
1.887005977376778769951136836517167383594885733998027317763854883831215098028677e-31
1.887005977376778769951136836517167383594885733998027317763854883831215098028677e-31
1.190973152922666535041065081615730923297247764352754476050698753401625940125108e-32
1.190973152922666535041065081615730923297247764352754476050698753401625940125108e-32
7.04116546242227687072733940808389841473083446329083222074298755651456296955041e-34
7.04116546242227687072733940808389841473083446329083222074298755651456296955041e-34
3.89539569711805900832649959280574325115885158587688488162313703747007631820758e-35
3.89539569711805900832649959280574325115885158587688488162313703747007631820758e-35
2.01442883761280406323689399074228196245979875366079620977994807453862267616201e-36
2.01442883761280406323689399074228196245979875366079620977994807453862267616201e-36
9.7263842187414888301835684596565466414930567622275980210346755015664020719408e-38
9.7263842187414888301835684596565466414930567622275980210346755015664020719408e-38
4.3795689659144068566831012753617107231080890594154617507265241616140944021558e-39
4.3795689659144068566831012753617107231080890594154617507265241616140944021558e-39
1.8367370768616206066236902565983974956655029992894782028588758741245837584247e-40
1.8367370768616206066236902565983974956655029992894782028588758741245837584247e-40
7.165156465036494418976705314717055988001275182668038121864397060343202256013e-42
7.165156465036494418976705314717055988001275182668038121864397060343202256013e-42
2.596361079102746923658167489096818286153476514053756386737429791099127223866e-43
2.596361079102746923658167489096818286153476514053756386737429791099127223866e-43
8.72631923320191670086566998108969381806404949394401865762829248644766234377e-45
8.72631923320191670086566998108969381806404949394401865762829248644766234377e-45
2.716160952587061309677008584640953130320729108471550761032008425444234607564e-46
2.716160952587061309677008584640953130320729108471550761032008425444234607564e-46
7.81688189681382946472928002263876387924196893102856377734699555811687421715e-48
7.81688189681382946472928002263876387924196893102856377734699555811687421715e-48
2.07644860911238974683391529271214872389647160012436009877775184389365016839e-49
2.07644860911238974683391529271214872389647160012436009877775184389365016839e-49
5.0819691920815248548637645079057137913656377579560401194796044696989317142e-51
5.0819691920815248548637645079057137913656377579560401194796044696989317142e-51
1.14375766439916949551338975178628798513266348629747399998671959631001133892e-52
1.14375766439916949551338975178628798513266348629747399998671959631001133892e-52
2.36235804715100942161950962874951632208382783713678310453953911863446361469e-54
2.36235804715100942161950962874951632208382783713678310453953911863446361469e-54
4.4681959655254487938502263619180321535284161454112223639374614626298809803e-56
4.4681959655254487938502263619180321535284161454112223639374614626298809803e-56
7.7214787759064982719000696919070375482201835870401042384246090312991100623e-58
7.7214787759064982719000696919070375482201835870401042384246090312991100623e-58
1.21617010831628559491789588197984211609751143652926666182049874751876502748e-59
1.21617010831628559491789588197984211609751143652926666182049874751876502748e-59
1.74136014370301893839708983806454388345819108288599757236285915755368967377e-61
1.74136014370301893839708983806454388345819108288599757236285915755368967377e-61
2.26038693988097775481718262310830341725085037468959181946106897132452091343e-63
2.26038693988097775481718262310830341725085037468959181946106897132452091343e-63
2.65212343504660735016809146262348017622960590862109731246489786872623048972e-65
2.65212343504660735016809146262348017622960590862109731246489786872623048972e-65
2.8038024736148844773255066813577764758664588006995537217916207978647385627e-67
2.8038024736148844773255066813577764758664588006995537217916207978647385627e-67
2.66176451985739249648372313369268824064380829344031205179665132431146508819e-69
2.66176451985739249648372313369268824064380829344031205179665132431146508819e-69
2.26086883244122332283085362803305392105630324745717725522281802031425588126e-71
2.26086883244122332283085362803305392105630324745717725522281802031425588126e-71
1.71142006087359221658272037019249495751440663540739135258482887874045068818e-73
1.71142006087359221658272037019249495751440663540739135258482887874045068818e-73
1.1496573365512032430761982974770998632277344908237847941935045635779378304e-75
1.1496573365512032430761982974770998632277344908237847941935045635779378304e-75
6.82201486463844704360919988883602307567447195559199848023820805516160537377e-78
6.82201486463844704360919988883602307567447195559199848023820805516160537377e-78
3.55811011390675061173224237144233945982750551507621697685465164742464865304e-80
3.55811011390675061173224237144233945982750551507621697685465164742464865304e-80
1.622276383520354032152759418199076074874879772198397376556949617049440844523e-82
1.622276383520354032152759418199076074874879772198397376556949617049440844523e-82
6.42755569377775126200523401969748244467122137469369398631504420292971799894e-85
6.42755569377775126200523401969748244467122137469369398631504420292971799894e-85
2.198615958712746592030517739091153818315314170914310317654219032442334090409e-87
2.198615958712746592030517739091153818315314170914310317654219032442334090409e-87
6.446388664726229000779981983041130852498288332167451134814353133776067347297e-90
6.446388664726229000779981983041130852498288332167451134814353133776067347297e-90
1.607307759643557764506620156358100356262936992769589337779293428845744278244e-92
1.607307759643557764506620156358100356262936992769589337779293428845744278244e-92
3.3780606107360080996626009935935498825894917795952808272550099521386471185494e-95
3.3780606107360080996626009935935498825894917795952808272550099521386471185494e-95
5.925798890966290714041379069393636265943475464390615567135812784742936052024e-98
5.925798890966290714041379069393636265943475464390615567135812784742936052024e-98
8.581024512863559497860731725886843401278280753500686085071003596923665730101e-101
8.581024512863559497860731725886843401278280753500686085071003596923665730101e-101
1.01303582607059265854440025129848726413901797728980945854744428305457496690759e-103
1.01303582607059265854440025129848726413901797728980945854744428305457496690759e-103
9.61259971427464058080986056222225413341694741829408801516295185608464427810897e-107
9.61259971427464058080986056222225413341694741829408801516295185608464427810897e-107
7.213136279636376525587687102763004768218606723107564075676756408563272952949708e-110
7.213136279636376525587687102763004768218606723107564075676756408563272952949708e-110
4.200576610297348721869157980775335305964660179229659397763444500974685637435882e-113
4.200576610297348721869157980775335305964660179229659397763444500974685637435882e-113
1.8572077169315977539124255362831406990801057938463079357009019319877876712925265e-116
1.8572077169315977539124255362831406990801057938463079357009019319877876712925265e-116
6.07460304824061969428641770899492931502285157068696803302439515211652456902310408e-120
6.07460304824061969428641770899492931502285157068696803302439515211652456902310408e-120
1.424965009992623482330481486717635363262085095643197358569947202996006879246623261e-123
1.424965009992623482330481486717635363262085095643197358569947202996006879246623261e-123
2.308541103653789410786104120391625878835293259005434288870689545187189031028893083e-127
2.308541103653789410786104120391625878835293259005434288870689545187189031028893083e-127
2.4650950171556224669359155138882035595668397539542651221694579997136039889975613602e-131
2.4650950171556224669359155138882035595668397539542651221694579997136039889975613602e-131
1.63533408912541941423111314754337883038535629547545431294324015806115990658253973563e-135
1.63533408912541941423111314754337883038535629547545431294324015806115990658253973563e-135
6.240477361156126986407675230614590182684865604596176682825750073882935829430386366172e-140
6.240477361156126986407675230614590182684865604596176682825750073882935829430386366172e-140
1.23476060470139412737524756227896991292921710873921764986988550096987784003742329318388e-144
1.23476060470139412737524756227896991292921710873921764986988550096987784003742329318388e-144
1.09409037552448215388513989291939993390789765006088614064492624211005684701690754970317e-149
1.09409037552448215388513989291939993390789765006088614064492624211005684701690754970317e-149
3.4828172459921686827969637424563852380834762232658474465567545747928086709029891656911063e-155
3.4828172459921686827969637424563852380834762232658474465567545747928086709029891656911063e-155
2.76982749203480941038860355567564577530149305447598105033303980948960483823436279152954766e-161
2.76982749203480941038860355567564577530149305447598105033303980948960483823436279152954766e-161
2.7466189710609282003037964151253128779357240210562486414427536683099896861060967633880572065e-168
2.7466189710609282003037964151253128779357240210562486414427536683099896861060967633880572065e-168
5.718684421068745479859624122330048925676344108311840262288181684683214689847107683148052971993e-177
5.718684421068745479859624122330048925676344108311840262288181684683214689847107683148052971993e-177