0.43986872216948486672282593566629727603221073778358661683220564897653686918093806082014091135932127254989382750016628527500200201
0.363088989275890625457798399536479194349118492829907251269922599443965811679213265463830713484861161162673292835578923773223486
0.363088989275890625457798399536479194349118492829907251269922599443965811679213265463830713484861161162673292835578923773223486
0.20362113667812405056552045583830419178678625647252385072421321482247045592004460961393031674578954478504006526931530861870246
0.20362113667812405056552045583830419178678625647252385072421321482247045592004460961393031674578954478504006526931530861870246
0.0768889951758087857535476201726301914582688693923224935202525746834379107590461052487912978218895953418210563157280176623041
0.0768889951758087857535476201726301914582688693923224935202525746834379107590461052487912978218895953418210563157280176623041
0.0192430989654088954970223348361914192014671514613472411623639631452544877889072730973004292109482829921175255314518318110482
0.0192430989654088954970223348361914192014671514613472411623639631452544877889072730973004292109482829921175255314518318110482
0.0031157087201256334619715333132842289048800194362780840463166129581345474272741293055232255858908134897273231115788636946855
0.0031157087201256334619715333132842289048800194362780840463166129581345474272741293055232255858908134897273231115788636946855
0.00031508363874548411480033866324462594952469702004452585595814118894903613144074874236319732556208999512312309161435302663674
0.00031508363874548411480033866324462594952469702004452585595814118894903613144074874236319732556208999512312309161435302663674
0.00001891597295734051231572574215261311791540546039853893027016934911302169847127906784217232788590383065553882686483131994989
0.00001891597295734051231572574215261311791540546039853893027016934911302169847127906784217232788590383065553882686483131994989
6.257032499691111620479845087281227475451211804850396892301671204661625327722268899084618494119576277932843219148275508266e-7
6.257032499691111620479845087281227475451211804850396892301671204661625327722268899084618494119576277932843219148275508266e-7
1.017038250301846044019599940034423491801473950998456713811261898603570605557359695772639317590762991482135307229451291571e-8
1.017038250301846044019599940034423491801473950998456713811261898603570605557359695772639317590762991482135307229451291571e-8
6.719638417706208255859183808133762086663379877375453835769498150017841886789142922357455073857394257809787542963251273641e-11
6.719638417706208255859183808133762086663379877375453835769498150017841886789142922357455073857394257809787542963251273641e-11
1.2588149877465461191866934497058026507403998552598525944250637013825055011897408050136706100686041939588955229741861421822e-13
1.2588149877465461191866934497058026507403998552598525944250637013825055011897408050136706100686041939588955229741861421822e-13
2.7119235140384118852721417802828950436397966902949984996232094152519326250694465799171170061976757260685072987034161035674e-17
2.7119235140384118852721417802828950436397966902949984996232094152519326250694465799171170061976757260685072987034161035674e-17