0.14120394492815746723643782568362913267410160968870000179911327873307429509535296602655568719176955760328656415563116237624300878
0.138419175089590700936475475292654747257606449524893701666588674086907416506143967396063973844753018264170434624257879810277963
0.138419175089590700936475475292654747257606449524893701666588674086907416506143967396063973844753018264170434624257879810277963
0.13038965755298027426411067138124832537672294412961339659988573816437679232803659248658790161281801153778469487993226329882296
0.13038965755298027426411067138124832537672294412961339659988573816437679232803659248658790161281801153778469487993226329882296
0.118027529663625950040120466981742975180854976160563819014286865776887466613638166523740552199579537342872191284474186704441
0.118027529663625950040120466981742975180854976160563819014286865776887466613638166523740552199579537342872191284474186704441
0.10266202094729861713241414830415817634192650927706582525083033110056816047461049368995858921081267450454019793213004083222
0.10266202094729861713241414830415817634192650927706582525083033110056816047461049368995858921081267450454019793213004083222
0.0858050523028060186482318299490985706411920798865955736798403296988520315315062881809676479789792150833903955864585576661
0.0858050523028060186482318299490985706411920798865955736798403296988520315315062881809676479789792150833903955864585576661
0.068909628254920727215385793929917142992973412245961086384164412514218372652754761118851683667701444537072553077906569672
0.068909628254920727215385793929917142992973412245961086384164412514218372652754761118851683667701444537072553077906569672
0.0531735396214244296049199752896749830122486774264892852249130586283651232035774154887427799756657550681479153224010579
0.0531735396214244296049199752896749830122486774264892852249130586283651232035774154887427799756657550681479153224010579
0.03942227163379156704498211101350906566193838157499275441198428617504577560489671698100162309275819777928164396065865
0.03942227163379156704498211101350906566193838157499275441198428617504577560489671698100162309275819777928164396065865
0.02807999853664666739198738774579854031178989171770509957548067248098296979074297133628535504002726573308096634708941
0.02807999853664666739198738774579854031178989171770509957548067248098296979074297133628535504002726573308096634708941
0.019214892579018278331322606341076519340230773038322034474330666901010790046627358861790097166574619822956343136841
0.019214892579018278331322606341076519340230773038322034474330666901010790046627358861790097166574619822956343136841
0.012630992776920423212677617585070204685622498928288981537414159833425107811815014372260456670925767477428285086691
0.012630992776920423212677617585070204685622498928288981537414159833425107811815014372260456670925767477428285086691
0.00797564747782170005377904152025681112681405780175978807092040696267622219759321644621516269284485968890602870596
0.00797564747782170005377904152025681112681405780175978807092040696267622219759321644621516269284485968890602870596
0.0048371628181903233917838317922523187285979826312466814101805810947521199493303399016096909068802647322704558684
0.0048371628181903233917838317922523187285979826312466814101805810947521199493303399016096909068802647322704558684
0.002817579275952523678168467011720796118459943231614062580139820950914072058257602946975041164695496560487304635
0.002817579275952523678168467011720796118459943231614062580139820950914072058257602946975041164695496560487304635
0.00157609959146982775353007505639683229447563884218429886312615301102047410628597430471877093864792395133951784
0.00157609959146982775353007505639683229447563884218429886312615301102047410628597430471877093864792395133951784
0.0008465870093403867323763493399934845730728867517799760561143335082986061850549654073218515921740379538760909
0.0008465870093403867323763493399934845730728867517799760561143335082986061850549654073218515921740379538760909
0.000436611590275612094737839636509624448393657595469184566536196032893693064630492043851043725340651171335995
0.000436611590275612094737839636509624448393657595469184566536196032893693064630492043851043725340651171335995
0.000216175667411440176508655314766857161066346601855324259220739679730171434386019659408705343744790040822395
0.000216175667411440176508655314766857161066346601855324259220739679730171434386019659408705343744790040822395
0.00010274371316256202159763372786818258523823325436905612594339392182718073989569306523042439431074382472047
0.00010274371316256202159763372786818258523823325436905612594339392182718073989569306523042439431074382472047
0.0000468690781630446851885479599617486686962355575406856387489446015027453193293442949255907371609980154041
0.0000468690781630446851885479599617486686962355575406856387489446015027453193293442949255907371609980154041
0.0000205183682315596945643352006631370845960989770866282398355453625191475420360246328732722642193539915377
0.0000205183682315596945643352006631370845960989770866282398355453625191475420360246328732722642193539915377
8.619135618610091356557029431140902279986305720477177895864127966318705695471276129704736150560712266e-6
8.619135618610091356557029431140902279986305720477177895864127966318705695471276129704736150560712266e-6
3.47364119818012435834607873775445851655171023212675205063567690066451316765199658571185019083336092e-6
3.47364119818012435834607873775445851655171023212675205063567690066451316765199658571185019083336092e-6
1.34288546874022631929017321595845000946735472238892410450863449065865090205587065357529275029350999e-6
1.34288546874022631929017321595845000946735472238892410450863449065865090205587065357529275029350999e-6
4.979144058453843811230080979862714352003611310906172054100068402867025421568306379751295450390492e-7
4.979144058453843811230080979862714352003611310906172054100068402867025421568306379751295450390492e-7
1.770343178526833693797716516394553498456093272082206416082406266593389639815585178253495979379997e-7
1.770343178526833693797716516394553498456093272082206416082406266593389639815585178253495979379997e-7
6.0348848999841400097091340271491760160409685282703408464314834281995367265484318265032338606002e-8
6.0348848999841400097091340271491760160409685282703408464314834281995367265484318265032338606002e-8
1.9720015874089344706171783195516412093257396938674443233371157783198836808704359852601937786932e-8
1.9720015874089344706171783195516412093257396938674443233371157783198836808704359852601937786932e-8
6.17570350690589591474194493101806133868909715581786143755695861031223558316617865967182145553e-9
6.17570350690589591474194493101806133868909715581786143755695861031223558316617865967182145553e-9
1.85317653808399717758196491528538937632771643942125195487523022923850711746678314797539881165e-9
1.85317653808399717758196491528538937632771643942125195487523022923850711746678314797539881165e-9
5.3272687101869079332620906957673607635662705980137247644144330621017753464752377712542494292e-10
5.3272687101869079332620906957673607635662705980137247644144330621017753464752377712542494292e-10
1.466736334401250297888080909730705684324550355864267381696041492380592921338627934514819371e-10
1.466736334401250297888080909730705684324550355864267381696041492380592921338627934514819371e-10
3.86684815877521343764957001020392197712211018674924605815925107652845486555638115835237675e-11
3.86684815877521343764957001020392197712211018674924605815925107652845486555638115835237675e-11
9.7591834521263933286093604928115043600457803658407370192958460058220832874920209957419338e-12
9.7591834521263933286093604928115043600457803658407370192958460058220832874920209957419338e-12
2.3572757382655676363108436724960400071848893525403989158683729905534951887288305257903397e-12
2.3572757382655676363108436724960400071848893525403989158683729905534951887288305257903397e-12
5.44794264486890025322655014878184845866878253029900437240724484596084762906428997177993e-13
5.44794264486890025322655014878184845866878253029900437240724484596084762906428997177993e-13
1.20436996057040142197578965928141418775002516738687000617382968164216290891264764105259e-13
1.20436996057040142197578965928141418775002516738687000617382968164216290891264764105259e-13
2.5460547632226369208482233676362321813497364157626374377069252641259319785280371906271e-14
2.5460547632226369208482233676362321813497364157626374377069252641259319785280371906271e-14
5.145483936247547523153187938777214645536496012617078834753704290506488954588026550618e-15
5.145483936247547523153187938777214645536496012617078834753704290506488954588026550618e-15
9.93803387253378185247876248094778827217871046361336639629685705356725979536225097949e-16
9.93803387253378185247876248094778827217871046361336639629685705356725979536225097949e-16
1.83379292300206429957254324912817157477357442945177999370884927139914542733618680374e-16
1.83379292300206429957254324912817157477357442945177999370884927139914542733618680374e-16
3.2316925802156041438755276135147477042611826668909994838372211289045116730436146677e-17
3.2316925802156041438755276135147477042611826668909994838372211289045116730436146677e-17
5.437364321516663863976402036285275471113939201124448518898812942012921349138733061e-18
5.437364321516663863976402036285275471113939201124448518898812942012921349138733061e-18
8.7310876606463842184604788944474678095109036056126450238190820419027702625167828e-19
8.7310876606463842184604788944474678095109036056126450238190820419027702625167828e-19
1.33753954015023502345444603583543702628218156597141828060507585594402117551230761e-19
1.33753954015023502345444603583543702628218156597141828060507585594402117551230761e-19
1.95404186263810083968317180523479583881358065539507781667580796622308425786289903e-20
1.95404186263810083968317180523479583881358065539507781667580796622308425786289903e-20
2.7212858066169947877105452417949540926846165285473685006214997633871505403412517e-21
2.7212858066169947877105452417949540926846165285473685006214997633871505403412517e-21
3.611144680513372184411703311097919879463311488642426478082256607812041982602071e-22
3.611144680513372184411703311097919879463311488642426478082256607812041982602071e-22
4.56411375477342383341600913150862744038966510773104841907782305820146928416121e-23
4.56411375477342383341600913150862744038966510773104841907782305820146928416121e-23
5.49176591800887177423861387418484876378945285653530044081533356114664311604102e-24
5.49176591800887177423861387418484876378945285653530044081533356114664311604102e-24
6.2879223082647265850032221284627601158860874535230151961391082891913552973733e-25
6.2879223082647265850032221284627601158860874535230151961391082891913552973733e-25
6.847462588833059267336646256500375286082463158694310933368266442096185871649e-26
6.847462588833059267336646256500375286082463158694310933368266442096185871649e-26
7.088577779373653813788611006671096537703497234783788284025547285753830161553e-27
7.088577779373653813788611006671096537703497234783788284025547285753830161553e-27
6.97214742486392793548005737964056255031208765725550936347704995057018871572e-28
6.97214742486392793548005737964056255031208765725550936347704995057018871572e-28
6.51199735040979603119043617195603953081965698775642118903482322152778863768e-29
6.51199735040979603119043617195603953081965698775642118903482322152778863768e-29
5.7723809671867218642794380922449126291174287873803685396646830246581796405e-30
5.7723809671867218642794380922449126291174287873803685396646830246581796405e-30
4.8532437341128038171649695488620294349779307928028379792216242962438613827e-31
4.8532437341128038171649695488620294349779307928028379792216242962438613827e-31
3.8679305026008416134868625572991459711563087466229045093389338016840093671e-32
3.8679305026008416134868625572991459711563087466229045093389338016840093671e-32
2.92023068891212833448178255548938709728457136884292164403946633284797017e-33
2.92023068891212833448178255548938709728457136884292164403946633284797017e-33
2.087175592026454297569120550629032474519874559520606830145245450053959489e-34
2.087175592026454297569120550629032474519874559520606830145245450053959489e-34
1.411249783377890077405944558306709832341239079157949322160492979413228121e-35
1.411249783377890077405944558306709832341239079157949322160492979413228121e-35
9.0206823641223482039851766017592098121912281038148263316576257204981753e-37
9.0206823641223482039851766017592098121912281038148263316576257204981753e-37
5.4467844403334405189618365428766192945208705116364753826185844413160891e-38
5.4467844403334405189618365428766192945208705116364753826185844413160891e-38
3.1043271333011143525846496688911992733987837769232026035367747442654303e-39
3.1043271333011143525846496688911992733987837769232026035367747442654303e-39
1.6686615896886790382421314841306670311425478740702727896991555779129356e-40
1.6686615896886790382421314841306670311425478740702727896991555779129356e-40
8.452293998491406250792629321619451020787974845474645327214066967139425e-42
8.452293998491406250792629321619451020787974845474645327214066967139425e-42
4.030906506960702696201048711109418446951539718670467661174044074368683e-43
4.030906506960702696201048711109418446951539718670467661174044074368683e-43
1.808224195916978783557074563364327381028719861979902328849748019617174e-44
1.808224195916978783557074563364327381028719861979902328849748019617174e-44
7.6226374994434158704722741737655689928652275869802420197855580558741e-46
7.6226374994434158704722741737655689928652275869802420197855580558741e-46
3.0166512181167118371589337623860988745996228458976776324309163464451e-47
3.0166512181167118371589337623860988745996228458976776324309163464451e-47
1.11958085126707331146004814038458115341328059926901453849541413986765e-48
1.11958085126707331146004814038458115341328059926901453849541413986765e-48
3.89241492182644771453744583668142348028588805483689158853208941211618e-50
3.89241492182644771453744583668142348028588805483689158853208941211618e-50
1.26624190049818633114185019304866324214809349329571425129821921230552e-51
1.26624190049818633114185019304866324214809349329571425129821921230552e-51
3.849684152899300483162337291200911770353724866159418611265559625837e-53
3.849684152899300483162337291200911770353724866159418611265559625837e-53
1.0924366237964158148538587612299889605526907194006825341440703212327e-54
1.0924366237964158148538587612299889605526907194006825341440703212327e-54
2.8897164647831190526316706645890816074350511156960549652099447075778e-56
2.8897164647831190526316706645890816074350511156960549652099447075778e-56
7.115387654755672851519973210169386899898179107596148025848984950142e-58
7.115387654755672851519973210169386899898179107596148025848984950142e-58
1.6285167705641382940394963983962950319665166504937732416000086060025e-59
1.6285167705641382940394963983962950319665166504937732416000086060025e-59
3.459151089714847029773044494876071276749433089036021293214398592796e-61
3.459151089714847029773044494876071276749433089036021293214398592796e-61
6.80814340565527683860803113881062013144636463169076121530977504117e-63
6.80814340565527683860803113881062013144636463169076121530977504117e-63
1.2394537468425465439157885995717178577767060451239380049147714150241e-64
1.2394537468425465439157885995717178577767060451239380049147714150241e-64
2.083504911104176671171321017479399472519259778267537737213177713688e-66
2.083504911104176671171321017479399472519259778267537737213177713688e-66
3.227734323809211772772584236528988212521141369664586581789762839824e-68
3.227734323809211772772584236528988212521141369664586581789762839824e-68
4.599063934181352413210325102748103982055593265405130203318935916843e-70
4.599063934181352413210325102748103982055593265405130203318935916843e-70
6.014339461051338659514296588782055548195229131861214855289982323446e-72
6.014339461051338659514296588782055548195229131861214855289982323446e-72
7.202386563725235065199463352334109651209010376164315995218172821229e-74
7.202386563725235065199463352334109651209010376164315995218172821229e-74
7.879489840129453765669369529066163978067159519292277502902475865111e-76
7.879489840129453765669369529066163978067159519292277502902475865111e-76
7.855083870114776755779479784460578514862203123259974166232348932547e-78
7.855083870114776755779479784460578514862203123259974166232348932547e-78
7.116414054847654482450369058113402099998250999901623337448592093966e-80
7.116414054847654482450369058113402099998250999901623337448592093966e-80
5.842219731278221847035345963158789044989952683631814272192261362163e-82
5.842219731278221847035345963158789044989952683631814272192261362163e-82
4.332753635703371453437969161560139871896762235059114653858904616266e-84
4.332753635703371453437969161560139871896762235059114653858904616266e-84
2.893267742836012777241298170881232577108662234827374792541123418454e-86
2.893267742836012777241298170881232577108662234827374792541123418454e-86
1.7334732153287120020855726500671113455419736021233016417359246632272e-88
1.7334732153287120020855726500671113455419736021233016417359246632272e-88
9.283251310954198587864587675841764291809921875754725760800825760238e-91
9.283251310954198587864587675841764291809921875754725760800825760238e-91
4.425483244070798785567829991963166313617835797537239428128464675263e-93
4.425483244070798785567829991963166313617835797537239428128464675263e-93
1.8697352607338086405684404472346717255824423994713243567867806738865e-95
1.8697352607338086405684404472346717255824423994713243567867806738865e-95
6.9675616108520005856012934895803712006778575723098219203005437154696e-98
6.9675616108520005856012934895803712006778575723098219203005437154696e-98
2.27827957960933001096335159795982715922537955057062628359515932742319e-100
2.27827957960933001096335159795982715922537955057062628359515932742319e-100
6.49982920139282610892984946288716064037429737129874005545575935726664e-103
6.49982920139282610892984946288716064037429737129874005545575935726664e-103
1.60798175707978296566072939515674495188603400883800654443166431463651e-105
1.60798175707978296566072939515674495188603400883800654443166431463651e-105
3.42610586587229625689763231915678157875527459300953864412023418724904e-108
3.42610586587229625689763231915678157875527459300953864412023418724904e-108
6.240513720827030071135964606428862117698547646161122915593071508405822e-111
6.240513720827030071135964606428862117698547646161122915593071508405822e-111
9.637344579577562729750665137009844500672459676967264639050996804559316e-114
9.637344579577562729750665137009844500672459676967264639050996804559316e-114
1.2503548366923711274934521255277429571470460779501779784434177933300363e-116
1.2503548366923711274934521255277429571470460779501779784434177933300363e-116
1.34898428454712647612446329801417894391168063482490349987108166585573432e-119
1.34898428454712647612446329801417894391168063482490349987108166585573432e-119
1.196445823110128602181640856165564055781517568825370981403215585060918e-122
1.196445823110128602181640856165564055781517568825370981403215585060918e-122
8.6111472113923330916701731333885329905148988243362098490260523851207651e-126
8.6111472113923330916701731333885329905148988243362098490260523851207651e-126
4.95572132572030931539297145670169877750122810647498610214365397402058037e-129
4.95572132572030931539297145670169877750122810647498610214365397402058037e-129
2.2422837601415655713178728085402942665900872634937322067550249502951593317e-132
2.2422837601415655713178728085402942665900872634937322067550249502951593317e-132
7.8221312309952632810864952079717158869174918220520411220876415455613042432e-136
7.8221312309952632810864952079717158869174918220520411220876415455613042432e-136
2.05635938191856986295147410963827703423046013916936044251611491596804176525e-139
2.05635938191856986295147410963827703423046013916936044251611491596804176525e-139
3.96555701029314470576065863733825523252424049925260882561599080011682090525e-143
3.96555701029314470576065863733825523252424049925260882561599080011682090525e-143
5.431570121095570556046120285087669962238449595932221775228010607659863415208e-147
5.431570121095570556046120285087669962238449595932221775228010607659863415208e-147
5.080685361701745541097383250668468362952047007546312202972949624910233960616e-151
5.080685361701745541097383250668468362952047007546312202972949624910233960616e-151
3.09164123910914498250796268114401938990669192769530827502632354556267487441035e-155
3.09164123910914498250796268114401938990669192769530827502632354556267487441035e-155
1.1507775316508851084921563709205035639945076388279282937804543535898435473988558e-159
1.1507775316508851084921563709205035639945076388279282937804543535898435473988558e-159
2.4183187879230640686453990996057023228485473097433046987614787330001310522865032e-164
2.4183187879230640686453990996057023228485473097433046987614787330001310522865032e-164
2.575105329736146179437380374224278899043407081885097793340878413482823530697232862e-169
2.575105329736146179437380374224278899043407081885097793340878413482823530697232862e-169
1.1926404259864571813212188032799802382673318674796044758629416489174721713099856159e-174
1.1926404259864571813212188032799802382673318674796044758629416489174721713099856159e-174
1.90932684651456726169062768456242535268343219491992774963722768802433876369583920194e-180
1.90932684651456726169062768456242535268343219491992774963722768802433876369583920194e-180
7.2330271317595030257750324270486397267134689284526438333000281048069687474358528835416e-187
7.2330271317595030257750324270486397267134689284526438333000281048069687474358528835416e-187
3.138407310100463692997967663985208447346102039278481764248061993702696139010991073412251e-194
3.138407310100463692997967663985208447346102039278481764248061993702696139010991073412251e-194
2.423245285180860558372510973812331166203470220974044908857828576796344319355184588055335628e-203
2.423245285180860558372510973812331166203470220974044908857828576796344319355184588055335628e-203