0.15496310830017922765330496291043473920184012009411529172835682662817023369194256226434131560946306582606791348929634607233875103
0.151290565047025472609926412656074057732037785934272003166068288875871686490789845768211383148743370607459310084923299006988632
0.151290565047025472609926412656074057732037785934272003166068288875871686490789845768211383148743370607459310084923299006988632
0.14078616927769674149054936262264887958581265281475364378773149946461625771415814639944573076881812487566244254927432211578772
0.14078616927769674149054936262264887958581265281475364378773149946461625771415814639944573076881812487566244254927432211578772
0.124872114665595664804266829521811743206830169328585046100452102892925485925443384703055890671570402930042942045308990239855
0.124872114665595664804266829521811743206830169328585046100452102892925485925443384703055890671570402930042942045308990239855
0.10556406367458874072564079590546986778384245917707078638643410569978506808827816002032217243988216097819309889756335477239
0.10556406367458874072564079590546986778384245917707078638643410569978506808827816002032217243988216097819309889756335477239
0.0850540182879346478675114385924753097889567827798701913294780096645872202905251347184174787472164477751432737753224473165
0.0850540182879346478675114385924753097889567827798701913294780096645872202905251347184174787472164477751432737753224473165
0.06531000357353024614771304777830133080306307426345371846755236103021433833511684406032510246583311129393468274478199148
0.06531000357353024614771304777830133080306307426345371846755236103021433833511684406032510246583311129393468274478199148
0.0477907456866908451835505607231982800965509854552055212356851946458462036207303531193487885829938181719138063644086881
0.0477907456866908451835505607231982800965509854552055212356851946458462036207303531193487885829938181719138063644086881
0.033323856322415066711083799992276097580390118386467267373185456358805105287605764482791008581576457835220034513068798
0.033323856322415066711083799992276097580390118386467267373185456358805105287605764482791008581576457835220034513068798
0.0221399762076176711499466251400107309871819010497350625500138954234735388783641388782675700193192454679100529190851
0.0221399762076176711499466251400107309871819010497350625500138954234735388783641388782675700193192454679100529190851
0.0140141749814987598837767547932277069814999226143064005374661907137744457985722318625743330940924294333661338790521
0.0140141749814987598837767547932277069814999226143064005374661907137744457985722318625743330940924294333661338790521
0.008450440177244169925660510142960599871201718418130605612305720739564247664607838650989037926581626348766115773395
0.008450440177244169925660510142960599871201718418130605612305720739564247664607838650989037926581626348766115773395
0.00485355858992318631775515471288383780318677464711692667520702504931940133622807650655334241446769196752459801446
0.00485355858992318631775515471288383780318677464711692667520702504931940133622807650655334241446769196752459801446
0.00265492868361239112761654361695500456481735665467019670229434878795986860183407904499760637459425439681345603551
0.00265492868361239112761654361695500456481735665467019670229434878795986860183407904499760637459425439681345603551
0.0013829110353352031459411388263494946393024791285878472775559377074810838123884767450456408952272416040924542593
0.0013829110353352031459411388263494946393024791285878472775559377074810838123884767450456408952272416040924542593
0.000685829519456732099412120129515218082553285396646945846145687375683380516157311619281202137692190695434607394
0.000685829519456732099412120129515218082553285396646945846145687375683380516157311619281202137692190695434607394
0.00032377618406914506870892968713052883529532094570778225657858091642231974326653540391067921188431468061473869
0.00032377618406914506870892968713052883529532094570778225657858091642231974326653540391067921188431468061473869
0.0001454792523713184396745734093135230079600794633297298005061864736299040117895856925831374635508464144703415
0.0001454792523713184396745734093135230079600794633297298005061864736299040117895856925831374635508464144703415
0.0000622013168747187972342419191687150554539310242433519726480893356072667574007793112980271098141795795620446
0.0000622013168747187972342419191687150554539310242433519726480893356072667574007793112980271098141795795620446
0.000025301690997111816312142931227469506336738356099123292960495326753975255581334098339948659576028063990814
0.000025301690997111816312142931227469506336738356099123292960495326753975255581334098339948659576028063990814
9.789355362959061865130641002737777754783644955528606242868315784293909345401681669768835830468817018016e-6
9.789355362959061865130641002737777754783644955528606242868315784293909345401681669768835830468817018016e-6
3.60172249429244288043544719268795851486791182583290983356977323055227918739705268021383774633243829766e-6
3.60172249429244288043544719268795851486791182583290983356977323055227918739705268021383774633243829766e-6
1.2598208474856144828756878477268594691780600917063679562114352948379146447547223862496599227761793697e-6
1.2598208474856144828756878477268594691780600917063679562114352948379146447547223862496599227761793697e-6
4.188264444513792405611704573326376982856699028175215323867594142358341511136497084176186154041932479e-7
4.188264444513792405611704573326376982856699028175215323867594142358341511136497084176186154041932479e-7
1.323012524611475694161023971354059549088792007532687089581783169077853618365192123097903410652726342e-7
1.323012524611475694161023971354059549088792007532687089581783169077853618365192123097903410652726342e-7
3.9698071144000467653783419326001985665342108087177445029199449721360682515802701144604019321705368e-8
3.9698071144000467653783419326001985665342108087177445029199449721360682515802701144604019321705368e-8
1.1311352093601239071931554999196078076365557565230971707538053112647173261176467169914054732185072e-8
1.1311352093601239071931554999196078076365557565230971707538053112647173261176467169914054732185072e-8
3.059540526864499728790213145537733715696690863653840051880789536965758913810169856788714444745879e-9
3.059540526864499728790213145537733715696690863653840051880789536965758913810169856788714444745879e-9
7.8531517707605088408265669177449072429283005268043700222923176691209155144513792426816443559368e-10
7.8531517707605088408265669177449072429283005268043700222923176691209155144513792426816443559368e-10
1.9121402770983355904912431947175002522392660170733317704477429586580405486865614889081393496482e-10
1.9121402770983355904912431947175002522392660170733317704477429586580405486865614889081393496482e-10
4.414865601915717966924152180696211328739397115550821343424422088666860617874523651527919902821e-11
4.414865601915717966924152180696211328739397115550821343424422088666860617874523651527919902821e-11
9.66191127634574576499328490637329516034523825368952701094146941623158337031778964455186573561e-12
9.66191127634574576499328490637329516034523825368952701094146941623158337031778964455186573561e-12
2.00342834014505116427422551741368715143596775255899429959853297153836518034896005744111680365e-12
2.00342834014505116427422551741368715143596775255899429959853297153836518034896005744111680365e-12
3.9342179667295521974857295959117644406985338925670983248448512100382205693808808359149461093e-13
3.9342179667295521974857295959117644406985338925670983248448512100382205693808808359149461093e-13
7.313350516769350765551546760747832421632668698431626920594913177588524276209008750548291508e-14
7.313350516769350765551546760747832421632668698431626920594913177588524276209008750548291508e-14
1.286286779293287268192699408495962913438046022814206889488882975117296583537751718575934975e-14
1.286286779293287268192699408495962913438046022814206889488882975117296583537751718575934975e-14
2.13945380615271444453752133246497596626642191938093982463231379025394205257597143693813313e-15
2.13945380615271444453752133246497596626642191938093982463231379025394205257597143693813313e-15
3.3634247754431046161082983337313074197219355389584087819060681844216516858742087738771398e-16
3.3634247754431046161082983337313074197219355389584087819060681844216516858742087738771398e-16
4.994977681953863913767978982371668258553757993160765144025368916936892360244687880329737e-17
4.994977681953863913767978982371668258553757993160765144025368916936892360244687880329737e-17
7.00336245299237580624651057193156695350193451865990939750177570832599768563157165800486e-18
7.00336245299237580624651057193156695350193451865990939750177570832599768563157165800486e-18
9.26482931935430869340667840590714682736866218648160339773732181543703251707098832862023e-19
9.26482931935430869340667840590714682736866218648160339773732181543703251707098832862023e-19
1.15571402968866094689654324130812002523728819248009756158529210832412179045499632006941e-19
1.15571402968866094689654324130812002523728819248009756158529210832412179045499632006941e-19
1.3584920978659526094851309721906725633005502023848453526091917178521115826842015664792e-20
1.3584920978659526094851309721906725633005502023848453526091917178521115826842015664792e-20
1.5036815718945400310046027012316457119321028011401799490438127829640429483133910511102e-21
1.5036815718945400310046027012316457119321028011401799490438127829640429483133910511102e-21
1.566141155105810571827002453563977714493587125932899373807179358676444378050233571181e-22
1.566141155105810571827002453563977714493587125932899373807179358676444378050233571181e-22
1.533739798607219141872073639205883792089477391208329110194586459154394706209403438962e-23
1.533739798607219141872073639205883792089477391208329110194586459154394706209403438962e-23
1.41114689571146587873420201089563270961566182864299062944183028231717211858470697216e-24
1.41114689571146587873420201089563270961566182864299062944183028231717211858470697216e-24
1.21879363765901006025353354751911634390456407229500200926382034364015563292019030269e-25
1.21879363765901006025353354751911634390456407229500200926382034364015563292019030269e-25
9.872928528661720606695872627336442649564658341570686565090764204300522404606416787e-27
9.872928528661720606695872627336442649564658341570686565090764204300522404606416787e-27
7.494142277674189169186506426215792227799469541414752554804356529626851779178573321e-28
7.494142277674189169186506426215792227799469541414752554804356529626851779178573321e-28
5.325262839976505069402279293744947366109649328588308985827932932760106289631151685e-29
5.325262839976505069402279293744947366109649328588308985827932932760106289631151685e-29
3.53888166146173162483799804423149897235224887577409189880897971419465774751280673e-30
3.53888166146173162483799804423149897235224887577409189880897971419465774751280673e-30
2.19704045437534090109993182443411323388417869269635887261312508931303699113795028e-31
2.19704045437534090109993182443411323388417869269635887261312508931303699113795028e-31
1.27284449383078297152464883526819211189375435739559729655988198347706558072392371e-32
1.27284449383078297152464883526819211189375435739559729655988198347706558072392371e-32
6.8734038527384405653439388719176830101893225451293488235950749389444847855974614e-34
6.8734038527384405653439388719176830101893225451293488235950749389444847855974614e-34
3.4553786607915441809793496805172759299021961173765906362875252713665265505610016e-35
3.4553786607915441809793496805172759299021961173765906362875252713665265505610016e-35
1.6150544228618054830833713323042301487781793578947642181250935198642928895980534e-36
1.6150544228618054830833713323042301487781793578947642181250935198642928895980534e-36
7.009021743299986714892711305454599543143447949005953433756155945327949720297667e-38
7.009021743299986714892711305454599543143447949005953433756155945327949720297667e-38
2.820238839526837479756624728269273202015381676466782163003758858364376685959485e-39
2.820238839526837479756624728269273202015381676466782163003758858364376685959485e-39
1.050553998774561506114506984968606697526912831307879453268134451471262033368175e-40
1.050553998774561506114506984968606697526912831307879453268134451471262033368175e-40
3.61713289091659672196717056537343550431641737129737216482580396414537571094495e-42
3.61713289091659672196717056537343550431641737129737216482580396414537571094495e-42
1.149197935844791331786247757830752274817552662391825002601137135416520748616346e-43
1.149197935844791331786247757830752274817552662391825002601137135416520748616346e-43
3.36308869229023207417669183265896011108917873135952580790500717184680993878452e-45
3.36308869229023207417669183265896011108917873135952580790500717184680993878452e-45
9.0485412800651243920505115756557919885412435097992426271047542796459387420367e-47
9.0485412800651243920505115756557919885412435097992426271047542796459387420367e-47
2.23383159866331661522492745937114479084119102588433306980920261725218061801562e-48
2.23383159866331661522492745937114479084119102588433306980920261725218061801562e-48
5.0493544760600952329627553998439017337654374282626666762038396994697617803697e-50
5.0493544760600952329627553998439017337654374282626666762038396994697617803697e-50
1.04270015399515377563121138529457062940814840837832301949270690346534468838205e-51
1.04270015399515377563121138529457062940814840837832301949270690346534468838205e-51
1.9623808699036936198808370019356711414725518562219748266428042253080540051891e-53
1.9623808699036936198808370019356711414725518562219748266428042253080540051891e-53
3.3573877720188374983766860702897030776334673187217633458473418573471430744291e-55
3.3573877720188374983766860702897030776334673187217633458473418573471430744291e-55
5.2075525707833690160412085189634321328386069200751075514295109544646774524724e-57
5.2075525707833690160412085189634321328386069200751075514295109544646774524724e-57
7.3015960268275636001471211979865105745623092879170274603971982096513081702394e-59
7.3015960268275636001471211979865105745623092879170274603971982096513081702394e-59
9.2257621764815955580933739358007996930933268030686660104001706778080666452085e-61
9.2257621764815955580933739358007996930933268030686660104001706778080666452085e-61
1.04697540956069189497829969464384137297471773075218315239951945455559624919697e-62
1.04697540956069189497829969464384137297471773075218315239951945455559624919697e-62
1.06331167812612119341453246477353605392776375761452423668464726771939570362617e-64
1.06331167812612119341453246477353605392776375761452423668464726771939570362617e-64
9.6270521338509153519554774907825193552896800710663214926916748443254264895348e-67
9.6270521338509153519554774907825193552896800710663214926916748443254264895348e-67
7.7378150009196824127154615718639664718987039248217045874180419068577464043025e-69
7.7378150009196824127154615718639664718987039248217045874180419068577464043025e-69
5.4962723357573406512913041403739177071983268177297872525878420573590638292314e-71
5.4962723357573406512913041403739177071983268177297872525878420573590638292314e-71
3.43325547438881250545782055296439508858204853536178518143918164156463887883e-73
3.43325547438881250545782055296439508858204853536178518143918164156463887883e-73
1.87587543775290656337406794497092849877895747924690758493135913616220593017979e-75
1.87587543775290656337406794497092849877895747924690758493135913616220593017979e-75
8.9128686944944660291047768707693486428421966251725671569341262587940511896366e-78
8.9128686944944660291047768707693486428421966251725671569341262587940511896366e-78
3.65894607257319639513783982156338292139532547148805498969124959698485934567545e-80
3.65894607257319639513783982156338292139532547148805498969124959698485934567545e-80
1.288685670708264920675476810577291246148016501783948212233960851739895204476917e-82
1.288685670708264920675476810577291246148016501783948212233960851739895204476917e-82
3.86361209359934185191767962690060677600945815411035108047643404446197516383453e-85
3.86361209359934185191767962690060677600945815411035108047643404446197516383453e-85
9.77513253582345005700963432735439918974379532380326650029603985679027091564199e-88
9.77513253582345005700963432735439918974379532380326650029603985679027091564199e-88
2.066916045537457925953434846022868537575307094583642030858595641279581322591295e-90
2.066916045537457925953434846022868537575307094583642030858595641279581322591295e-90
3.6129889798972005150962539180887573391108809771595997222059309784847312615618104e-93
3.6129889798972005150962539180887573391108809771595997222059309784847312615618104e-93
5.1572097602449052077071051862910885905659849521897361366886870192321762606012697e-96
5.1572097602449052077071051862910885905659849521897361366886870192321762606012697e-96
5.927825923898441436354737647743902788609401278873976275335354434188889020664709e-99
5.927825923898441436354737647743902788609401278873976275335354434188889020664709e-99
5.39945702568964275728148415227444385410698341873293309494309972518459016214769182e-102
5.39945702568964275728148415227444385410698341873293309494309972518459016214769182e-102
3.8259065597837909477816279139215925922944188912815557277147105756689809286146962e-105
3.8259065597837909477816279139215925922944188912815557277147105756689809286146962e-105
2.063743722258664942581045817807641062732899031794509472463151117778978101437176492e-108
2.063743722258664942581045817807641062732899031794509472463151117778978101437176492e-108
8.260799139358918375864611792940724783833710723406281156374177141132375694557670256e-112
8.260799139358918375864611792940724783833710723406281156374177141132375694557670256e-112
2.37990283936741446795685580662959526215237939498438453235515493436089538744525128399e-115
2.37990283936741446795685580662959526215237939498438453235515493436089538744525128399e-115
4.7548159764917475630266479226693342830221824553988136959775103917335559778399484032e-119
4.7548159764917475630266479226693342830221824553988136959775103917335559778399484032e-119
6.291736756460299261462448180196887243459142084455502130496594364866915148451736074232e-123
6.291736756460299261462448180196887243459142084455502130496594364866915148451736074232e-123
5.2021020707724431413849860702358828758414416136043981979100600783495133516072356344249e-127
5.2021020707724431413849860702358828758414416136043981979100600783495133516072356344249e-127
2.49137585356376378452930390801315836951195355702165557847394566211629906969498206127145e-131
2.49137585356376378452930390801315836951195355702165557847394566211629906969498206127145e-131
6.23983944792842396562737479937919303611039314594845773754607300243612439261260254000355e-136
6.23983944792842396562737479937919303611039314594845773754607300243612439261260254000355e-136
7.0752549409608001110831689895538586004954921130756336117376004026696475902280124625253827e-141
7.0752549409608001110831689895538586004954921130756336117376004026696475902280124625253827e-141
2.924041500717077616221465063275308759621240004858062844815028879339902300694241459593824903e-146
2.924041500717077616221465063275308759621240004858062844815028879339902300694241459593824903e-146
3.0811100115882753369831101704542747066260810549538560566451595286267353895839209929189654952e-152
3.0811100115882753369831101704542747066260810549538560566451595286267353895839209929189654952e-152
4.179320261614898217587724429787752377520002525873792722440849320519755896935983549575608125758e-159
4.179320261614898217587724429787752377520002525873792722440849320519755896935983549575608125758e-159
1.26677407965752046915892226716990086801889923163390068853349884000150165841673265363911333740846e-167
1.26677407965752046915892226716990086801889923163390068853349884000150165841673265363911333740846e-167