0.1615941578849787097832690790682166875443282824500660940233002019733435663670253756723059142925133053889281928463184310295318189
0.1615941578849787097832690790682166875443282824500660940233002019733435663670253756723059142925133053889281928463184310295318189
0.153275333883691644434174128923490001985300739061230154703031444114142937101850799911865142014647887388162282861490822749268552
0.153275333883691644434174128923490001985300739061230154703031444114142937101850799911865142014647887388162282861490822749268552
0.1378983274533802571895088383393994743506326854381840597875748253445977492784357422699448405931811806622636789363063219136382
0.1378983274533802571895088383393994743506326854381840597875748253445977492784357422699448405931811806622636789363063219136382
0.11767191582495452736797303307626357114577824282639208369630178130498469863413369946713187161876214859135739176192538631895
0.11767191582495452736797303307626357114577824282639208369630178130498469863413369946713187161876214859135739176192538631895
0.0952344766694284020133530600433347830250275176550083528243150512239111595234881964783933521174471889751078875241817313869
0.0952344766694284020133530600433347830250275176550083528243150512239111595234881964783933521174471889751078875241817313869
0.073096572483404109115383576737251494941801985956622122578781644422858043002580776459646817266988441998435039734674062504
0.073096572483404109115383576737251494941801985956622122578781644422858043002580776459646817266988441998435039734674062504
0.05320452244487826087448783569837341792762562958448517534466039558050313120882736843652897825776799123421137310803772864
0.05320452244487826087448783569837341792762562958448517534466039558050313120882736843652897825776799123421137310803772864
0.0367205718838164939351821648396809568816435001465283156906975228636158730561841763363136230708853687463133570580181228
0.0367205718838164939351821648396809568816435001465283156906975228636158730561841763363136230708853687463133570580181228
0.024028883068628761298924203173147205347539466838603468239481444467896192825563194233342664111806826398729139267719793
0.024028883068628761298924203173147205347539466838603468239481444467896192825563194233342664111806826398729139267719793
0.01490624007621642437179885739187070032443475122288722404391384281146731140330627367222855462783962558471059764362339
0.01490624007621642437179885739187070032443475122288722404391384281146731140330627367222855462783962558471059764362339
0.0087650270802735957851466947906318720588254309447280563280323252767427417247056201040892665714243662835072894375921
0.0087650270802735957851466947906318720588254309447280563280323252767427417247056201040892665714243662835072894375921
0.004884524671453650135185529802246315800725054803999580320719047271283167540830979549615476308317916315873979104616
0.004884524671453650135185529802246315800725054803999580320719047271283167540830979549615476308317916315873979104616
0.00257929751446759950799581580317633046941727887723197671893192799605391937565103508685561627090445097333485316359
0.00257929751446759950799581580317633046941727887723197671893192799605391937565103508685561627090445097333485316359
0.0012903563124214042645404949377460302880871575592870446350284044950255108465097479352071008880780007799021278473
0.0012903563124214042645404949377460302880871575592870446350284044950255108465097479352071008880780007799021278473
0.000611446692409443680516487793305383388592974184361655678109316121841754604499491876064473266478556354762131907
0.000611446692409443680516487793305383388592974184361655678109316121841754604499491876064473266478556354762131907
0.000274380009779249516296366358197239402330919025038731520033058321615223652327537034512423292879401952138879641
0.000274380009779249516296366358197239402330919025038731520033058321615223652327537034512423292879401952138879641
0.00011657026717177767881586832239346751517668143352173226412592405916607389764870023443862664344503466251931271
0.00011657026717177767881586832239346751517668143352173226412592405916607389764870023443862664344503466251931271
0.0000468762970884890062239623076244539763388087449160914158273927601671072351273983182583927268185635288280758
0.0000468762970884890062239623076244539763388087449160914158273927601671072351273983182583927268185635288280758
0.000017837324122194128675047908195333089746706845430368149313528935430218391273789860311390528957964749257901
0.000017837324122194128675047908195333089746706845430368149313528935430218391273789860311390528957964749257901
6.4208055079598560250214808014804093763585877915521324767829452212814606600317506811564160946426182186298e-6
6.4208055079598560250214808014804093763585877915521324767829452212814606600317506811564160946426182186298e-6
2.185731440675881917535316198378590839679129579832187163897723125869134226004790050496145830645928763668e-6
2.185731440675881917535316198378590839679129579832187163897723125869134226004790050496145830645928763668e-6
7.03407422671720682618078096289745071443742162971429049002976094164052979141759117915391867607499661015e-7
7.03407422671720682618078096289745071443742162971429049002976094164052979141759117915391867607499661015e-7
2.1392739679622302722862460303653108783003311907155691443255714425043631415872610236963934874296218557e-7
2.1392739679622302722862460303653108783003311907155691443255714425043631415872610236963934874296218557e-7
6.14628090644515746425808480977362928120214075649824968942948098118696885478359732359505635492026394e-8
6.14628090644515746425808480977362928120214075649824968942948098118696885478359732359505635492026394e-8
1.667526116494738160942151459637324513641559293256570338810147283629341327063577205694089881723706285e-8
1.667526116494738160942151459637324513641559293256570338810147283629341327063577205694089881723706285e-8
4.270364770301196082060706459877450459027013633362438453902766841812924348776778308347721871519722e-9
4.270364770301196082060706459877450459027013633362438453902766841812924348776778308347721871519722e-9
1.0318035977700667365368472458607107021990100286555900867557726658134580460743194499522344204306798e-9
1.0318035977700667365368472458607107021990100286555900867557726658134580460743194499522344204306798e-9
2.351071845174064700201292447461913181669287845862004090965091081648039747539025757851614713388167e-10
2.351071845174064700201292447461913181669287845862004090965091081648039747539025757851614713388167e-10
5.04960767242816116829702144218760906152997909251803914692131263744940007492198500359431357879233e-11
5.04960767242816116829702144218760906152997909251803914692131263744940007492198500359431357879233e-11
1.02175529299538999149016731889598626727798525227888519235783461172306684638262955867170435237517e-11
1.02175529299538999149016731889598626727798525227888519235783461172306684638262955867170435237517e-11
1.9466883562172884124977104172088232429387356897705663016061622084730547874514045843099525158461e-12
1.9466883562172884124977104172088232429387356897705663016061622084730547874514045843099525158461e-12
3.490250465146119397409916553325830495321503660428927402506065598573587873135022841742721085039e-13
3.490250465146119397409916553325830495321503660428927402506065598573587873135022841742721085039e-13
5.88524827360961727442055350913449401984487203543173903735513957634605446424688292375793685205e-14
5.88524827360961727442055350913449401984487203543173903735513957634605446424688292375793685205e-14
9.3270625462533911429224310153329487760096612588827840342150504370515766089817235669806508139e-15
9.3270625462533911429224310153329487760096612588827840342150504370515766089817235669806508139e-15
1.3883744241015282472639862599304708572712478591178198928866671179767488132970276544032214229e-15
1.3883744241015282472639862599304708572712478591178198928866671179767488132970276544032214229e-15
1.939745715922681527605507586052288174547922768140734525929290481005971927474563071907870112e-16
1.939745715922681527605507586052288174547922768140734525929290481005971927474563071907870112e-16
2.541784736776543991904897195518278632809830671618715720819294633413020756375108442685962532e-17
2.541784736776543991904897195518278632809830671618715720819294633413020756375108442685962532e-17
3.12141434584558944233190568436480879871219896226810264613692545008550421808516979263743164e-18
3.12141434584558944233190568436480879871219896226810264613692545008550421808516979263743164e-18
3.5894545533622980957326725558675524484824647385905600914170262427133642142215826530223158e-19
3.5894545533622980957326725558675524484824647385905600914170262427133642142215826530223158e-19
3.8618679709476985922617834251065902466192039294287328452269406748147415788788719492987446e-20
3.8618679709476985922617834251065902466192039294287328452269406748147415788788719492987446e-20
3.883888047313549644442917786096772839238045329545883958761725439321323420206539353862526e-21
3.883888047313549644442917786096772839238045329545883958761725439321323420206539353862526e-21
3.647744874227724350804904681791265519343369337139855928056185404787157688075371776653816e-22
3.647744874227724350804904681791265519343369337139855928056185404787157688075371776653816e-22
3.19622555985390775011728626375491075900058304461712692797182020521523952396742073764003e-23
3.19622555985390775011728626375491075900058304461712692797182020521523952396742073764003e-23
2.61005488914390086473504806628829218536037901367714671672719855735025593431163518565166e-24
2.61005488914390086473504806628829218536037901367714671672719855735025593431163518565166e-24
1.98418003480654888928887349327880101122581867893258856602643837889135754869648120737234e-25
1.98418003480654888928887349327880101122581867893258856602643837889135754869648120737234e-25
1.4025749559057613342892745703017114066656927867335175431557740242447552576552126605118e-26
1.4025749559057613342892745703017114066656927867335175431557740242447552576552126605118e-26
9.207712542546047394081856498034875184935885951132962326351819740184605064281842487894e-28
9.207712542546047394081856498034875184935885951132962326351819740184605064281842487894e-28
5.60655550049693197697266891997638090286976568348858160075317600418799868544935650821e-29
5.60655550049693197697266891997638090286976568348858160075317600418799868544935650821e-29
3.162031465601607488217636559289354416346569265413561095536680832143184724636605289582e-30
3.162031465601607488217636559289354416346569265413561095536680832143184724636605289582e-30
1.649436913460803828135285606810778854170203091438290614327300058647078561425070774283e-31
1.649436913460803828135285606810778854170203091438290614327300058647078561425070774283e-31
7.94589577173539292484471369597412728119196868020596358107773619516151131772213368266e-33
7.94589577173539292484471369597412728119196868020596358107773619516151131772213368266e-33
3.52929202989641829145007890682051208287899509393221489571950111972835778223681226384e-34
3.52929202989641829145007890682051208287899509393221489571950111972835778223681226384e-34
1.44287505378352470857665250290940646962018652139660155848757574787295261430138744279e-35
1.44287505378352470857665250290940646962018652139660155848757574787295261430138744279e-35
5.4197686272780052028629663050594729241066537749018497448259498146053037593717199781e-37
5.4197686272780052028629663050594729241066537749018497448259498146053037593717199781e-37
1.8668536705967241497290916444586098474939113313901898721435774355969723727951990429e-38
1.8668536705967241497290916444586098474939113313901898721435774355969723727951990429e-38
5.884805518201939257912699858871293103918463756360088970121952346278599194268169972e-40
5.884805518201939257912699858871293103918463756360088970121952346278599194268169972e-40
1.6939665809360417751640925103683504538673930075627278609536744623933458528859015932e-41
1.6939665809360417751640925103683504538673930075627278609536744623933458528859015932e-41
4.442484358690718296816839622646203650881997736165719901100589591769419170084332048e-43
4.442484358690718296816839622646203650881997736165719901100589591769419170084332048e-43
1.0588298166277854798259762093137369249308916763458290980623900933970363503551038535e-44
1.0588298166277854798259762093137369249308916763458290980623900933970363503551038535e-44
2.287513406279710180422818411408269530341293289147133342923549388542705026047515462e-46
2.287513406279710180422818411408269530341293289147133342923549388542705026047515462e-46
4.467007171722203732649595122387685251074595088475955510060887358601809284981456389e-48
4.467007171722203732649595122387685251074595088475955510060887358601809284981456389e-48
7.86096421614098827223455467343072077247208914480661171106457397991272039929759917e-50
7.86096421614098827223455467343072077247208914480661171106457397991272039929759917e-50
1.242611111104152765317333285451809752345699706719300893292954091790095415934836331e-51
1.242611111104152765317333285451809752345699706719300893292954091790095415934836331e-51
1.758256369343677047713411459409129312056142934925246757108809799225566912499463831e-53
1.758256369343677047713411459409129312056142934925246757108809799225566912499463831e-53
2.218633676827380106050518170570167033970203417339193200123043657693243588555667805e-55
2.218633676827380106050518170570167033970203417339193200123043657693243588555667805e-55
2.486465774189252313064047738348950177115532193861863649580919235230998981765041945e-57
2.486465774189252313064047738348950177115532193861863649580919235230998981765041945e-57
2.464124162778224402739963112126864268057462954081507979552599364294554852577164658e-59
2.464124162778224402739963112126864268057462954081507979552599364294554852577164658e-59
2.149068983389790513485159125249717303435044345666832074251623244723414011658613107e-61
2.149068983389790513485159125249717303435044345666832074251623244723414011658613107e-61
1.640907076403702893092232509014194293124106776419132420984771787288818073094366789e-63
1.640907076403702893092232509014194293124106776419132420984771787288818073094366789e-63
1.090663571460491381243603374026019987208238125875054960288074724977135245042987424e-65
1.090663571460491381243603374026019987208238125875054960288074724977135245042987424e-65
6.271308910074436288989131298529980671401484125040780303057942755485445106580609816e-68
6.271308910074436288989131298529980671401484125040780303057942755485445106580609816e-68
3.098125414104735643950107042643895208305012973098751754304236907640904038742411995e-70
3.098125414104735643950107042643895208305012973098751754304236907640904038742411995e-70
1.3049987561313257798618384227252178881585102062617565078151508194901935057667874217e-72
1.3049987561313257798618384227252178881585102062617565078151508194901935057667874217e-72
4.6475320184421497229513404892971713259842737964654221236511150474648714488043773742e-75
4.6475320184421497229513404892971713259842737964654221236511150474648714488043773742e-75
1.3862443412766246562759703703643225867243297731771804486195669735956424558009561073e-77
1.3862443412766246562759703703643225867243297731771804486195669735956424558009561073e-77
3.4266063564655117623871614709627973856617977635464266582345410371981980978196047349e-80
3.4266063564655117623871614709627973856617977635464266582345410371981980978196047349e-80
6.9358925722736443869657234165980483759478558004191138032367904063799444569378666119e-83
6.9358925722736443869657234165980483759478558004191138032367904063799444569378666119e-83
1.134091996079301075230932364355881214054818853637058650650086334058062010636611286442e-85
1.134091996079301075230932364355881214054818853637058650650086334058062010636611286442e-85
1.474802491824959819296743850197991048575530390259957166605138697983139816747703957675e-88
1.474802491824959819296743850197991048575530390259957166605138697983139816747703957675e-88
1.498080600679685162833677483324539943985871492689598186889940129268958341930316388333e-91
1.498080600679685162833677483324539943985871492689598186889940129268958341930316388333e-91
1.1639059887065464575596400353912105940017472561333618417161692655312031289934673384784e-94
1.1639059887065464575596400353912105940017472561333618417161692655312031289934673384784e-94
6.7467686874093014237542546825255406286946927300370314895621792278925918706627099606283e-98
6.7467686874093014237542546825255406286946927300370314895621792278925918706627099606283e-98
2.83245418942716991513112480129424073376769671782984817650742385665207135435775600579042e-101
2.83245418942716991513112480129424073376769671782984817650742385665207135435775600579042e-101
8.30683175649912999369254048491453367437379617569566510651867542941334547820934469449077e-105
8.30683175649912999369254048491453367437379617569566510651867542941334547820934469449077e-105
1.627418001735617607396674124244404697410114723120493483892210917502321400347661011748936e-108
1.627418001735617607396674124244404697410114723120493483892210917502321400347661011748936e-108
2.0126980605110938463426951954390789461004933662798161671106478406583750114097339343279328e-112
2.0126980605110938463426951954390789461004933662798161671106478406583750114097339343279328e-112
1.45980255468154483755235693292401528585526105685019198538542244899206707930243320593755172e-116
1.45980255468154483755235693292401528585526105685019198538542244899206707930243320593755172e-116
5.622725174679691121775276120994481673527273021264494185666130290076153143299635232614213995e-121
5.622725174679691121775276120994481673527273021264494185666130290076153143299635232614213995e-121
9.9982626870688697318463249899579965438641938339854684536427429717356481830761887062752377324e-126
9.9982626870688697318463249899579965438641938339854684536427429717356481830761887062752377324e-126
6.65041006204425332796327889767770616995581472926587664348289288886667453051558248996294114196e-131
6.65041006204425332796327889767770616995581472926587664348289288886667453051558248996294114196e-131
1.1700024361720538213148709750848399748156903885074993118666334931438319915772220569990097792023e-136
1.1700024361720538213148709750848399748156903885074993118666334931438319915772220569990097792023e-136
2.806825991547316908469193200408275917622794621515707391570897227491763999390847462338973845173179e-143
2.806825991547316908469193200408275917622794621515707391570897227491763999390847462338973845173179e-143
1.68408598231452871106004097865106608942690536806067644309420704768780228185968490387581518794645459e-151
1.68408598231452871106004097865106608942690536806067644309420704768780228185968490387581518794645459e-151