0.45819658559321340283627701631905966253355285185790272586688088435055923873014381335431344933262632557280607031267321382812708543
0.372143824877564859897636762313410665020875600753951284336128464401626115749735459463069738261783319438444596306888672510726759
0.372143824877564859897636762313410665020875600753951284336128464401626115749735459463069738261783319438444596306888672510726759
0.1986448985780225957938544822657124321826015233741246550099347244500598041242507533524759000867091732941365716571481222237402
0.1986448985780225957938544822657124321826015233741246550099347244500598041242507533524759000867091732941365716571481222237402
0.06889028942908731698824068316409549463890956561629693757195452333804372627703874920321671756456107881049841802374560391324934
0.06889028942908731698824068316409549463890956561629693757195452333804372627703874920321671756456107881049841802374560391324934
0.0152070840044841296245127679262387336227031436313237246762705117969693056556587723824365647418294399174987378124706052739301
0.0152070840044841296245127679262387336227031436313237246762705117969693056556587723824365647418294399174987378124706052739301
0.00206956787496063815807383666242353385900949496703779971375121048108921879953480819804780683759278505670285604223947706199098
0.00206956787496063815807383666242353385900949496703779971375121048108921879953480819804780683759278505670285604223947706199098
0.00016556169914187439557457106221187558789199195035930206344925020923749637320195194981010051947998387461383086723429242283454
0.00016556169914187439557457106221187558789199195035930206344925020923749637320195194981010051947998387461383086723429242283454
7.249295918002257039559167883091269249357935513353812937875313520570479433938635662188878082815197078847622205095424667298e-6
7.249295918002257039559167883091269249357935513353812937875313520570479433938635662188878082815197078847622205095424667298e-6
1.555339329145766322011779994622807527945675349407353176020564536289188742650960664605254557587377912807498200823459153125e-7
1.555339329145766322011779994622807527945675349407353176020564536289188742650960664605254557587377912807498200823459153125e-7
1.3596296504028877670820841993765725058959727409536850028016541135778159518628095246123113148013353618973480240506550498221e-9
1.3596296504028877670820841993765725058959727409536850028016541135778159518628095246123113148013353618973480240506550498221e-9
3.4083140980305390166787111205317717660526297230085481988226530090576445528833372463835359830479147224440621622790487737533e-12
3.4083140980305390166787111205317717660526297230085481988226530090576445528833372463835359830479147224440621622790487737533e-12
1.01603846206367230456117290055167407483257702573970369938996584188931384026442876996481056196095426064102906591487062775461e-15
1.01603846206367230456117290055167407483257702573970369938996584188931384026442876996481056196095426064102906591487062775461e-15