0
-0.14414704803530859123198999953214404737396400289364439074484282191999042727013894764904028321986076430738569478831314281821324711
0.14414704803530859123198999953214404737396400289364439074484282191999042727013894764904028321986076430738569478831314281821324711
-0.28830040232616869342134180119800996906056355722001138410058889505511624791286259995659673127371174517036275601411924571883714828
0.28830040232616869342134180119800996906056355722001138410058889505511624791286259995659673127371174517036275601411924571883714828
-0.43246637271565952592484510750624989709080028794399547264639565663280221365454821438512338950152301982470422002258889764321370059
0.43246637271565952592484510750624989709080028794399547264639565663280221365454821438512338950152301982470422002258889764321370059
-0.57665127622787173519459710512829698496886599814808986909537853253825632809331609621254410584425349204019961886356187859310808824
0.57665127622787173519459710512829698496886599814808986909537853253825632809331609621254410584425349204019961886356187859310808824
-0.7208614406733229089820384275086468438293577326674188576221017516201480249433645890722112083817666073743651789824763208787816629
0.7208614406733229089820384275086468438293577326674188576221017516201480249433645890722112083817666073743651789824763208787816629
-0.86510320827232033085770448379134328427329025151709841897675747063893927803295220404471709862135121734826555927427411100560214329
0.86510320827232033085770448379134328427329025151709841897675747063893927803295220404471709862135121734826555927427411100560214329
-1.0093829393023461845784045174780088585809012438910061428021836170515239798253423212348647113914272082340548284068436198998645708
1.0093829393023461845784045174780088585809012438910061428021836170515239798253423212348647113914272082340548284068436198998645708
-1.1537070157756206206608024917507386987707675615033596165775303397402088607808046413235688784999473137119830612584754525757552282
1.1537070157756206206608024917507386987707675615033596165775303397402088607808046413235688784999473137119830612584754525757552282
-1.2980818451530991867468749591718253381378521710935287519266300155384867299318075196052855784274623172685844080403548215001885707
1.2980818451530991867468749591718253381378521710935287519266300155384867299318075196052855784274623172685844080403548215001885707
-1.4425138641012836663665295630630675650046036753400087081645815815185668830143087756157717234245718656089126428557965813300418795
1.4425138641012836663665295630630675650046036753400087081645815815185668830143087756157717234245718656089126428557965813300418795
-1.5870095422983700588115560560063799464587758920169589794011432564719327156812359009345075066857900171138410455121694603512579112
1.5870095422983700588115560560063799464587758920169589794011432564719327156812359009345075066857900171138410455121694603512579112
-1.7315753862964250871186909274953443354829098998657264431920829263899038252877793601035591032516617318604066438390238494044372289
1.7315753862964250871186909274953443354829098998657264431920829263899038252877793601035591032516617318604066438390238494044372289
-1.8762179434464741995366390397185221842848781705277095258166874137395804078026972703923671603833879262430429914808113488662796051
1.8762179434464741995366390397185221842848781705277095258166874137395804078026972703923671603833879262430429914808113488662796051
-2.0209438058936006353577244377990420133066382827016797709763914223191874905331990327169067984782650016345122269984811264060259974
2.0209438058936006353577244377990420133066382827016797709763914223191874905331990327169067984782650016345122269984811264060259974
-2.1657596146493980164062374500161596851629260320513337776413611149802243725141948337847634027290475205496673276483149400622347846
2.1657596146493980164062374500161596851629260320513337776413611149802243725141948337847634027290475205496673276483149400622347846
-2.3106720637493895243958546657896921652267286636537640576223907473676283402957867808287931655208671057821718810686063897545229831
2.3106720637493895243958546657896921652267286636537640576223907473676283402957867808287931655208671057821718810686063897545229831
-2.4556879045033266339111583478719122562169152653894772219021146708684829848714211558878746159748003576338931391306224675202632861
2.4556879045033266339111583478719122562169152653894772219021146708684829848714211558878746159748003576338931391306224675202632861
-2.6008139498466113859989738801272131329736481297136817554101212127375568997679577890106736528267612226623199792166939889775302457
2.6008139498466113859989738801272131329736481297136817554101212127375568997679577890106736528267612226623199792166939889775302457
-2.7460570788014503126776466310149779722644825162764013524942538900478854176610986792741467151875726604353123254997230811968766268
2.7460570788014503126776466310149779722644825162764013524942538900478854176610986792741467151875726604353123254997230811968766268
-2.8914242410567475903699553892046634253343648434771399362850277173146166511831831645391873014938291274118022284274628561584039935
2.8914242410567475903699553892046634253343648434771399362850277173146166511831831645391873014938291274118022284274628561584039935
-3.0369224616761822914435158413587730285570253470956671335549437908467637335849679612880338736069458268816099838350382927926441336
3.0369224616761822914435158413587730285570253470956671335549437908467637335849679612880338736069458268816099838350382927926441336
-3.1825588459443924712511862219804131299172760701282566790192569935202532793172053873896948050792611837592934922082116937158594662
3.1825588459443924712511862219804131299172760701282566790192569935202532793172053873896948050792611837592934922082116937158594662
-3.3283405843617103259216417787845863431295196702196045726787537880439496609426899618698608664655779757672080828827712080503736591
3.3283405843617103259216417787845863431295196702196045726787537880439496609426899618698608664655779757672080828827712080503736591
-3.4742749577984611653375163125060770408532147506882570827277733653115280194684769656575253913540501111697595961144616773683466897
3.4742749577984611653375163125060770408532147506882570827277733653115280194684769656575253913540501111697595961144616773683466897
-3.6203693428204582107827366092660218768096878490281521229484401537316047581257828019908606334513189225651067461461266165093465954
3.6203693428204582107827366092660218768096878490281521229484401537316047581257828019908606334513189225651067461461266165093465954
-3.7666312171979993930757805120567611803759594166154296170471331647413435621190366677333461771907988022921692914651249601081952634
3.7666312171979993930757805120567611803759594166154296170471331647413435621190366677333461771907988022921692914651249601081952634
-3.9130681656114059838613409371143248583005803840452772393392092427286841680589542375740363785388670495365515519203585005203810754
3.9130681656114059838613409371143248583005803840452772393392092427286841680589542375740363785388670495365515519203585005203810754
-4.0596878855669411214913819723104803333736838015478244366608559937714594053145140437461063836435522950767933396315440056869073052
4.0596878855669411214913819723104803333736838015478244366608559937714594053145140437461063836435522950767933396315440056869073052
-4.206498193537814721678160707775210626595047844295231919427098750885982348662186010510821675745367518670469489256550480868480027
4.206498193537814721678160707775210626595047844295231919427098750885982348662186010510821675745367518670469489256550480868480027
-4.3535070313459261282430799979749187905994350782065308754086836749507113393666444674301402010376490458969997348442967224052675373
4.3535070313459261282430799979749187905994350782065308754086836749507113393666444674301402010376490458969997348442967224052675373
-4.5007224728010240751301815132798591730537911974539240597738063399457919143077268610269774599469395230273083361005379073621653402
4.5007224728010240751301815132798591730537911974539240597738063399457919143077268610269774599469395230273083361005379073621653402
-4.6481527306150827683767261834570063362087713502851190697928368392210183657012417422070657243442179168917518056700262906502586018
4.6481527306150827683767261834570063362087713502851190697928368392210183657012417422070657243442179168917518056700262906502586018
-4.7958061636109116727415469283480820188219021140876310864874570155940944141772253177884784527398264686578065703115104585272419557
4.7958061636109116727415469283480820188219021140876310864874570155940944141772253177884784527398264686578065703115104585272419557
-4.9436912842453443659130776025004108861993610306767676053446972162916253081117525261356920318667805345924367589501946616906772247
4.9436912842453443659130776025004108861993610306767676053446972162916253081117525261356920318667805345924367589501946616906772247
-5.0918167664687991290501147640920665826618447502380482429190701366568703117175825757595763339404341068696128195875290657992805898
5.0918167664687991290501147640920665826618447502380482429190701366568703117175825757595763339404341068696128195875290657992805898
-5.2401914539445824933256209921535065608447490006011093198265174362481561187151770791088579510125845422868759252439980563156390614
5.2401914539445824933256209921535065608447490006011093198265174362481561187151770791088579510125845422868759252439980563156390614
-5.3888243686530298161133958111690510397982463064109863920399137104234562579901190427362084623891848259369215182727724630513440706
5.3888243686530298161133958111690510397982463064109863920399137104234562579901190427362084623891848259369215182727724630513440706
-5.5377247199074586850646541738954160644225264274595554961627916769518981188225339261954985085130157989152823235116166891211242147
5.5377247199074586850646541738954160644225264274595554961627916769518981188225339261954985085130157989152823235116166891211242147
-5.6869019138109678137880687384050651602036887231535909083532068938389999564968348015950861297422999136093048397727149867847722395
5.6869019138109678137880687384050651602036887231535909083532068938389999564968348015950861297422999136093048397727149867847722395
-5.8363655631853642926362110060099789346115364427385946987929726149580914704869893004242137817972178014506379042207835967766660709
5.8363655631853642926362110060099789346115364427385946987929726149580914704869893004242137817972178014506379042207835967766660709
-5.9861254980059659614441266704117428810898938630061446170366651558529488842890534648342642791322974686991237612107342569780959583
5.9861254980059659614441266704117428810898938630061446170366651558529488842890534648342642791322974686991237612107342569780959583
-6.1361917763787261124797471150046707689203590018808084222626733343754652120721179947157549812672706721291884440209686353659806261
6.1361917763787261124797471150046707689203590018808084222626733343754652120721179947157549812672706721291884440209686353659806261
-6.2865746960990903436322289920926748715808929076627686615039511263043389689358319952355551174934584577969699735167125641553637076
6.2865746960990903436322289920926748715808929076627686615039511263043389689358319952355551174934584577969699735167125641553637076
-6.4372848068352489764744692768789025091303051307906262170954124302991628866272653084811861559476304043287053670433031716588808974
6.4372848068352489764744692768789025091303051307906262170954124302991628866272653084811861559476304043287053670433031716588808974
-6.5883329229820254646779953893662261222606679052218913634225677363610684581394386327086157487795394224002613891747273741435136735
6.5883329229820254646779953893662261222606679052218913634225677363610684581394386327086157487795394224002613891747273741435136735
-6.7397301372355782083138215255135322406780190127718421641342446719798714821263614429244236733985635606624971887616095535429998742
6.7397301372355782083138215255135322406780190127718421641342446719798714821263614429244236733985635606624971887616095535429998742
-6.8914878349434314396915706642641152598370246777065752244344011537126829714770684552012782764467880029191109355348800620864892593
6.8914878349434314396915706642641152598370246777065752244344011537126829714770684552012782764467880029191109355348800620864892593
-7.0436177092891370368662986762237980237120660629296303262440526091368272129131739435865012196126748220994607347363006904229612922
7.0436177092891370368662986762237980237120660629296303262440526091368272129131739435865012196126748220994607347363006904229612922
-7.1961317773761561227182320906245901648326345773654970118083583575922731911364608490613849697810724103099543301571916804817669823
7.1961317773761561227182320906245901648326345773654970118083583575922731911364608490613849697810724103099543301571916804817669823
-7.3490423972813971024446316204690662638622745647640173530750957839964056804348488427600277840348236805560340745336183005661916024
7.3490423972813971024446316204690662638622745647640173530750957839964056804348488427600277840348236805560340745336183005661916024
-7.5023622861553235457605423820097857315800385748629112841825606735261806906486128561884106505605938732329540050805359086254142483
7.5023622861553235457605423820097857315800385748629112841825606735261806906486128561884106505605938732329540050805359086254142483
-7.6561045394527286336833625223918499661424964333040768617082194918875364877339110224416310356271170308238933601765337415591909244
7.6561045394527286336833625223918499661424964333040768617082194918875364877339110224416310356271170308238933601765337415591909244
-7.8102826513862512675760552923035008749594236569908184737540905910167434201389713349459408812885403017301750172246507406565693864
7.8102826513862512675760552923035008749594236569908184737540905910167434201389713349459408812885403017301750172246507406565693864
-7.9649105367035835067753336308096443912484969541864421582047318796036962938876887476635144664588472842162682886731031192119186059
7.9649105367035835067753336308096443912484969541864421582047318796036962938876887476635144664588472842162682886731031192119186059
-8.120002553899205532086709058193099028310025342291044771274954743464858556353910450181950246609173803225586016015963747200342408
8.120002553899205532086709058193099028310025342291044771274954743464858556353910450181950246609173803225586016015963747200342408
-8.2755735299825156252279063026218730370045383267441734053113839077732392062310446380873309834647207362964527760913794967430793686
8.2755735299825156252279063026218730370045383267441734053113839077732392062310446380873309834647207362964527760913794967430793686
-8.4316387869365513520327005409702975595772581028496443933492707110680400006335047717378435986489305377043886354243776817887251377
8.4316387869365513520327005409702975595772581028496443933492707110680400006335047717378435986489305377043886354243776817887251377
-8.5882141700153000608378516529657496866176333411982455793210100110637325752424507116598805736120715562295964927966865286825400006
8.5882141700153000608378516529657496866176333411982455793210100110637325752424507116598805736120715562295964927966865286825400006
-8.7453160780430749147054976682877738735504211685294835718607103541447328380865603925409168782388171437194245510220158796980314121
8.7453160780430749147054976682877738735504211685294835718607103541447328380865603925409168782388171437194245510220158796980314121
-8.9029614958968217745008770594853030389454324758711835255929871113806043836223028211748495962313462706057967782046478628852136989
8.9029614958968217745008770594853030389454324758711835255929871113806043836223028211748495962313462706057967782046478628852136989
-9.0611680293717946226476202946287563787059140179003701308301602069113555401940128273250840904163428566848502122255104224435192924
9.0611680293717946226476202946287563787059140179003701308301602069113555401940128273250840904163428566848502122255104224435192924
-9.2199539426531093584962436423437558518236235204320845916695591189024392161722489941119230484759763812705113898704517022730739163
9.2199539426531093584962436423437558518236235204320845916695591189024392161722489941119230484759763812705113898704517022730739163
-9.3793381986406264957091418208558958685819603389671700679097632620972355121606724702972958893446609787931968848091359428354762206
9.3793381986406264957091418208558958685819603389671700679097632620972355121606724702972958893446609787931968848091359428354762206
-9.5393405024028533725738043685516800483058049475362912255544663578243088473989123327796187595750221355896088012977844658798507942
9.5393405024028533725738043685516800483058049475362912255544663578243088473989123327796187595750221355896088012977844658798507942
-9.6999813480676005638947474784837014149052111728750236945763574436487319805060057745090664781081357531963635449456698382293500899
9.6999813480676005638947474784837014149052111728750236945763574436487319805060057745090664781081357531963635449456698382293500899
-9.8612820694935679195651160592019537247691965041738821091026562040158678686492195739592583944289729968229094300099147064391666341
9.8612820694935679195651160592019537247691965041738821091026562040158678686492195739592583944289729968229094300099147064391666341
-10.023264895108571084559714574621401908521980104958983699859129699517328911602168951862959774771501411554116916261977800356683382
10.023264895108571084559714574621401908521980104958983699859129699517328911602168951862959774771501411554116916261977800356683382
-10.185953007347574025401047352716727813954167975579163797108799148855856843156999885228521165416392845641411342350119894671858677
10.185953007347574025401047352716727813954167975579163797108799148855856843156999885228521165416392845641411342350119894671858677
-10.349370607178043942629683261604374832524223764032595192525296706416188510057145134883143116181104916077332311417922607746671326
10.349370607178043942629683261604374832524223764032595192525296706416188510057145134883143116181104916077332311417922607746671326
-10.51354298426255313433497932530886914268300132213466201250287264088947718927849230042604098332131085083635415224583017049287753
10.51354298426255313433497932530886914268300132213466201250287264088947718927849230042604098332131085083635415224583017049287753
-10.678496593380402480220485215635571450445351628988358421672051733425247954228487865740623431296977410912191549278929376152331419
10.678496593380402480220485215635571450445351628988358421672051733425247954228487865740623431296977410912191549278929376152331419
-10.844259137812989864083358461343965239081344290488434711472516424005009638639969848897700877334603901893666508652329790840070835
10.844259137812989864083358461343965239081344290488434711472516424005009638639969848897700877334603901893666508652329790840070835
-11.010859660493683143353576935577166499449797968301502211019389827363998250592728356171894513059477519899171099384384421738934915
11.010859660493683143353576935577166499449797968301502211019389827363998250592728356171894513059477519899171099384384421738934915
-11.178328643834478262691154620434455090718402369309044740390075785048268362216864654974435593906334668112376957521582762322593795
11.178328643834478262691154620434455090718402369309044740390075785048268362216864654974435593906334668112376957521582762322593795
-11.346698119271628506107526577856608260441652734113284198682532846564575387335859206402663433602355406611668782947379803511626465
11.346698119271628506107526577856608260441652734113284198682532846564575387335859206402663433602355406611668782947379803511626465
-11.516001787724242417105514432434061610085817568498105831757698787544335236171784265323662819721970021487472370204775294886818266
11.516001787724242417105514432434061610085817568498105831757698787544335236171784265323662819721970021487472370204775294886818266
-11.686275152337860508595278129421985721010589528357509918484130193431660404694319203741772601799575351093922669824314734733841116
11.686275152337860508595278129421985721010589528357509918484130193431660404694319203741772601799575351093922669824314734733841116
-11.857555665094495081870546607097076677462567154715275740250163452797501697118936778392138034255215511828798086147441488837125231
11.857555665094495081870546607097076677462567154715275740250163452797501697118936778392138034255215511828798086147441488837125231
-12.029882889118025710920533405352362164663759242079216367418781219775005036268851762793118110421341249590721707874839544154719259
12.029882889118025710920533405352362164663759242079216367418781219775005036268851762793118110421341249590721707874839544154719259
-12.203298678797186417628966160233383220515962798292938420345876696766458911582743124895901635950761801493484097901679728390418301
12.203298678797186417628966160233383220515962798292938420345876696766458911582743124895901635950761801493484097901679728390418301
-12.377847380197599309413027961511109507802793227090380187859310860068179663804516116908847896568369449980391612156067338311163661
12.377847380197599309413027961511109507802793227090380187859310860068179663804516116908847896568369449980391612156067338311163661
-12.553576054651816320890827991383805379917048461003642384920187915777922105569134431569086200122406516416984939785509634705223941
12.553576054651816320890827991383805379917048461003642384920187915777922105569134431569086200122406516416984939785509634705223941
-12.730534728917710975998310201943119319261296804504733044638896477629148263198848290596786624985128266222863579802881722604664989
12.730534728917710975998310201943119319261296804504733044638896477629148263198848290596786624985128266222863579802881722604664989
-12.908776675900496306995682262758256482041108560249360166063705013479278383775561004962751488941808707331704436730248023328528327
12.908776675900496306995682262758256482041108560249360166063705013479278383775561004962751488941808707331704436730248023328528327
-13.088358730667134780617286750036522408383473553217726542413046249472727414503384033510439257058358880610248798513574561597141956
13.088358730667134780617286750036522408383473553217726542413046249472727414503384033510439257058358880610248798513574561597141956
-13.269341647375913949543602983332544363734888796061260754930816215100205730310735902653953870129510033488899148387467084502215317
13.269341647375913949543602983332544363734888796061260754930816215100205730310735902653953870129510033488899148387467084502215317
-13.451790503839622909039537596152306848311833113695149919383791981174801324027623184198989183007997695183020497704897825046447849
13.451790503839622909039537596152306848311833113695149919383791981174801324027623184198989183007997695183020497704897825046447849
-13.635775161791394096539648062315127379238230362120208071782210157979706054776247634544464002765027839616848093389304687586633745
13.635775161791394096539648062315127379238230362120208071782210157979706054776247634544464002765027839616848093389304687586633745
-13.821370792597489182196010704800972917834795674610411711376549824590204662568746880199592849555042762322689299958545640300186252
13.821370792597489182196010704800972917834795674610411711376549824590204662568746880199592849555042762322689299958545640300186252
-14.008658480252730695490935188503685035566541432380223717289108857139149429403516272171461947023774637751639080097840255933584974
14.008658480252730695490935188503685035566541432380223717289108857139149429403516272171461947023774637751639080097840255933584974
-14.197725916123515627869554639669455166001293855275631451919812657606373706015216224211275966597087074361628397642660985089124807
14.197725916123515627869554639669455166001293855275631451919812657606373706015216224211275966597087074361628397642660985089124807
-14.388668203233229521947780154524236323447415554504133385271237156405510785309834847753256166460711925632175049831845871913776991
14.388668203233229521947780154524236323447415554504133385271237156405510785309834847753256166460711925632175049831845871913776991
-14.581588792135540401210501872173272160441038967535738625648968416709286454413876270333664405970521602032950817298865277633692817
14.581588792135540401210501872173272160441038967535738625648968416709286454413876270333664405970521602032950817298865277633692817
-14.77660057589311019805451800591711910779998246469126835307870437495544121176427235923335076041469267754377645969265749940534273
14.77660057589311019805451800591711910779998246469126835307870437495544121176427235923335076041469267754377645969265749940534273
-14.973827178787734193646772708728578504750950583206533185340071154210928588050709523786566663082144623492880183088103849727991139
14.973827178787734193646772708728578504750950583206533185340071154210928588050709523786566663082144623492880183088103849727991139
-15.173404482712467589505810190474816925932100884118882409728117893353871948913700279547848975139120761395046634796339699692944091
15.173404482712467589505810190474816925932100884118882409728117893353871948913700279547848975139120761395046634796339699692944091
-15.375482447556754218223938722319062344580403011135126726626590740182460150722274393472555999969689266513891985275797503162727309
15.375482447556754218223938722319062344580403011135126726626590740182460150722274393472555999969689266513891985275797503162727309
-15.580227298467229932297858228352683054688084912759079257186852290816511394444871460193266470958787820024069794527546016301064645
15.580227298467229932297858228352683054688084912759079257186852290816511394444871460193266470958787820024069794527546016301064645
-15.787824175359446451105911530947598147933002459433978107490344469372592383979501219178468456000946445621713946921296835036504858
15.787824175359446451105911530947598147933002459433978107490344469372592383979501219178468456000946445621713946921296835036504858
-15.998480370996227660523365658222921340979999311636410358665645257577934711415194894488581173067500848432708926256647761509511679
15.998480370996227660523365658222921340979999311636410358665645257577934711415194894488581173067500848432708926256647761509511679
-16.212429327136883191896793978195971769601178208886862927462071283625453507300431235198223367655417498609021652361135448609259668
16.212429327136883191896793978195971769601178208886862927462071283625453507300431235198223367655417498609021652361135448609259668
-16.429935619522221570234614446556683939478992067526528221127655500258717525593486316175879631385175965066115453489443299271698972
16.429935619522221570234614446556683939478992067526528221127655500258717525593486316175879631385175965066115453489443299271698972
-16.651301250907353673835999750250658602577878135338259652347595807107829519158923549106513295912387287718478990648333990718375728
16.651301250907353673835999750250658602577878135338259652347595807107829519158923549106513295912387287718478990648333990718375728
-16.876873701582364997289786690430711432312275570766745001492403261111542654339219607195248923167298285219569023871857043953277608
16.876873701582364997289786690430711432312275570766745001492403261111542654339219607195248923167298285219569023871857043953277608
-17.10705638280645361522437000404958036571554542834235818265038615750985187202457925549930653779485604603584031319254536081117846
17.10705638280645361522437000404958036571554542834235818265038615750985187202457925549930653779485604603584031319254536081117846
-17.342322440855358135305384451635515980466369475168543215836084538385851748399265339119518958259149163030168772067954649646776014
17.342322440855358135305384451635515980466369475168543215836084538385851748399265339119518958259149163030168772067954649646776014
-17.583233338703273906468005272867809695701026463515646992143541000389336509670853415084479328966205432914359830364085229263022524
17.583233338703273906468005272867809695701026463515646992143541000389336509670853415084479328966205432914359830364085229263022524
-17.830464426854668133874578817021258406727970438463850806100483281538090173267477022714951551495970713720042615646906064551220269
17.830464426854668133874578817021258406727970438463850806100483281538090173267477022714951551495970713720042615646906064551220269
-18.084841046432139031505552192607747059868783769857320945744107741013758381361022254513228248511403578927172296248363272967558912
18.084841046432139031505552192607747059868783769857320945744107741013758381361022254513228248511403578927172296248363272967558912
-18.347391065813073107891557450563083463733339362684999706754827046137274904013011733963423255752552054436093701227011450975318615
18.347391065813073107891557450563083463733339362684999706754827046137274904013011733963423255752552054436093701227011450975318615
-18.619424142965071673480928671179889569752194367242603382994966681017451191221616899911399300965217716725921111986019288076899597
18.619424142965071673480928671179889569752194367242603382994966681017451191221616899911399300965217716725921111986019288076899597
-18.902656688486198497309223192934866947664164192858356131955790508266041223676885434436978122343120269414787494860970127736322076
18.902656688486198497309223192934866947664164192858356131955790508266041223676885434436978122343120269414787494860970127736322076
-19.199419990439172131756368782362972013799019226790299575025923877914423789031880205029324100707476397293391710338841163274756502
19.199419990439172131756368782362972013799019226790299575025923877914423789031880205029324100707476397293391710338841163274756502
-19.513032158787660693656196482604660224204872310409798448945249940674674820327329298711776430947172846046131906049806797004244658
19.513032158787660693656196482604660224204872310409798448945249940674674820327329298711776430947172846046131906049806797004244658
-19.848528551353295847539636592992433219386237997228550876939897965764453805642357612115542980695698819838552649954271912140586203
19.848528551353295847539636592992433219386237997228550876939897965764453805642357612115542980695698819838552649954271912140586203
-20.214301225591413228346116254294031762635011844779813922588422009938361901553334888169522509992107816087809986597737938810927221
20.214301225591413228346116254294031762635011844779813922588422009938361901553334888169522509992107816087809986597737938810927221
-20.626627892787223720225531052599407354779118482386203103933071626197545533464696967832639893799224477474312032880703535021133907
20.626627892787223720225531052599407354779118482386203103933071626197545533464696967832639893799224477474312032880703535021133907
-21.12808992081390270481301738745792075578103432215720540889514241959549086626667814496867040672597381770823542529745085307791123
21.12808992081390270481301738745792075578103432215720540889514241959549086626667814496867040672597381770823542529745085307791123