-0.20112857654887148554576301324369218569341077745376790229216301060542807588599685311055061617390157407434264030936924704234116436
0.20112857654887148554576301324369218569341077745376790229216301060542807588599685311055061617390157407434264030936924704234116436
-0.60392105862555230777815567875734181699774456998025870595321061626566229900925298321823964252442249026593525769586342437783368222
0.60392105862555230777815567875734181699774456998025870595321061626566229900925298321823964252442249026593525769586342437783368222
-1.0083382710467234618049896086964179058476157910821486425523235707514893753438516180452588007152201122702743479002933488868494392
1.0083382710467234618049896086964179058476157910821486425523235707514893753438516180452588007152201122702743479002933488868494392
-1.4155278001981885119407251055475798225289198683132580539473913973142919985620624298653330135157388572494464188695794567375006915
1.4155278001981885119407251055475798225289198683132580539473913973142919985620624298653330135157388572494464188695794567375006915
-1.8267411436036880388358804835061281461296893316381316671947076683560581558457792127510213638207231622192167065879599000531581329
1.8267411436036880388358804835061281461296893316381316671947076683560581558457792127510213638207231622192167065879599000531581329
-2.2433914677615040724729799948250613617699072057549839019270092101193836209886872234460036001004925936880160797326442467451108347
2.2433914677615040724729799948250613617699072057549839019270092101193836209886872234460036001004925936880160797326442467451108347
-2.6671321245356172005711064642208749174192246351126647773941389741030067476883311391478881262519525699341857903129680079197336321
2.6671321245356172005711064642208749174192246351126647773941389741030067476883311391478881262519525699341857903129680079197336321
-3.0999705295864417486887333223746390193308538203442863702059811202285701607683891765790528185436632681125312973930899823082415736
3.0999705295864417486887333223746390193308538203442863702059811202285701607683891765790528185436632681125312973930899823082415736
-3.5444438731553498869254009021683636498383499040555925262152033227688469525275959590161529017008499982335002958935594898305258077
3.5444438731553498869254009021683636498383499040555925262152033227688469525275959590161529017008499982335002958935594898305258077
-4.0039086038612288152278760133218180762992084599020752974927675929018699936646149700886413181409136777726266172922983813292991763
4.0039086038612288152278760133218180762992084599020752974927675929018699936646149700886413181409136777726266172922983813292991763
-4.483055357092518341887037619709105216099539530886469812908056682520065442934523808366224509891844985499995633933515940835729892
4.483055357092518341887037619709105216099539530886469812908056682520065442934523808366224509891844985499995633933515940835729892
-4.9889189685899439444864971063309542953809558829871568428497326969767320544270489406538374772547727722779539147603898380166992876
4.9889189685899439444864971063309542953809558829871568428497326969767320544270489406538374772547727722779539147603898380166992876
-5.5331471515674957251183335555803967332562582810899169424972486590869047593145966751856347044190940599261515206394247826362299529
5.5331471515674957251183335555803967332562582810899169424972486590869047593145966751856347044190940599261515206394247826362299529
-6.1382792201239346203949923785375795010650976900989716657634180429604515527979175995555290662250317619950183861449269452434694307
6.1382792201239346203949923785375795010650976900989716657634180429604515527979175995555290662250317619950183861449269452434694307
-6.8633452935298915810611083575550266214837110480914731911094382399981871815957869709155699363085909265022401310682313604180061211
6.8633452935298915810611083575550266214837110480914731911094382399981871815957869709155699363085909265022401310682313604180061211