-0.094380202561292317417054142513485986332568230321379600024674719419465628792107282325085387486760913508962855706800857141046680875
0.094380202561292317417054142513485986332568230321379600024674719419465628792107282325085387486760913508962855706800857141046680875
-0.28315274978949310827881500715232052695255777681080026665784485402271011477869950458098181591451306131458796341049135573668226662
0.28315274978949310827881500715232052695255777681080026665784485402271011477869950458098181591451306131458796341049135573668226662
-0.47196174365329489377278529086908942566092838335750305787179977333455561774632807725433348267934071084485418374665230974429835716
0.47196174365329489377278529086908942566092838335750305787179977333455561774632807725433348267934071084485418374665230974429835716
-0.66083154973822617838586485323626538485741085967620512382072329552961428782922596870934427093795389535035163531609792749655286998
0.66083154973822617838586485323626538485741085967620512382072329552961428782922596870934427093795389535035163531609792749655286998
-0.84978663572097960140336675231002101458004766123541086875408124142465910322237364027035912522009414376345412021992524865628976473
0.84978663572097960140336675231002101458004766123541086875408124142465910322237364027035912522009414376345412021992524865628976473
-1.0388516129063340877693633016123302440446626524244990918126825390394360793543944973818186180684813074945207842528117350239378837
1.0388516129063340877693633016123302440446626524244990918126825390394360793543944973818186180684813074945207842528117350239378837
-1.2280512784727862617311789951690746608661529216808385089410254235715173054439536265725861725561517104696214774098057022021637461
1.2280512784727862617311789951690746608661529216808385089410254235715173054439536265725861725561517104696214774098057022021637461
-1.4174106586413215085733034509106521111274794004585556895573110453497115438081227947524604594237225831870561764443215740457076846
1.4174106586413215085733034509106521111274794004585556895573110453497115438081227947524604594237225831870561764443215740457076846
-1.6069550529909823116422050523901326365479279370941216549465417981193929197691130184072788102829710660200609058944525177609394451
1.6069550529909823116422050523901326365479279370941216549465417981193929197691130184072788102829710660200609058944525177609394451
-1.7967100801564783780656960595989653818327489196962454787658810882567653158251313587513246551317390404786373701343010135508618397
1.7967100801564783780656960595989653818327489196962454787658810882567653158251313587513246551317390404786373701343010135508618397
-1.9867017251572271050995286753494270726456423079223486382448395203932913997317721827037996064534797935380142171715335813001658008
1.9867017251572271050995286753494270726456423079223486382448395203932913997317721827037996064534797935380142171715335813001658008
-2.1769563886241590525522341917565601611629820931031701285047195263495382471092715944739211476438873385927359177991924574217075822
2.1769563886241590525522341917565601611629820931031701285047195263495382471092715944739211476438873385927359177991924574217075822
-2.3675009382106700714672911967331822428464054041003872255946274115050687070291622316633681467906117495767213390918511073258155054
2.3675009382106700714672911967331822428464054041003872255946274115050687070291622316633681467906117495767213390918511073258155054
-2.5583627624976103112907728882887255561125627255927853693526447263135313481333635940576556855710208948076872724662370103074595006
2.5583627624976103112907728882887255561125627255927853693526447263135313481333635940576556855710208948076872724662370103074595006
-2.7495698277296030654880717593261147403231859340186327358803227625381064445522570150479770205992017007650332212410183318081719547
2.7495698277296030654880717593261147403231859340186327358803227625381064445522570150479770205992017007650332212410183318081719547
-2.9411507377517999892829549239749412746425584397713043806513071178222603741467322716646570771378439748913526125009461859430855107
2.9411507377517999892829549239749412746425584397713043806513071178222603741467322716646570771378439748913526125009461859430855107
-3.1331347975530194069049356536247218847368231110470239847752410398346217440058519074788277934286983201263877104222038165808725494
3.1331347975530194069049356536247218847368231110470239847752410398346217440058519074788277934286983201263877104222038165808725494
-3.3255520808638145168429376394446168562089046783909662654571387295162974262656162021030272947024121031130272571128735353053031722
3.3255520808638145168429376394446168562089046783909662654571387295162974262656162021030272947024121031130272571128735353053031722
-3.5184335023072517423165021967385510794360122847274340352996155890410993113310808804488982180308334987622195455039524803968317324
3.5184335023072517423165021967385510794360122847274340352996155890410993113310808804488982180308334987622195455039524803968317324
-3.7118108946570876675774261400035106304274471821829844392443415060338178781003324590594750330972401052388234853661176436534584374
3.7118108946570876675774261400035106304274471821829844392443415060338178781003324590594750330972401052388234853661176436534584374
-3.9057170918238596300866295212790238709840455889483468088576699803214356801014721902291061545327550186186061389515172621338358554
3.9057170918238596300866295212790238709840455889483468088576699803214356801014721902291061545327550186186061389515172621338358554
-4.1001860182656384831853548556588893151187249372424584287960919679560606503978027809722989139738287845740749044089490613860899794
4.1001860182656384831853548556588893151187249372424584287960919679560606503978027809722989139738287845740749044089490613860899794
-4.2952527856086180136137927465716660626098559232968173406677449705393631722670484718290200837454416779752214903377554351213525339
4.2952527856086180136137927465716660626098559232968173406677449705393631722670484718290200837454416779752214903377554351213525339
-4.4909537973654825724611818136114432242124757246243224249657300066836710870007898243098409553031040151183059762179655796223889794
4.4909537973654825724611818136114432242124757246243224249657300066836710870007898243098409553031040151183059762179655796223889794
-4.6873268627591960363790649324886743930934848533014256475957697633100952004520638798401284829052574918477135502844119453233953376
4.6873268627591960363790649324886743930934848533014256475957697633100952004520638798401284829052574918477135502844119453233953376
-4.8844113207996322944264624544001274037324353406966250536686512178155025427789205487853650066531280645570000844666630368425094589
4.8844113207996322944264624544001274037324353406966250536686512178155025427789205487853650066531280645570000844666630368425094589
-5.0822481759241384537328892984148298078113313313925436381840612911486350667092271498676467070490629796335171153888387460941890257
5.0822481759241384537328892984148298078113313313925436381840612911486350667092271498676467070490629796335171153888387460941890257
-5.2808802467053469739914814131154769626621200064771750158337251876294517032307578739819424125799633403425034455867742703282256896
5.2808802467053469739914814131154769626621200064771750158337251876294517032307578739819424125799633403425034455867742703282256896
-5.480352329356043030435296128184119478174669433688967564115565309228608831461458181671814642466252477808610818917870727739064703
5.480352329356043030435296128184119478174669433688967564115565309228608831461458181671814642466252477808610818917870727739064703
-5.6807113780286784122627280203949896188453322017335848999792975378543012187343107631735879178731281042690695245023446635608887346
5.6807113780286784122627280203949896188453322017335848999792975378543012187343107631735879178731281042690695245023446635608887346
-5.8820067042248965260198308222898386613238003549973908221818483243132103085422383901612808849373020951226851474818172183360912869
5.8820067042248965260198308222898386613238003549973908221818483243132103085422383901612808849373020951226851474818172183360912869
-6.0842901980089975978949316415678633378416873378420369636619852649094415834105301831367911589826570534662281815867684667353190169
6.0842901980089975978949316415678633378416873378420369636619852649094415834105301831367911589826570534662281815867684667353190169
-6.287616574172122639204380550196997561470369292565846019297262918104127062402304400816018083310481461246441935500892006774888087
6.287616574172122639204380550196997561470369292565846019297262918104127062402304400816018083310481461246441935500892006774888087
-6.4920436470380148935548491754577781259864979873470195562148895723925603163935279993781546551221261136196513341359179752302116748
6.4920436470380148935548491754577781259864979873470195562148895723925603163935279993781546551221261136196513341359179752302116748
-6.6976326382579304911817156546570139835958292058253125050297868198425131654338331295995090033691857767045531082942878133933700985
6.6976326382579304911817156546570139835958292058253125050297868198425131654338331295995090033691857767045531082942878133933700985
-6.9044485227388086969906783261282580132371132834206136885063698474587643754617593373661744931020140928046747355514871912389132662
6.9044485227388086969906783261282580132371132834206136885063698474587643754617593373661744931020140928046747355514871912389132662
-7.1125604188199452752444330228077894965356102500345810592740856283815137914671974374609585343430355070629446361974057097637120109
7.1125604188199452752444330228077894965356102500345810592740856283815137914671974374609585343430355070629446361974057097637120109
-7.3220420300038926438252760122213944348726981864459012475104451550604638859423811354447588716371297867733827013517144636563876702
7.3220420300038926438252760122213944348726981864459012475104451550604638859423811354447588716371297867733827013517144636563876702
-7.5329721470151474250177816089105849186143323159159748744214055647249751615664813511470814228125069227446497396482365372233648416
7.5329721470151474250177816089105849186143323159159748744214055647249751615664813511470814228125069227446497396482365372233648416
-7.745435220781135948260830203199463977367670443474517412624704435216571497551965599735840535190670191697544850610053017980710191
7.745435220781135948260830203199463977367670443474517412624704435216571497551965599735840535190670191697544850610053017980710191
-7.9595220192037867844809291664904976101247324838495993388270011630863513271042534052216617568064722291064771036861408194471335424
7.9595220192037867844809291664904976101247324838495993388270011630863513271042534052216617568064722291064771036861408194471335424
-8.1753303834489432892210983403298944847964925962218349311468484503783590050900001152177393168837766811073838420678324483024964698
8.1753303834489432892210983403298944847964925962218349311468484503783590050900001152177393168837766811073838420678324483024964698
-8.392966103102273910808578790345806125789953858292179019611734152861401405634611672217523276684110289997466941915992202348374076
8.392966103102273910808578790345806125789953858292179019611734152861401405634611672217523276684110289997466941915992202348374076
-8.6125439341638338017069214737837917136255821728634799046011123507364467229893165980460576791246038671873822772382083965026323256
8.6125439341638338017069214737837917136255821728634799046011123507364467229893165980460576791246038671873822772382083965026323256
-8.8341887898063287887304604529355965249001441216404289315573956815994426276879091671178191175947534206371184949232179950146956943
8.8341887898063287887304604529355965249001441216404289315573956815994426276879091671178191175947534206371184949232179950146956943
-9.0580371415563478084936386696510857863804722744037405264813946245398384394982652948159901552689382361813651140735105091558470137
9.0580371415563478084936386696510857863804722744037405264813946245398384394982652948159901552689382361813651140735105091558470137
-9.2842386787046303721155345311427618857702777227987420794681979941821784516537130095748324608048175740814815730983027574410024355
9.2842386787046303721155345311427618857702777227987420794681979941821784516537130095748324608048175740814815730983027574410024355
-9.5129582872037412831539846240784651110917736064178957847528444260216832531707112378230029270058776080138249047811044885466251671
9.5129582872037412831539846240784651110917736064178957847528444260216832531707112378230029270058776080138249047811044885466251671
-9.7443784273495521629488416332140430775377379172990255311298110839570452228471160764889054819492435164715511149285281131298193686
9.7443784273495521629488416332140430775377379172990255311298110839570452228471160764889054819492435164715511149285281131298193686
-9.9787020140292362267864525336837545469666928524994032958002424519634789308271092126830202485564965444618599093416821077520700602
9.9787020140292362267864525336837545469666928524994032958002424519634789308271092126830202485564965444618599093416821077520700602
-10.216155937006269757467519139542374138924160198987917514463075250088186394304001269887842252831248409244291784142025874469875626
10.216155937006269757467519139542374138924160198987917514463075250088186394304001269887842252831248409244291784142025874469875626
-10.456995405743042542643053634367250086489350102780886659065018915204914657365369373429527236399992553867584035654011731780136032
10.456995405743042542643053634367250086489350102780886659065018915204914657365369373429527236399992553867584035654011731780136032
-10.701509369981166881858275619382249560989602383353620081849212480711807732741573526617469968893694249346156582399822172527404644
10.701509369981166881858275619382249560989602383353620081849212480711807732741573526617469968893694249346156582399822172527404644
-10.950027363642045679940308837044546987155501026166578466474170622256265176235302276138316928913942955985363822511087221240581567
10.950027363642045679940308837044546987155501026166578466474170622256265176235302276138316928913942955985363822511087221240581567
-11.202928261484638337410287511479882189394098088101220076037310445286001742976694267941937190846227516718717420627763433526335361
11.202928261484638337410287511479882189394098088101220076037310445286001742976694267941937190846227516718717420627763433526335361
-11.460651651502333064715377136527586885246460365246443503552438230087306592196814624826508544696265329676912028344142905578860563
11.460651651502333064715377136527586885246460365246443503552438230087306592196814624826508544696265329676912028344142905578860563
-11.723712855448614347653587987088916111403461861963526449359241253808965602977075283562285181167212338737416000528192293656440344
11.723712855448614347653587987088916111403461861963526449359241253808965602977075283562285181167212338737416000528192293656440344
-11.992723152311497258170772650551016121655086763002089086576365535322622133992673801882665134607859770151591087704080524822026477
11.992723152311497258170772650551016121655086763002089086576365535322622133992673801882665134607859770151591087704080524822026477
-12.268417614744900613820695353733753351295332842618206428937482480060054201762016853099161760296523628784490855882962857214260767
12.268417614744900613820695353733753351295332842618206428937482480060054201762016853099161760296523628784490855882962857214260767
-12.551694420292197287656627018430952138764721118575523011016525691036478976865918690412693937630538612170954322055253809484974028
12.551694420292197287656627018430952138764721118575523011016525691036478976865918690412693937630538612170954322055253809484974028
-12.843672070795714625426126480980856327974037166962170401245540548436665731434890025124804156144312291133265125648865831300930898
12.843672070795714625426126480980856327974037166962170401245540548436665731434890025124804156144312291133265125648865831300930898
-13.1457757423752601113066249754506450245227366835359491403187995426716617262179041248501170366795116688238885277312995100741768
13.1457757423752601113066249754506450245227366835359491403187995426716617262179041248501170366795116688238885277312995100741768
-13.45987346023318306296543788648203606193314266556438905083502642081022199635095581874343254003447416561161360351611791453132332
13.45987346023318306296543788648203606193314266556438905083502642081022199635095581874343254003447416561161360351611791453132332
-13.788502962262142901428632018588307604072946958360850787639256253173052275383133291828554169419976264576049521879336082580308123
13.788502962262142901428632018588307604072946958360850787639256253173052275383133291828554169419976264576049521879336082580308123
-14.135277255544954960635250451239503753022861282948722970193751199029862931465986849706969694129241693829062875905392141443731831
14.135277255544954960635250451239503753022861282948722970193751199029862931465986849706969694129241693829062875905392141443731831
-14.505681306755122508196870895285143119147535627982533325773233621664824443831271650878779807824551144846435393711688333886195116
14.505681306755122508196870895285143119147535627982533325773233621664824443831271650878779807824551144846435393711688333886195116
-14.908860841455180831999116464756647098386374342515113872743110543519333212013581882013338808382458456791183435302752723707213643
14.908860841455180831999116464756647098386374342515113872743110543519333212013581882013338808382458456791183435302752723707213643
-15.362565713640512990706202530719507526039094802735390023605002390247308975248320506809931725652762547235049076093105454446549331
15.362565713640512990706202530719507526039094802735390023605002390247308975248320506809931725652762547235049076093105454446549331
-15.913261603942481343222120538417542592040331804945508352727628969350370079382778243432160365382658505334271584694046366797335653
15.913261603942481343222120538417542592040331804945508352727628969350370079382778243432160365382658505334271584694046366797335653