0
-0.28329399584293825691367619796343551152443545363397612200832494102500033637903174175408581678990935686114867684243314146356784457
0.28329399584293825691367619796343551152443545363397612200832494102500033637903174175408581678990935686114867684243314146356784457
-0.56677314117022046542412500358313238996310072014344239655451842403783980726459559457888037998934411874783626158670037153671326362
0.56677314117022046542412500358313238996310072014344239655451842403783980726459559457888037998934411874783626158670037153671326362
-0.85062416477081462473343119976637855037494367307595033820900802320415994357081870033870150406747178119217526967644034400761927506
0.85062416477081462473343119976637855037494367307595033820900802320415994357081870033870150406747178119217526967644034400761927506
-1.1350369935815598924632138970642052647745501337817218675360083475900386886076917367219819894898097278383129842647696710351368288
1.1350369935815598924632138970642052647745501337817218675360083475900386886076917367219819894898097278383129842647696710351368288
-1.4202064526026657480643213488832217643832876317075907717422939518435491681679019617542730634487876203380971116893130912888470937
1.4202064526026657480643213488832217643832876317075907717422939518435491681679019617542730634487876203380971116893130912888470937
-1.7063340915790623930989878063515629902614910050065152382885252649032989596646360228242842970274830098149817556145434167905981241
1.7063340915790623930989878063515629902614910050065152382885252649032989596646360228242842970274830098149817556145434167905981241
-1.9936301908281087054056003857389290743408847943109951959957972647945132008537169980122938307787893613439955017864751264275550465
1.9936301908281087054056003857389290743408847943109951959957972647945132008537169980122938307787893613439955017864751264275550465
-2.2823160084101850485923931354295057597078213470754685569841788290097004965286573529077917334045628894810667289630352819397324777
2.2823160084101850485923931354295057597078213470754685569841788290097004965286573529077917334045628894810667289630352819397324777
-2.5726263447097192687727494165469093992962868440823299870607841326303039091331311764547544220265316484000451170310404698776851629
2.5726263447097192687727494165469093992962868440823299870607841326303039091331311764547544220265316484000451170310404698776851629
-2.8648125198053047142036115860859280725426492356112369237262660538005487311636471272194835589516829509028270745019593281550368913
2.8648125198053047142036115860859280725426492356112369237262660538005487311636471272194835589516829509028270745019593281550368913
-3.1591458858192855896015803699625202679294617174860953300826700581207605812377716511471970314619491667957160431530110732187939638
3.1591458858192855896015803699625202679294617174860953300826700581207605812377716511471970314619491667957160431530110732187939638
-3.4559220338316390817809551856148230978573438146364231557377768759086157104555785446400656788739587809804574275623858656611197255
3.4559220338316390817809551856148230978573438146364231557377768759086157104555785446400656788739587809804574275623858656611197255
-3.7554659075853780481017797879341432926374663038165307312808133652544054934599940168556233039153875916842950841203586897694745049
3.7554659075853780481017797879341432926374663038165307312808133652544054934599940168556233039153875916842950841203586897694745049
-4.0581381112767337185309974984090780600898881806805934603634805914437857051404166217530546219117025281292281676092077161495080591
4.0581381112767337185309974984090780600898881806805934603634805914437857051404166217530546219117025281292281676092077161495080591
-4.364342807465423211707009983684499910013007006828674115688679551052698900800560393828963386786047257645909205541398067145475705
4.364342807465423211707009983684499910013007006828674115688679551052698900800560393828963386786047257645909205541398067145475705
-4.6745377615999188765809840559920759954034336491733505420652412831692471804263940824900384985757165148765298632882015422215334545
4.6745377615999188765809840559920759954034336491733505420652412831692471804263940824900384985757165148765298632882015422215334545
-4.9892473314939936226617004494512869426001260695933928683029282663051045501268604309972077032959828188908366265526933217203230152
4.9892473314939936226617004494512869426001260695933928683029282663051045501268604309972077032959828188908366265526933217203230152
-5.3090795734924509512074172086293171864745846266197131733644512290202198453813264509546450183085355035441999575293253197903289438
5.3090795734924509512074172086293171864745846266197131733644512290202198453813264509546450183085355035441999575293253197903289438
-5.6347492296736760808908398419618304679011323337886819039981524136886438514646168226951770228734562971450600871495420562095266095
5.6347492296736760808908398419618304679011323337886819039981524136886438514646168226951770228734562971450600871495420562095266095
-5.9671093310413951705981647401871456701853711196376428078813122220011889807383497888351828951120222763982669198603222951799925047
5.9671093310413951705981647401871456701853711196376428078813122220011889807383497888351828951120222763982669198603222951799925047
-6.3071958002194259880261042089923169879837528559671173101141235534629059730975546136482993266714027427594082677952651102778353416
6.3071958002194259880261042089923169879837528559671173101141235534629059730975546136482993266714027427594082677952651102778353416
-6.6562923584988732880090470105073153835076632516970483860182338811297566598916489741327276682392983668397968661241168316536577487
6.6562923584988732880090470105073153835076632516970483860182338811297566598916489741327276682392983668397968661241168316536577487
-7.0160284848388694043111235964189759021625175298179719204056638030189934380564667389121427929407986299886269566258485185066205373
7.0160284848388694043111235964189759021625175298179719204056638030189934380564667389121427929407986299886269566258485185066205373
-7.3885339440499835310613883489252003307353097211179122729250404451856522561669050651281256302486525712033464425637727372421134906
7.3885339440499835310613883489252003307353097211179122729250404451856522561669050651281256302486525712033464425637727372421134906
-7.7766963448476243543638401017375266970585222140533741648212883002822959313232552441218036973231873906907022456805818611596188765
7.7766963448476243543638401017375266970585222140533741648212883002822959313232552441218036973231873906907022456805818611596188765
-8.1846218361099518091254115006508049232400866822530165513115436589396107329447085402213742723752399986633819604518578003669194717
8.1846218361099518091254115006508049232400866822530165513115436589396107329447085402213742723752399986633819604518578003669194717
-8.6185407332142506273481635608517345541365437841977093832032658236356943593307001133781335459567911582643409821049405555150769126
8.6185407332142506273481635608517345541365437841977093832032658236356943593307001133781335459567911582643409821049405555150769126
-9.0888424760573392157957523258747478471389440617743639107200684941015179314111939574912448907681678618581542430315390210781778701
9.0888424760573392157957523258747478471389440617743639107200684941015179314111939574912448907681678618581542430315390210781778701
-9.6157041046875608106045487609081816253274193362012589568875123809286290420328959232011063520339868516728489199149700452240556421
9.6157041046875608106045487609081816253274193362012589568875123809286290420328959232011063520339868516728489199149700452240556421
-10.25201164919614491064132793913368988499799433332163454871243382482642756071180885765818083824437657106497907451305087236080583
10.25201164919614491064132793913368988499799433332163454871243382482642756071180885765818083824437657106497907451305087236080583