-0.073159334095085944504324536635407141373275842674109573618491720595783701602224803178386840970475680123002940666296043788797075035
0.073159334095085944504324536635407141373275842674109573618491720595783701602224803178386840970475680123002940666296043788797075035
-0.21948140005507405870504605830014994421991087342940009159969342755748461452553429726077375942442323307382517843273898535828340178
0.21948140005507405870504605830014994421991087342940009159969342755748461452553429726077375942442323307382517843273898535828340178
-0.36581366137638401950303455975809850390651148398712576745042573462536892827127235264741891932829714206013390210672096830775308168
0.36581366137638401950303455975809850390651148398712576745042573462536892827127235264741891932829714206013390210672096830775308168
-0.51216292180975690554847948848199751413445845076069241037284936436840618177175036025360078291834947646943534121435241281943331052
0.51216292180975690554847948848199751413445845076069241037284936436840618177175036025360078291834947646943534121435241281943331052
-0.6585359953833921145699209682919401083234468790561401195042300879753039949747034843727920360833776224114259255902776594656978744
0.6585359953833921145699209682919401083234468790561401195042300879753039949747034843727920360833776224114259255902776594656978744
-0.80493971053931373651254328372517631311495291516728949231705109359593201921166210386232976933347448112125459371475847361464637142
0.80493971053931373651254328372517631311495291516728949231705109359593201921166210386232976933347448112125459371475847361464637142
-0.95138091429522746504371871412971747613092651366512866939138579792288726623605366535324972937508729749556936890446377107640910574
0.95138091429522746504371871412971747613092651366512866939138579792288726623605366535324972937508729749556936890446377107640910574
-1.0978664764393053316722191402779923081979472228756480562516014673705075489357339397577517113619147235420497038504144311859598064
1.0978664764393053316722191402779923081979472228756480562516014673705075489357339397577517113619147235420497038504144311859598064
-1.2444032937654525046412660956587266066229971633642861702139236266777451242651245274465474431131770805521128412042354742195374732
1.2444032937654525046412660956587266066229971633642861702139236266777451242651245274465474431131770805521128412042354742195374732
-1.3909982943567547492820538272716760819787571607214433005846838232834799995717937247992823694144068348287860595461750007930340263
1.3909982943567547492820538272716760819787571607214433005846838232834799995717937247992823694144068348287860595461750007930340263
-1.5376584419249777607510677773189185765933518882233015293103248419925657942184602612916791741398337383450571366027780480793452786
1.5376584419249777607510677773189185765933518882233015293103248419925657942184602612916791741398337383450571366027780480793452786
-1.6843907402141914921227647909249680684674708332821410439503104569850904615933054816572168933683748767277359603739448047167869344
1.6843907402141914921227647909249680684674708332821410439503104569850904615933054816572168933683748767277359603739448047167869344
-1.8312022374768250332081647608237457918764342605309918582546937213572876101077989655343552194073521293753463747392854524803730609
1.8312022374768250332081647608237457918764342605309918582546937213572876101077989655343552194073521293753463747392854524803730609
-1.9781000310307219663962444301543813879590105431782664228637829296067228266492288490675661231144648290211428737192737103070021091
1.9781000310307219663962444301543813879590105431782664228637829296067228266492288490675661231144648290211428737192737103070021091
-2.1250912719060640621927450649611933694379208818824992994117403754039970430423996948867753888473301058484409473847937416788910854
2.1250912719060640621927450649611933694379208818824992994117403754039970430423996948867753888473301058484409473847937416788910854
-2.272183169591364529823192410402281109559450949426347904901265452908159400169229552589639574695876177642661767295812579766275485
2.272183169591364529823192410402281109559450949426347904901265452908159400169229552589639574695876177642661767295812579766275485
-2.419382996888102899549859416762497646418794321513286431573455969194982994546655587991867980683058925583600675967118374122398217
2.419382996888102899549859416762497646418794321513286431573455969194982994546655587991867980683058925583600675967118374122398217
-2.5666980948839843369059914117384287542416585792408446291573590414318974018339101422945970129955646425869152683473805557634174638
2.5666980948839843369059914117384287542416585792408446291573590414318974018339101422945970129955646425869152683473805557634174638
-2.7141358780552594127362601716930023310240090071161445677003233934537027875486981916043198311809344505390261842846838231013576144
2.7141358780552594127362601716930023310240090071161445677003233934537027875486981916043198311809344505390261842846838231013576144
-2.861703839509039024671633205032870063821268334431687703170188074457781255431905294248232272939908578512430186437539812766635392
2.861703839509039024671633205032870063821268334431687703170188074457781255431905294248232272939908578512430186437539812766635392
-3.0094095563770865727820843331769485422406562519949137456057194099750015620262955345734370465131024384027721297268041623689490493
3.0094095563770865727820843331769485422406562519949137456057194099750015620262955345734370465131024384027721297268041623689490493
-3.1572606953731692945845382474468037566407070721751268420966475129974259626716162166024847882184546508160612050825340999818426203
3.1572606953731692945845382474468037566407070721751268420966475129974259626716162166024847882184546508160612050825340999818426203
-3.305265018526706932476173790055012354139495106463634256100237287903098348550244202789768221135745565477755091412275646805361537
3.305265018526706932476173790055012354139495106463634256100237287903098348550244202789768221135745565477755091412275646805361537
-3.4534303891061731628384111299596388893590820618487548341053371428428565477967889353118907929963510257055074537224335826179923259
3.4534303891061731628384111299596388893590820618487548341053371428428565477967889353118907929963510257055074537224335826179923259
-3.6017647777464884840523351915918041106236150326756044098080348103893635748826812031019360041150256223466546874571999971008364552
3.6017647777464884840523351915918041106236150326756044098080348103893635748826812031019360041150256223466546874571999971008364552
-3.7502762687954981190391962405715577831480389416262711190011140459358966082159563066692219088383150762829718336894773726793272626
3.7502762687954981190391962405715577831480389416262711190011140459358966082159563066692219088383150762829718336894773726793272626
-3.8989730668955611316894163125275321680055104815925758660129339768796668644638503975994957431246188871091904572487946829913175337
3.8989730668955611316894163125275321680055104815925758660129339768796668644638503975994957431246188871091904572487946829913175337
-4.0478635038172942666232616814708081458117553701224848765017424142999255453140654160498609419351563914904372091369110051290697291
4.0478635038172942666232616814708081458117553701224848765017424142999255453140654160498609419351563914904372091369110051290697291
-4.1969560455636236437641393130570193874368769691450702444330168546428823073513638880079814520517337923310310990610026367567184863
4.1969560455636236437641393130570193874368769691450702444330168546428823073513638880079814520517337923310310990610026367567184863
-4.3462592997635078727321564277232665412581309412814558789290087808041667547820821760154873935954684133773490604435092655228400715
4.3462592997635078727321564277232665412581309412814558789290087808041667547820821760154873935954684133773490604435092655228400715
-4.4957820233760168517482909996509759164285838820011506321898665409834208172120921343992990660994951387176124708230604872000351995
4.4957820233760168517482909996509759164285838820011506321898665409834208172120921343992990660994951387176124708230604872000351995
-4.6455331307268920063594482047627843780316525193973373389856390668527242285582677301907041561343901678612701824071234964072293184
4.6455331307268920063594482047627843780316525193973373389856390668527242285582677301907041561343901678612701824071234964072293184
-4.7955217019012877304858878189349319338370262534101401447920955011354884937498684490803821899503000553503058013250237323941768933
4.7955217019012877304858878189349319338370262534101401447920955011354884937498684490803821899503000553503058013250237323941768933
-4.9457569915181133913861690151965057604482613024864659310363554618278104453174877426235476998255190927999927308400214515783743297
4.9457569915181133913861690151965057604482613024864659310363554618278104453174877426235476998255190927999927308400214515783743297
-5.0962484379132750458377975051595384286244150313971744015611210788085352498728535479448808647837188298737505872317130557116167136
5.0962484379132750458377975051595384286244150313971744015611210788085352498728535479448808647837188298737505872317130557116167136
-5.247005672761172294922061197489055371055784951173873554420962450182676645763045023602502474755652375221472649083092924859015126
5.247005672761172294922061197489055371055784951173873554420962450182676645763045023602502474755652375221472649083092924859015126
-5.3980385311660567215565395794499784480464042699885391967034288018146856994397961800701989157450866522189373062924259292235474638
5.3980385311660567215565395794499784480464042699885391967034288018146856994397961800701989157450866522189373062924259292235474638
-5.5493570622573245386265126572516502851768827539116380201264797819457632148012786947346871262285303877047370548715341759938668268
5.5493570622573245386265126572516502851768827539116380201264797819457632148012786947346871262285303877047370548715341759938668268
-5.7009715403255203352173397684184319684743300541415934572890127437819191213871372744252555606253214790555619937680522637960089665
5.7009715403255203352173397684184319684743300541415934572890127437819191213871372744252555606253214790555619937680522637960089665
-5.852892476538796865596419766407157709960376482991136769358063675302054852400232167796356404382929939989752762614101947539504961
5.852892476538796865596419766407157709960376482991136769358063675302054852400232167796356404382929939989752762614101947539504961
-6.0051306312828365984242119276671691877109723787729869406221101305761908090524380587973995630068486488927185822578783645803212314
6.0051306312828365984242119276671691877109723787729869406221101305761908090524380587973995630068486488927185822578783645803212314
-6.1576970271708267896086977704867269600138195088291003735992957740956170439504364945656760266084631694728226047330073775281512265
6.1576970271708267896086977704867269600138195088291003735992957740956170439504364945656760266084631694728226047330073775281512265
-6.3106029627740278688385999056160131316722947294865195524132135787822429884498598910063427118952062064602103883464785601386518998
6.3106029627740278688385999056160131316722947294865195524132135787822429884498598910063427118952062064602103883464785601386518998
-6.4638600271278263857698788793360511672992125857234244803361871056437462482059912863929751749658218206506913887634451032365981794
6.4638600271278263857698788793360511672992125857234244803361871056437462482059912863929751749658218206506913887634451032365981794
-6.6174801150729655214126241976166914068668152053348489670802354417710519507013848605197754555430742882566814040245672143062573227
6.6174801150729655214126241976166914068668152053348489670802354417710519507013848605197754555430742882566814040245672143062573227
-6.7714754434969513282428725256271063559552324342151636496302850898461445321459657537736607835261969712436043294365810447784828786
6.7714754434969513282428725256271063559552324342151636496302850898461445321459657537736607835261969712436043294365810447784828786
-6.9258585685465016586299055335242677349052947261596856837991101460132974402856384006379315577901318470068041079411407923444236675
6.9258585685465016586299055335242677349052947261596856837991101460132974402856384006379315577901318470068041079411407923444236675
-7.0806424038884056374047677142910116770060520653246940195998540537230374859920052571147276732428234867398451719698989917396200655
7.0806424038884056374047677142910116770060520653246940195998540537230374859920052571147276732428234867398451719698989917396200655
-7.2358402401033724737475695907790771057312848090373908925924682594655226666551994875967272553229069753201792246466651608060881009
7.2358402401033724737475695907790771057312848090373908925924682594655226666551994875967272553229069753201792246466651608060881009
-7.3914657653054582868723407781735903553225739271844108832612221841285635500578790242571750217631506660721388576988038197860378877
7.3914657653054582868723407781735903553225739271844108832612221841285635500578790242571750217631506660721388576988038197860378877
-7.5475330870885700179175635641678605750161855266300235688151178271229272087987329805267657160027507827641800678706597286465900015
7.5475330870885700179175635641678605750161855266300235688151178271229272087987329805267657160027507827641800678706597286465900015
-7.7040567559114727091797093502975563481436432993877083491915522084498492714176051813694440454693583261879427873002090582661200591
7.7040567559114727091797093502975563481436432993877083491915522084498492714176051813694440454693583261879427873002090582661200591
-7.8610517900438038513306929197303366362000448995159097790085800008674576879087509596685850733672263017728218942218540988187463493
7.8610517900438038513306929197303366362000448995159097790085800008674576879087509596685850733672263017728218942218540988187463493
-8.0185337022079794658461269655839283196174080587756443046804034383328879641544598615493629529369564684939432836025912422653944654
8.0185337022079794658461269655839283196174080587756443046804034383328879641544598615493629529369564684939432836025912422653944654
-8.1765185280657377260001867299411893907756445903018818641621873308570378880415935538425905065638376368889765924396483683696146996
8.1765185280657377260001867299411893907756445903018818641621873308570378880415935538425905065638376368889765924396483683696146996
-8.3350228567136111114291378199499843675489381029361121067279552507309205699107783245454139752684017749108066531570725420892085925
8.3350228567136111114291378199499843675489381029361121067279552507309205699107783245454139752684017749108066531570725420892085925
-8.4940638633690832228787285247211197921106708183437103337153411377779865248901792261936192517485152641721288622184562387158072004
8.4940638633690832228787285247211197921106708183437103337153411377779865248901792261936192517485152641721288622184562387158072004
-8.6536593444488449905115856067417667830596950458363555903390786953875280176795880796519342770557597191172799599685777800689422737
8.6536593444488449905115856067417667830596950458363555903390786953875280176795880796519342770557597191172799599685777800689422737
-8.8138277552627350432376575343644965254738740494244397184376857678486957612839243436971043735660986940866257185235733882249886115
8.8138277552627350432376575343644965254738740494244397184376857678486957612839243436971043735660986940866257185235733882249886115
-8.9745882505720009605199481599292698769996381381800767127837645128341004681844022337968528483223967031801107063664653358703039592
8.9745882505720009605199481599292698769996381381800767127837645128341004681844022337968528483223967031801107063664653358703039592
-9.1359607282888848170252862372433179185046099400754997126514680410090999449204964128658836798647502203349708344278422504513851049
9.1359607282888848170252862372433179185046099400754997126514680410090999449204964128658836798647502203349708344278422504513851049
-9.2979658766267248077710959224834912787343139223737781851090480212261158347889887370535703838269124245735750083179260225951306209
9.2979658766267248077710959224834912787343139223737781851090480212261158347889887370535703838269124245735750083179260225951306209
-9.4606252250463702175244454054551286021851671983375823628872670013820912943691449701365681895259261279398491599955773196145671495
9.4606252250463702175244454054551286021851671983375823628872670013820912943691449701365681895259261279398491599955773196145671495
-9.6239611993864308496471682528265590330284960517554814587811848780937673979664235202196935019566073332048257667561336494245529125
9.6239611993864308496471682528265590330284960517554814587811848780937673979664235202196935019566073332048257667561336494245529125
-9.7879971816125526381978220771513439428947868449868894047964917191165512839638270304755419005157976567942654394655503686872291303
9.7879971816125526381978220771513439428947868449868894047964917191165512839638270304755419005157976567942654394655503686872291303
-9.9527575746755100247688369119508802740825698693112363480729654827115511675183512483125139438586218973761109771524724015985005749
9.9527575746755100247688369119508802740825698693112363480729654827115511675183512483125139438586218973761109771524724015985005749
-10.118267873030599347130683434559390497589826141188049953270457977241402171997858899034415269992780269739261590766838867599342014
10.118267873030599347130683434559390497589826141188049953270457977241402171997858899034415269992780269739261590766838867599342014
-10.284554739442997008479796814544302983227745651224136967609705123600104164647915974191193455520115856019019219884518602810442445
10.284554739442997008479796814544302983227745651224136967609705123600104164647915974191193455520115856019019219884518602810442445
-10.451646088787075936716026441221292274300785964521277300905540731199600676559817874425666376980885779392550037939823193426211705
10.451646088787075936716026441221292274300785964521277300905540731199600676559817874425666376980885779392550037939823193426211705
-10.61957117964415220105819049635861880405146775689399899590157527226086539445926467426077977726756859715137695610425416300195805
10.61957117964415220105819049635861880405146775689399899590157527226086539445926467426077977726756859715137695610425416300195805
-10.78836071461516890214234449625075852576221606819948845890535278939526547311389775587749392335387636992613417320537027937606675
10.78836071461516890214234449625075852576221606819948845890535278939526547311389775587749392335387636992613417320537027937606675
-10.95804695039532988727537388573706776935098937022319702929674511194200783625649585629334762861670068366052613629446457578971716
10.95804695039532988727537388573706776935098937022319702929674511194200783625649585629334762861670068366052613629446457578971716
-11.12866381881020970726868601920821306903132528466356702699108962518334599183861963975825341722458111001552479650217998331468559
11.12866381881020970726868601920821306903132528466356702699108962518334599183861963975825341722458111001552479650217998331468559
-11.300247060191703603965311538307433678515378413475124086356141589371845786989065336813885219227789067004672130019834155074652947
11.300247060191703603965311538307433678515378413475124086356141589371845786989065336813885219227789067004672130019834155074652947
-11.472834370682627461187928478461499524509312060439317554845150275037418658439379239969163191495492663397585390617362473614420772
11.472834370682627461187928478461499524509312060439317554845150275037418658439379239969163191495492663397585390617362473614420772
-11.64646556530733543814033267491011897309739947010589351828526065680239524682264147132161052766986516750930912448448608994590346
11.64646556530733543814033267491011897309739947010589351828526065680239524682264147132161052766986516750930912448448608994590346
-11.821182758940431288714995838341087372880562329791234466570899810808404338658714955717194567292791666251993525003670661556720758
11.821182758940431288714995838341087372880562329791234466570899810808404338658714955717194567292791666251993525003670661556720758
-11.997030567656495030782579603554610871141366939009555710134893899407296927362862432797585382794556449174952448266375790785205559
11.997030567656495030782579603554610871141366939009555710134893899407296927362862432797585382794556449174952448266375790785205559
-12.174056333363201054173741621960405734890066676186565988436892425017299101094910908277433078216221674240100925912135539433645379
12.174056333363201054173741621960405734890066676186565988436892425017299101094910908277433078216221674240100925912135539433645379
-12.352310375123925798184702437274939226894285889759890958634210915448084085739362788610949310312334295697445673158947253364712313
12.352310375123925798184702437274939226894285889759890958634210915448084085739362788610949310312334295697445673158947253364712313
-12.53184627118370632420120814879274986678659255078246226328631952375225526262756860041940588302878482628713645714254895593091178
12.53184627118370632420120814879274986678659255078246226328631952375225526262756860041940588302878482628713645714254895593091178
-12.712721176449335257537895737056085141160847650413206474979201724547895132246862343997100405761912359834232973967475909630655604
12.712721176449335257537895737056085141160847650413206474979201724547895132246862343997100405761912359834232973967475909630655604
-12.894996181072576660285076027399454257162220126213384301092094442425423826712189757739052989792303364454516795716031578913956916
12.894996181072576660285076027399454257162220126213384301092094442425423826712189757739052989792303364454516795716031578913956916
-13.078736716886291708055778583044065428517813731998365134769286777587791259224267025349795940487397987134946134349777604567223866
13.078736716886291708055778583044065428517813731998365134769286777587791259224267025349795940487397987134946134349777604567223866
-13.264013019800240094986138826329649180052534995243415746607207660660043636812973436865694702568502537894351554077774378104361358
13.264013019800240094986138826329649180052534995243415746607207660660043636812973436865694702568502537894351554077774378104361358
-13.450900657946420118416314645399604039683368572944873587616569020504608669549825447631559127987068414661295631990751861221327661
13.450900657946420118416314645399604039683368572944873587616569020504608669549825447631559127987068414661295631990751861221327661
-13.639481137465086854009903851257080860401413233964413503125606418175049041227803427857371435782167526708183460774121210038238059
13.639481137465086854009903851257080860401413233964413503125606418175049041227803427857371435782167526708183460774121210038238059
-13.829842600464225348010387755779269606951443079769913236835497453889632345341080831834553268509472664693387673039673943158153373
13.829842600464225348010387755779269606951443079769913236835497453889632345341080831834553268509472664693387673039673943158153373
-14.022080633030865911005344791354232881260188367326908840168740071693666406471463324183332577024212698352015994894353060640327205
14.022080633030865911005344791354232881260188367326908840168740071693666406471463324183332577024212698352015994894353060640327205
-14.216299205443391894917348134377216689100172389755570341456232244150309149728026660414300884191529429246526124810496157595526389
14.216299205443391894917348134377216689100172389755570341456232244150309149728026660414300884191529429246526124810496157595526389
-14.412611772231960541161273024418570814644516124849050370712366269840387940481533142024727133486681870525928418734574978146855284
14.412611772231960541161273024418570814644516124849050370712366269840387940481533142024727133486681870525928418734574978146855284
-14.611142566876334714777345730648856186500647382835647307103813642386018640966629661947175694709703482961456059552925940504389464
14.611142566876334714777345730648856186500647382835647307103813642386018640966629661947175694709703482961456059552925940504389464
-14.812028135299241482091455657984479673505196272554111179616689924439108692748283881652977293044391378650847791613462890907706362
14.812028135299241482091455657984479673505196272554111179616689924439108692748283881652977293044391378650847791613462890907706362
-15.015419164732589849219370868924783455200701686511216378085830850176568272714769564922408857896416882466533260740225980367109118
15.015419164732589849219370868924783455200701686511216378085830850176568272714769564922408857896416882466533260740225980367109118
-15.221482681184423025584063873853840796039454025994306684867400414472533156346326108124554330990445651382613160229689417602873099
15.221482681184423025584063873853840796039454025994306684867400414472533156346326108124554330990445651382613160229689417602873099
-15.430404711334269519361895446843531230176522873391533844099145099327866114675196992140214820702829579288403793430485553033956876
15.430404711334269519361895446843531230176522873391533844099145099327866114675196992140214820702829579288403793430485553033956876
-15.642393535772710482245532748680688689126178946626640646971664161594817928685770775060031750878983914383328839605986652784348674
15.642393535772710482245532748680688689126178946626640646971664161594817928685770775060031750878983914383328839605986652784348674
-15.857683703895930631721596000771039827346740444934059993660153386337949613762865122283109474612279748923838799143543385173092547
15.857683703895930631721596000771039827346740444934059993660153386337949613762865122283109474612279748923838799143543385173092547
-16.076541042319971971879341743979966890960231051094907606776462622377948513593027537927223160295356388388088248148168892007784783
16.076541042319971971879341743979966890960231051094907606776462622377948513593027537927223160295356388388088248148168892007784783
-16.299268977550432145919462463953091706418653947014403532331362854717645091436584352270286107522055321180333922061747954712074157
16.299268977550432145919462463953091706418653947014403532331362854717645091436584352270286107522055321180333922061747954712074157
-16.526216624496601524078274862324908298917050280870285676703448797001067390894833314360166736351347723272080448191210953258041407
16.526216624496601524078274862324908298917050280870285676703448797001067390894833314360166736351347723272080448191210953258041407
-16.757789289346784991834198979220432540410578363733359652023263879809597191214332547924638827528241555135064824089610968586223868
16.757789289346784991834198979220432540410578363733359652023263879809597191214332547924638827528241555135064824089610968586223868
-16.994462339051216465825325132692303872072068875820181525595761370478013883968669018011601182654193191734225645630727337877033812
16.994462339051216465825325132692303872072068875820181525595761370478013883968669018011601182654193191734225645630727337877033812
-17.23679987129182038030125102242743242092064900342463092334810448611254876866031298302867078667625125510655153255873231245699974
17.23679987129182038030125102242743242092064900342463092334810448611254876866031298302867078667625125510655153255873231245699974
-17.485480407101389450243195757736021522444736342298929028153788348318025269507133128003146054907891507101017349155566385685728604
17.485480407101389450243195757736021522444736342298929028153788348318025269507133128003146054907891507101017349155566385685728604
-17.741333166327442662685448291543858145733616385460446220005366874542039809170119134508329439408202005693438272082579013633974308
17.741333166327442662685448291543858145733616385460446220005366874542039809170119134508329439408202005693438272082579013633974308
-18.005390855749938321025239842129630357947333069071419909864499141524791265789589039838572842666789430972684345616044684518713439
18.005390855749938321025239842129630357947333069071419909864499141524791265789589039838572842666789430972684345616044684518713439
-18.278969311832638761157394845285398495263771478405793599791976956096972122234899099494820112847771794601193258965907959736167953
18.278969311832638761157394845285398495263771478405793599791976956096972122234899099494820112847771794601193258965907959736167953
-18.563793065164802991583530999798246279035863489293649210352227134047531094017074157115590493146195805375144807523469178445705904
18.563793065164802991583530999798246279035863489293649210352227134047531094017074157115590493146195805375144807523469178445705904
-18.862204469785241519966516735902503063404536777499747336810308867529362630775360043189507564462014846129729721226310537750079507
18.862204469785241519966516735902503063404536777499747336810308867529362630775360043189507564462014846129729721226310537750079507
-19.177537448122168549336120257064232762070087201843122915409687577404861633134649017234177667080833908183223212628437408025426379
19.177537448122168549336120257064232762070087201843122915409687577404861633134649017234177667080833908183223212628437408025426379
-19.514851463884756011401035908112047388009541714663740624705731468463607267058311173843169468875181277085493368669075281773458176
19.514851463884756011401035908112047388009541714663740624705731468463607267058311173843169468875181277085493368669075281773458176
-19.882578961522544383665499667013437950781187503778743814351569148103589153115793868239408342654784759793188197527238859988812394
19.882578961522544383665499667013437950781187503778743814351569148103589153115793868239408342654784759793188197527238859988812394
-20.297076465591062760373070465441743849015337690187244229377507559067044336393950973009241339892746471317856286754239645423976046
20.297076465591062760373070465441743849015337690187244229377507559067044336393950973009241339892746471317856286754239645423976046
-20.801133001548891361264132433162005112455204886807205701597229032557303973389275290463714019631648609650220323368944040681077224
20.801133001548891361264132433162005112455204886807205701597229032557303973389275290463714019631648609650220323368944040681077224