0
-0.27879538567115223986687628627201643310144236609798045363082692611045425816750019178247231470132808998902845058297989427647066096
0.27879538567115223986687628627201643310144236609798045363082692611045425816750019178247231470132808998902845058297989427647066096
-0.55776166427908221668763665253821548061911514424889703563624631465581632979520834001297222548327758629651261360879809911396724083
0.55776166427908221668763665253821548061911514424889703563624631465581632979520834001297222548327758629651261360879809911396724083
-0.83707109558947615977737795461293130359478409310090710081874650124670476568891905160545986355847023952682276784745836046226183011
0.83707109558947615977737795461293130359478409310090710081874650124670476568891905160545986355847023952682276784745836046226183011
-1.1168987050996462690510970277839582578953057037674950176220913162717890112081204285334908629423962962822938973166503576005296587
1.1168987050996462690510970277839582578953057037674950176220913162717890112081204285334908629423962962822938973166503576005296587
-1.3974237486049625107570752063701698324904775745953563662593927163055559382490647613924140472150468302086684636667140215679142584
1.3974237486049625107570752063701698324904775745953563662593927163055559382490647613924140472150468302086684636667140215679142584
-1.6788312791720137520802800622638368448999926784363457075682042279732313816816685203607669979956646881837606118419053008833141576
1.6788312791720137520802800622638368448999926784363457075682042279732313816816685203607669979956646881837606118419053008833141576
-1.9613138583081485293922008411321290039204885402148899628390911222156765951260237557670032810034370542217460463535438568910673943
1.9613138583081485293922008411321290039204885402148899628390911222156765951260237557670032810034370542217460463535438568910673943
-2.2450734604812066298995918179329538318117575936561316827186954649648641099194697017635457324698615468126553073173292656040188063
2.2450734604812066298995918179329538318117575936561316827186954649648641099194697017635457324698615468126553073173292656040188063
-2.5303236304712010926855221718499185184914598880031160940126908338546197524165510034505584764250290499817475054214551398146501635
2.5303236304712010926855221718499185184914598880031160940126908338546197524165510034505584764250290499817475054214551398146501635
-2.8172919672837977750747135657354513613131890107694967273506875592710360397886461665379736787903100215828027317994438071303360742
2.8172919672837977750747135657354513613131890107694967273506875592710360397886461665379736787903100215828027317994438071303360742
-3.106223027928256632913861674603630747465393839087936483196210231997551713161865563579599365252050134770219292005713828263388192
3.106223027928256632913861674603630747465393839087936483196210231997551713161865563579599365252050134770219292005713828263388192
-3.3973817713303911852755941806287076122552468325408890151827623649602813666243178335862088090687742386776840399502010648486218817
3.3973817713303911852755941806287076122552468325408890151827623649602813666243178335862088090687742386776840399502010648486218817
-3.6910577000963465117322810559754088960976669855413892261067994454331987293295868819019825090773397568610778353297034924410870649
3.6910577000963465117322810559754088960976669855413892261067994454331987293295868819019825090773397568610778353297034924410870649
-3.9875699104197157485227052068068217297582370922994816318788549154222634527103454010082077927764151061607185787046837967198449449
3.9875699104197157485227052068068217297582370922994816318788549154222634527103454010082077927764151061607185787046837967198449449
-4.2872733352824404031727616199453756431055307175679109695532826475711921721135859828725964876660287514627377700903890132071708214
4.2872733352824404031727616199453756431055307175679109695532826475711921721135859828725964876660287514627377700903890132071708214
-4.5905665744435190229271294569091371783790024323492410861759357409803775126226698804748365894318562172789729808161919842904885636
4.5905665744435190229271294569091371783790024323492410861759357409803775126226698804748365894318562172789729808161919842904885636
-4.8979018644975742350745099214868435821955529831845551316290306063786339486180091821683426021766219536437266305060408655887171342
4.8979018644975742350745099214868435821955529831845551316290306063786339486180091821683426021766219536437266305060408655887171342
-5.2097979830408354861575136416262637511981001730329306018491029672248453247152317765747747515402938225749520752545235502596806016
5.2097979830408354861575136416262637511981001730329306018491029672248453247152317765747747515402938225749520752545235502596806016
-5.5268572526403031425047575122839628752101242335934641464910927719819035576131331686757356595619822532168513202381633886026736274
5.5268572526403031425047575122839628752101242335934641464910927719819035576131331686757356595619822532168513202381633886026736274
-5.8497884000810673462526582961481798075067105300919912788404889163834232723590017775559340599156352193680848463098351493433491743
5.8497884000810673462526582961481798075067105300919912788404889163834232723590017775559340599156352193680848463098351493433491743
-6.1794379922705969862418461787262825201129860919635336521279193107471552120276338701625663967502072548883163498437626291759637905
6.1794379922705969862418461787262825201129860919635336521279193107471552120276338701625663967502072548883163498437626291759637905
-6.5168348106821160605273395854042057022364930074627114030029050437959984362362035626902720356736560837196765259133900947927967196
6.5168348106821160605273395854042057022364930074627114030029050437959984362362035626902720356736560837196765259133900947927967196
-6.8632544331795368527353285876065683928790457764429327977175261895706342404666657739411337714281308168527643250613394855473367464
6.8632544331795368527353285876065683928790457764429327977175261895706342404666657739411337714281308168527643250613394855473367464
-7.2203167078889678461161324222529357196213999998306858937249969852917305628404384334905078139752208690218902321422997793541151126
7.2203167078889678461161324222529357196213999998306858937249969852917305628404384334905078139752208690218902321422997793541151126
-7.590139519864106676247978319446824342087569412292652424262606901691256928427290402303346665914535504220686918717355892729419833
7.590139519864106676247978319446824342087569412292652424262606901691256928427290402303346665914535504220686918717355892729419833
-7.9755950801420373181541806298500951701192434180248807719050808551241504137590569803240149286582967587978246022202390381278743047
7.9755950801420373181541806298500951701192434180248807719050808551241504137590569803240149286582967587978246022202390381278743047
-8.3807683451863219343010651043787608532977152347702575229250713555666528209869306774796753241543636032950029037787686638357259202
8.3807683451863219343010651043787608532977152347702575229250713555666528209869306774796753241543636032950029037787686638357259202
-8.8118581437284546442526628275570214801791640813865354980810929056819717301596176174281628368071651756665958830276252020337236552
8.8118581437284546442526628275570214801791640813865354980810929056819717301596176174281628368071651756665958830276252020337236552
-9.2792019543050391319404745506495502293680020473363772262624581963515999386697863079501043835359393211169857374245181557091565699
9.2792019543050391319404745506495502293680020473363772262624581963515999386697863079501043835359393211169857374245181557091565699
-9.8028759912974963635223935286507015418417635699756951594894390953871573217220723465188547590583643836751380859864010582083868185
9.8028759912974963635223935286507015418417635699756951594894390953871573217220723465188547590583643836751380859864010582083868185
-10.435499877854168053468115427285242310886331684227968489048490428880582822528030782992650183940973513955642556859553599014206541
10.435499877854168053468115427285242310886331684227968489048490428880582822528030782992650183940973513955642556859553599014206541