-0.070178049439782368442499852815112437092645747463053944347579488637307910271880397385180744106269732448297427348972210697852480048
0.070178049439782368442499852815112437092645747463053944347579488637307910271880397385180744106269732448297427348972210697852480048
-0.21053690793034965664285618636807953911851609220687419875025654436347879336695724420280983771633408429531753614660523461685635472
0.21053690793034965664285618636807953911851609220687419875025654436347879336695724420280983771633408429531753614660523461685635472
-0.35090404666487954199838213423997781132067435904147808912457597268886388500389708895772830480291466077511276094966024842335200646
0.35090404666487954199838213423997781132067435904147808912457597268886388500389708895772830480291466077511276094966024842335200646
-0.49128499051130198375171239971517868227668433843550062377080840417052317176708889001684010429309780638415447753922911705829748117
0.49128499051130198375171239971517868227668433843550062377080840417052317176708889001684010429309780638415447753922911705829748117
-0.63168527140285335625904573096317020822235957876528372938312436574770576308019547880017000641528961833255571324217240182728743349
0.63168527140285335625904573096317020822235957876528372938312436574770576308019547880017000641528961833255571324217240182728743349
-0.7721104311789698018498822856684643400832792939363583519718462274492068615171917006117715859601147967661398306855536958089898839
0.7721104311789698018498822856684643400832792939363583519718462274492068615171917006117715859601147967661398306855536958089898839
-0.91256602444100431225062421666395502157200923773432113438597556547415998486328784713190680082367344365966771470683850969800690023
0.91256602444100431225062421666395502157200923773432113438597556547415998486328784713190680082367344365966771470683850969800690023
-1.0530576214270788174354713250116867623006550261630517711788701315788687411785738549289811948167560427677664876856955478927034884
1.0530576214270788174354713250116867623006550261630517711788701315788687411785738549289811948167560427677664876856955478927034884
-1.1935908109104400284239951560672085634613351160567062090922052221645345833474935458374400554195263907575392766525115908974773649
1.1935908109104400284239951560672085634613351160567062090922052221645345833474935458374400554195263907575392766525115908974773649
-1.3341712031257586033984746524022196044231412695917775112517795796969427875054771171394025709608574327076373191375947670181022461
1.3341712031257586033984746524022196044231412695917775112517795796969427875054771171394025709608574327076373191375947670181022461
-1.4748044327278957421951125769607981808068934188004898110662611960057790666734954820489460378432678321724601879196045977402630602
1.4748044327278957421951125769607981808068934188004898110662611960057790666734954820489460378432678321724601879196045977402630602
-1.6154961617877599917247883058057648222085028942717189414571260939480017285467487567959800572760525652856755794356758844273252217
1.6154961617877599917247883058057648222085028942717189414571260939480017285467487567959800572760525652856755794356758844273252217
-1.7562520828299903678451043521375556612617245253547184056340519889657629896641475383170369354844890694131403728876206705646023007
1.7562520828299903678451043521375556612617245253547184056340519889657629896641475383170369354844890694131403728876206705646023007
-1.89707792191733044981691318977642846396086118464347644355812797316419120224651387682893821180273367265795392760292477014955239
1.89707792191733044981691318977642846396086118464347644355812797316419120224651387682893821180273367265795392760292477014955239
-2.0379794417867025469792783232871848877183877005586627408691955233737753474887450242080226073555679526659845852386092703487813581
2.0379794417867025469792783232871848877183877005586627408691955233737753474887450242080226073555679526659845852386092703487813581
-2.1789624450421521271911918378217095604383020689466637902575217827278515539822173321046707445828884973431956134443846857689615361
2.1789624450421521271911918378217095604383020689466637902575217827278515539822173321046707445828884973431956134443846857689615361
-2.3200327774100112806861491413062854962673997279706485091415218443084572440016847930285012580943731565401759655415719587661335973
2.3200327774100112806861491413062854962673997279706485091415218443084572440016847930285012580943731565401759655415719587661335973
-2.4611963310618270200626580708854736936039505718802863845723610253873481056591423456447772608474745774544511785485416913190826033
2.4611963310618270200626580708854736936039505718802863845723610253873481056591423456447772608474745774544511785485416913190826033
-2.6024590480108167446841316119883628625427347497019452227586358774843978431732545249440377084753949795812318086689224224097217103
2.6024590480108167446841316119883628625427347497019452227586358774843978431732545249440377084753949795812318086689224224097217103
-2.7438269235878504006304723661510226227846467832577782865511583192533113841213273009939027062073965582342547271906535700483446794
2.7438269235878504006304723661510226227846467832577782865511583192533113841213273009939027062073965582342547271906535700483446794
-2.8853060100032180474601317922398528157767630003051914337543062773049157761751586046278651413587510055848393076791137289937593753
2.8853060100032180474601317922398528157767630003051914337543062773049157761751586046278651413587510055848393076791137289937593753
-3.0269024200007241403472356412924105062927156464680889486793166192488794093456422250274543197988116048590254390739495797780832126
3.0269024200007241403472356412924105062927156464680889486793166192488794093456422250274543197988116048590254390739495797780832126
-3.1686223306109574408624834039727747040217749513215619035560522200632547264626754247992122531850138297163127163575357713728294634
3.1686223306109574408624834039727747040217749513215619035560522200632547264626754247992122531850138297163127163575357713728294634
-3.3104719870109198359747701002785603772998417349965738586660927484578954025060586203289577954579829397437881984466110535963271779
3.3104719870109198359747701002785603772998417349965738586660927484578954025060586203289577954579829397437881984466110535963271779
-3.4524577064975604063393342070386082540636443863922236933446240213557149386710552000020441892382432770474861563641830457973295472
3.4524577064975604063393342070386082540636443863922236933446240213557149386710552000020441892382432770474861563641830457973295472
-3.5945858825831549717656551099712794068727025875138729087196014091024334177355516113114918801424251083039102695133554515181116543
3.5945858825831549717656551099712794068727025875138729087196014091024334177355516113114918801424251083039102695133554515181116543
-3.7368629892208983999308012098511649224050049663536973547821299179890669393208199631187651493318115514387744440282762191920235827
3.7368629892208983999308012098511649224050049663536973547821299179890669393208199631187651493318115514387744440282762191920235827
-3.8792955851695397773496977094722172194466450501053813680466042091972778539648424111401974302559605595696529748501027607794314597
3.8792955851695397773496977094722172194466450501053813680466042091972778539648424111401974302559605595696529748501027607794314597
-4.0218903185063919543467720877041748332689997854966589935363111430985993901012469685912296774541933520502251064656941292014105698
4.0218903185063919543467720877041748332689997854966589935363111430985993901012469685912296774541933520502251064656941292014105698
-4.1646539312985901219726365634999276747208130078645225874285010864568095048557304057748712471154364720209770970927086574601630576
4.1646539312985901219726365634999276747208130078645225874285010864568095048557304057748712471154364720209770970927086574601630576
-4.3075932644430624111842391824432900147837270179692992638536229947176026660812490141603123222947712908982037337039390767416426771
4.3075932644430624111842391824432900147837270179692992638536229947176026660812490141603123222947712908982037337039390767416426771
-4.4507152626863128289716071672211402187493201709652366608136535064555123007918026956742525310009396593611457745288631178223100553
4.4507152626863128289716071672211402187493201709652366608136535064555123007918026956742525310009396593611457745288631178223100553
-4.594026979835807359656437904910015729140423234585939483237910335510020844549173349752268148737807342066388435394934687047211802
4.594026979835807359656437904910015729140423234585939483237910335510020844549173349752268148737807342066388435394934687047211802
-4.7375355841755023938843038205207561467298743679369056773235500121033432877235384480244346090898468208078293398264370263309046183
4.7375355841755023938843038205207561467298743679369056773235500121033432877235384480244346090898468208078293398264370263309046183
-4.8812483640988659172495393140671731706111032179873334989460319073493338859922445496153220120074483104207366145989890911385333775
4.8812483640988659172495393140671731706111032179873334989460319073493338859922445496153220120074483104207366145989890911385333775
-5.025172733973621746699512858411457454263318794555022925704457766633001456989033992140953161562253845926597288395473097704836004
5.025172733973621746699512858411457454263318794555022925704457766633001456989033992140953161562253845926597288395473097704836004
-5.1693162402534017963017805070523926951346708310697278928429945578833076777391660202717031364206611261430829940579012139745535594
5.1693162402534017963017805070523926951346708310697278928429945578833076777391660202717031364206611261430829940579012139745535594
-5.3136865678525278032159480021169285535360933865427946945182104019814238604670484059111452495614995246797922592206124397159323881
5.3136865678525278032159480021169285535360933865427946945182104019814238604670484059111452495614995246797922592206124397159323881
-5.4582915468012698149533456732110342421197761056801325030906338396849343341745423989294452259734844692918550806818038132370374564
5.4582915468012698149533456732110342421197761056801325030906338396849343341745423989294452259734844692918550806818038132370374564
-5.6031391592001525306939180065734467498984512226398437885329911600460983989627743581544279541402334593795547249923465359832594923
5.6031391592001525306939180065734467498984512226398437885329911600460983989627743581544279541402334593795547249923465359832594923
-5.7482375464932117388572149517640094528177062747627325356222912216587470449031726983319639542777148236883821843436985629945525136
5.7482375464932117388572149517640094528177062747627325356222912216587470449031726983319639542777148236883821843436985629945525136
-5.8935950170815520864788249491764700695767226393222457990583396828569842040941094448517183003057675701843385908247763281796977584
5.8935950170815520864788249491764700695767226393222457990583396828569842040941094448517183003057675701843385908247763281796977584
-6.0392200543001359188732758939865536141158954678067023035137739480729089487867646713883447175965409470599671659699852669083900689
6.0392200543001359188732758939865536141158954678067023035137739480729089487867646713883447175965409470599671659699852669083900689
-6.1851213247824539330882776756439328293833659152991511448565915059446292673863924058491633131064106542831377787398188024497077138
6.1851213247824539330882776756439328293833659152991511448565915059446292673863924058491633131064106542831377787398188024497077138
-6.331307687239606383103649798138981102353764829061128033963226567332396584238887899209910096620533843197337463332649294412598599
6.331307687239606383103649798138981102353764829061128033963226567332396584238887899209910096620533843197337463332649294412598599
-6.4777882016823747323612972913557461679800293570536460609265274430426613120605897009087353676327205245242677915341863925746499264
6.4777882016823747323612972913557461679800293570536460609265274430426613120605897009087353676327205245242677915341863925746499264
-6.6245721391171060491864724846846776488943068161849398964679147512975079388398737860177190774889285069486881804459268635444085032
6.6245721391171060491864724846846776488943068161849398964679147512975079388398737860177190774889285069486881804459268635444085032
-6.7716689917486863181396359106523584104977717588733197271041934737435579687927658874968089672674145253554215020083954363199937682
6.7716689917486863181396359106523584104977717588733197271041934737435579687927658874968089672674145253554215020083954363199937682
-6.9190884837265668737863073986738476106754697816449944606619706728724103733169138862208092087694688098239038141659151170443062685
6.9190884837265668737863073986738476106754697816449944606619706728724103733169138862208092087694688098239038141659151170443062685
-7.0668405824727558044364906405478519271181357691617263556002099825501654311269397558071315483434074291052457475314439858409594412
7.0668405824727558044364906405478519271181357691617263556002099825501654311269397558071315483434074291052457475314439858409594412
-7.2149355106339220263492927938891641623855568294676342255568942258755347894482121422818795592613263114955822385095999611260877256
7.2149355106339220263492927938891641623855568294676342255568942258755347894482121422818795592613263114955822385095999611260877256
-7.3633837587033159877875565198893121074833300771482629951900394575817788758934462703722924299438731392066653828111554421658663489
7.3633837587033159877875565198893121074833300771482629951900394575817788758934462703722924299438731392066653828111554421658663489
-7.5121960983621239156353732035486270433889029897883467316577242792596957296243918142708457111004699934242047403081532629862413765
7.5121960983621239156353732035486270433889029897883467316577242792596957296243918142708457111004699934242047403081532629862413765
-7.6613835965941831315213080231427772695232964518039653719072723663072399735518839168278458141121238050611061221448481339968167472
7.6613835965941831315213080231427772695232964518039653719072723663072399735518839168278458141121238050611061221448481339968167472
-7.8109576306327405600212289895498878201764914899627077650259290619203247652711715486638395240241861234314864831351382351225098164
7.8109576306327405600212289895498878201764914899627077650259290619203247652711715486638395240241861234314864831351382351225098164
-7.960929903803187587860539212115849723852793802567080884380403165105044611738768846865022365925148777753140226050504415589699858
7.960929903803187587860539212115849723852793802567080884380403165105044611738768846865022365925148777753140226050504415589699858
-8.1113124623315114210055710992259128593693711675306982489320084390081467885613774322693039905071848417826862872731454354696941065
8.1113124623315114210055710992259128593693711675306982489320084390081467885613774322693039905071848417826862872731454354696941065
-8.2621177131946336524613743456019404842261156890971040540923994169756028775330758910229561384005536388329216899042429938204152369
8.2621177131946336524613743456019404842261156890971040540923994169756028775330758910229561384005536388329216899042429938204152369
-8.4133584430959378817096127325556863478755483452280892537383031494947414903297504103116245795105053250425470498310253651296640549
8.4133584430959378817096127325556863478755483452280892537383031494947414903297504103116245795105053250425470498310253651296640549
-8.5650478386572077134037070429526408033927803190724225012754452381688642055542513232308664339738037385589510785643725699746487903
8.5650478386572077134037070429526408033927803190724225012754452381688642055542513232308664339738037385589510785643725699746487903
-8.7171995079270046226086707702679245319860605189922518333304985634809353253748243587566458339918934374652083795201096341705848017
8.7171995079270046226086707702679245319860605189922518333304985634809353253748243587566458339918934374652083795201096341705848017
-8.8698275033153268446485956924743412371514283614927498716531905283132087801234122889093604628653724071160884524473673727408302579
8.8698275033153268446485956924743412371514283614927498716531905283132087801234122889093604628653724071160884524473673727408302579
-9.0229463460753373549535040139572462678661136154415858129645201180162967244045416259304613881051647326083112677724917759535762815
9.0229463460753373549535040139572462678661136154415858129645201180162967244045416259304613881051647326083112677724917759535762815
-9.1765710524651825531941951935584811169454923501813246235351817466109961658199821644146106901328054707845105885471650481032473807
9.1765710524651825531941951935584811169454923501813246235351817466109961658199821644146106901328054707845105885471650481032473807
-9.3307171617366178478235672112204478950423755511434354456235069533943675413390354855702795721682117883714959821687384901359284443
9.3307171617366178478235672112204478950423755511434354456235069533943675413390354855702795721682117883714959821687384901359284443
-9.4854007661125132558247912665692911797262069750939433977840407219295401948365877618731321079480153183332221750963132866031796725
9.4854007661125132558247912665692911797262069750939433977840407219295401948365877618731321079480153183332221750963132866031796725
-9.6406385429325642784707027904827328261789067497181614456811780446414972808428378384120704867067152987759453210731748645701634945
9.6406385429325642784707027904827328261789067497181614456811780446414972808428378384120704867067152987759453210731748645701634945
-9.7964477891659507436553500219217459894408250791755741963035980521764625462788105553212688933967638260528140764458507941889950386
9.7964477891659507436553500219217459894408250791755741963035980521764625462788105553212688933967638260528140764458507941889950386
-9.9528464585115829202406587930372449824773274849114630002247337188728900772777524527936588306346236947915082404241679884786079458
9.9528464585115829202406587930372449824773274849114630002247337188728900772777524527936588306346236947915082404241679884786079458
-10.109853201331315774701863345033578131293491473480608887047899261923578701400902892636138223104131916966540784737681288808123412
10.109853201331315774701863345033578131293491473480608887047899261923578701400902892636138223104131916966540784737681288808123412
-10.267487407689526039095622060431913408078062774367611923667636622482944858003924237477321041611674318594470539073353411398532818
10.267487407689526039095622060431913408078062774367611923667636622482944858003924237477321041611674318594470539073353411398532818
-10.425769253804233258211807492299353357792118199264456346011106375089932739869968389363617219199392158696111348623574533366676561
10.425769253804233258211807492299353357792118199264456346011106375089932739869968389363617219199392158696111348623574533366676561
-10.584719752251092964448608045567049111078229628788755303090275356608668354993371289368656718959084813474945219597687869229043657
10.584719752251092964448608045567049111078229628788755303090275356608668354993371289368656718959084813474945219597687869229043657
-10.744360806302789872286672173350394643310436799794054832526571610694669125916015926497368038949079792298268535410418818008145961
10.744360806302789872286672173350394643310436799794054832526571610694669125916015926497368038949079792298268535410418818008145961
-10.904715268833429234085024339142778476006444339966879133290609069622052964474594183848975204253624416620968419446561336152371424
10.904715268833429234085024339142778476006444339966879133290609069622052964474594183848975204253624416620968419446561336152371424
-11.065807006271434129498998442281320569346651384864562441387911193128438395342901745568223040626407257934582771715446627693766634
11.065807006271434129498998442281320569346651384864562441387911193128438395342901745568223040626407257934582771715446627693766634
-11.227660968146357018804827830613439933837086239753111695634764612220679199491832575853219873596969515387250468570344207412377912
11.227660968146357018804827830613439933837086239753111695634764612220679199491832575853219873596969515387250468570344207412377912
-11.390303262846278505068335498326338618175014459867389604935505494119814874414197057278475657957786583297452416905485112113448338
11.390303262846278505068335498326338618175014459867389604935505494119814874414197057278475657957786583297452416905485112113448338
-11.553761240284737823654598193922150079401918369972383837748837080421274103556478309599041040221001848040192265559534102740034944
11.553761240284737823654598193922150079401918369972383837748837080421274103556478309599041040221001848040192265559534102740034944
-11.718063582271390716149927776190587761831979554330402443763365720954501815901936823883532782018852012890886435688270474134882075
11.718063582271390716149927776190587761831979554330402443763365720954501815901936823883532782018852012890886435688270474134882075
-11.883240401491198211515285287197448445576725170018058130014313583676513526946945429794152616781921396879807636933737516068652322
11.883240401491198211515285287197448445576725170018058130014313583676513526946945429794152616781921396879807636933737516068652322
-12.04932335012579005515704985406528525038655935296127448568984482328050473301965252006025501724594169102180949773299017868958695
12.04932335012579005515704985406528525038655935296127448568984482328050473301965252006025501724594169102180949773299017868958695
-12.216345739301211545021513091887543498791865218580072706922837678385900378237951356479900184641938771864399285085979069610561636
12.216345739301211545021513091887543498791865218580072706922837678385900378237951356479900184641938771864399285085979069610561636
-12.384342670722811531650303495394349094902102032684311720313718771075580618258411489442275258486369513094974923766897405240409909
12.384342670722811531650303495394349094902102032684311720313718771075580618258411489442275258486369513094974923766897405240409909
-12.553351182065779048234616249019563770626741907431019835933606589701828069793126063956232341251893273170717967697842345713079325
12.553351182065779048234616249019563770626741907431019835933606589701828069793126063956232341251893273170717967697842345713079325
-12.723410407935204932067198250611565518839760356245314676475981722411129483293923404235224073352006493317555516462236982344758165
12.723410407935204932067198250611565518839760356245314676475981722411129483293923404235224073352006493317555516462236982344758165
-12.894561758500467308324516146332283007706726509492369501759502884369386550616588227155026214893339102030826203415642970676416926
12.894561758500467308324516146332283007706726509492369501759502884369386550616588227155026214893339102030826203415642970676416926
-13.066849118255072955979574162764134057790789481111888726362713355326590047200029240944610102260292966681355732287916372880142256
13.066849118255072955979574162764134057790789481111888726362713355326590047200029240944610102260292966681355732287916372880142256
-13.24031906776713944373077225224559045388923757520738074031226519925025826342097284579564630830116138445184523563773279136000004
13.24031906776713944373077225224559045388923757520738074031226519925025826342097284579564630830116138445184523563773279136000004
-13.415021131782930383515134489189641253482226825297563447079573993471890355810661643678617190299240289645030872945182739840587705
13.415021131782930383515134489189641253482226825297563447079573993471890355810661643678617190299240289645030872945182739840587705
-13.591008057645773912594603776788938296683241252427445995366529484091810327479518851911857114956066770300011076507843727277005468
13.591008057645773912594603776788938296683241252427445995366529484091810327479518851911857114956066770300011076507843727277005468
-13.768336128720094542167398540952238640930486170558265064339203166110246184936424159499465478188579073171834359128304480778820692
13.768336128720094542167398540952238640930486170558265064339203166110246184936424159499465478188579073171834359128304480778820692
-13.947065518396865264456602160176748519998907781806577215477365681338539592330451552987292660511293984914255631886485414862877058
13.947065518396865264456602160176748519998907781806577215477365681338539592330451552987292660511293984914255631886485414862877058
-14.127260691343330138445652488748022310271521423710951441386772165658928185015577222210149428862909896821983658302228150759450585
14.127260691343330138445652488748022310271521423710951441386772165658928185015577222210149428862909896821983658302228150759450585
-14.308990859999223864962588784537156287986637479535488503659150686098548806744859816105722288226760738387990590522630777109638921
14.308990859999223864962588784537156287986637479535488503659150686098548806744859816105722288226760738387990590522630777109638921
-14.4923305059829549393152526159667066877926278827988123311031395733088179926966757644749311239307516300133229857240697979250431
14.4923305059829549393152526159667066877926278827988123311031395733088179926966757644749311239307516300133229857240697979250431
-14.677359978145174991362859478312453787015773125051501596724163593244860071435794548797224601586528297865415762946598343198088249
14.677359978145174991362859478312453787015773125051501596724163593244860071435794548797224601586528297865415762946598343198088249
-14.864166181614406590072384074495518929204511491765516574037150430409705294577594905725283056779141955400269502964009286603587177
14.864166181614406590072384074495518929204511491765516574037150430409705294577594905725283056779141955400269502964009286603587177
-15.052843375481406744349529550326628083486938589385272094749637371108174726112841993749561825066068929643858695964641512496754319
15.052843375481406744349529550326628083486938589385272094749637371108174726112841993749561825066068929643858695964641512496754319
-15.243494100983974699123777929624528073538355126400537611649689969053189829809585979325690008988244350300813470887891158193125708
15.243494100983974699123777929624528073538355126400537611649689969053189829809585979325690008988244350300813470887891158193125708
-15.436230267480046940275609797507116456606411728605564854847080764015487804551483164738316496498344679977605802981829944916465289
15.436230267480046940275609797507116456606411728605564854847080764015487804551483164738316496498344679977605802981829944916465289
-15.631174430545663245906726961140274063428584279782414072714904128359157711270366397051332533163180217191058367613633547608650128
15.631174430545663245906726961140274063428584279782414072714904128359157711270366397051332533163180217191058367613633547608650128
-15.828461305780483993703004210313431509714518589010190489704820788596898755716399674214218686437274559261789044461149871830770781
15.828461305780483993703004210313431509714518589010190489704820788596898755716399674214218686437274559261789044461149871830770781
-16.028239574159867292630018430240921031657745083918715128596591754012827738834925548278022671186754923770500700918436236067563479
16.028239574159867292630018430240921031657745083918715128596591754012827738834925548278022671186754923770500700918436236067563479
-16.23067405120438806953614607825950790090377121348070786151930134254662726448309679981740081489414576160740208296927722557884052
16.23067405120438806953614607825950790090377121348070786151930134254662726448309679981740081489414576160740208296927722557884052
-16.43594831454027874545016396941529274564720941973808339945324661762055976639072789247614724240990218769610920741007600857991465
16.43594831454027874545016396941529274564720941973808339945324661762055976639072789247614724240990218769610920741007600857991465
-16.644267915103063009859492199981978278672934919236968475174421135237544916284585391027906293769458062057596378311352235304102671
16.644267915103063009859492199981978278672934919236968475174421135237544916284585391027906293769458062057596378311352235304102671
-16.855864340059415579729736663310918552475558713045813398145771082900082164011605800637564316362607920382253846027311202873416657
16.855864340059415579729736663310918552475558713045813398145771082900082164011605800637564316362607920382253846027311202873416657
-17.070999956263490324603284431852457265231327684200190285766074044160731892191213969861842979683253144690344711066183506679916559
17.070999956263490324603284431852457265231327684200190285766074044160731892191213969861842979683253144690344711066183506679916559
-17.28997425075991198889582449217895766040442756667758477605780455117556734790451946391324255914991237630820001084956545732583353
17.28997425075991198889582449217895766040442756667758477605780455117556734790451946391324255914991237630820001084956545732583353
-17.513131813966253640065814064632730878292600032847750926536011898206495432834434101968312521325532779588203751637138805199666474
17.513131813966253640065814064632730878292600032847750926536011898206495432834434101968312521325532779588203751637138805199666474
-17.740872705484286228582157784311633124561926719253366392467436099667401708157494743657431739051334938337360792861798632562766296
17.740872705484286228582157784311633124561926719253366392467436099667401708157494743657431739051334938337360792861798632562766296
-17.973666142185519163220410966757915378997128262588609655386648194459920956205294633427319080194115779224783104750706754547649465
17.973666142185519163220410966757915378997128262588609655386648194459920956205294633427319080194115779224783104750706754547649465
-18.212068923443857422892995019681801470203469503444457833406180223063748173211041906032926206691648893031512542974175721549778525
18.212068923443857422892995019681801470203469503444457833406180223063748173211041906032926206691648893031512542974175721549778525
-18.456750786171538199436716389780976010974703309291638110186663437699532535442625716916347298822574478814511283833102032901274341
18.456750786171538199436716389780976010974703309291638110186663437699532535442625716916347298822574478814511283833102032901274341
-18.708530202496529832474526303988322051647222456821629702802975375882204760267713021082352469207912870050864733050338166665009384
18.708530202496529832474526303988322051647222456821629702802975375882204760267713021082352469207912870050864733050338166665009384
-18.968426470869578104773718989332306402030340344137725593321352143320952089636967172034561384435963578517555698005622754438927155
18.968426470869578104773718989332306402030340344137725593321352143320952089636967172034561384435963578517555698005622754438927155
-19.237738304504603398607354376597720829237794342048992817916662455218982635452117816512997632136059032973122515327180393101041001
19.237738304504603398607354376597720829237794342048992817916662455218982635452117816512997632136059032973122515327180393101041001
-19.518167729152300681763785324441942640095298036400473885810387140292236928411662642328300927836296894572348577174639809622013576
19.518167729152300681763785324441942640095298036400473885810387140292236928411662642328300927836296894572348577174639809622013576
-19.812026428845140440372801822597288158524655684329626018135224347206306902624131448801314437546630869510873063739895982189338065
19.812026428845140440372801822597288158524655684329626018135224347206306902624131448801314437546630869510873063739895982189338065
-20.122604501717391039305675001463791389416108149346044103661459143969279244211734917610833078835683441745888561478263663331250739
20.122604501717391039305675001463791389416108149346044103661459143969279244211734917610833078835683441745888561478263663331250739
-20.454894605160813161794777730636582290150447689631014327559231501388280995103910703202367054327614153949752938375105113737959918
20.454894605160813161794777730636582290150447689631014327559231501388280995103910703202367054327614153949752938375105113737959918
-20.817217264868587076344708995657481858612710241955978358863068146999378693664964905229199847987614947888770603630846844469968874
20.817217264868587076344708995657481858612710241955978358863068146999378693664964905229199847987614947888770603630846844469968874
-21.225710624342248315884074654769503906270972922048014736649073402737669816783500874484351698044362236471570520580236407452602504
21.225710624342248315884074654769503906270972922048014736649073402737669816783500874484351698044362236471570520580236407452602504
-21.722588398030647327953763562582811350907742647252831205871652205692840680991127391227278449204589053828312910565271444523924871
21.722588398030647327953763562582811350907742647252831205871652205692840680991127391227278449204589053828312910565271444523924871