-0.071921874064987614948735822718506464918689846276496184518297783738155323647141469392544898933586181367913856498371625343346535376
0.071921874064987614948735822718506464918689846276496184518297783738155323647141469392544898933586181367913856498371625343346535376
-0.21576874215163074617566780980679801376598956819853058751808865260790365051195041450157897626047327277685723600419932312488696903
0.21576874215163074617566780980679801376598956819853058751808865260790365051195041450157897626047327277685723600419932312488696903
-0.35962497186807471808070693082052290734345849268979673615315443938290314250711126593891455704904162595930300056192692021821263828
0.35962497186807471808070693082052290734345849268979673615315443938290314250711126593891455704904162595930300056192692021821263828
-0.50349681016974043059159521091739204095610701811489871594366821607789296460787782240893618506165699175314562250640839584632624713
0.50349681016974043059159521091739204095610701811489871594366821607789296460787782240893618506165699175314562250640839584632624713
-0.64739051282552675343396744928136043239948457370643965329437832227728621291449518682693473428663300702658908534056878375869820272
0.64739051282552675343396744928136043239948457370643965329437832227728621291449518682693473428663300702658908534056878375869820272
-0.79131234796353100935581605287356788655855240790310641422278458400171199529484857158945179581341637375011765061852845943913856432
0.79131234796353100935581605287356788655855240790310641422278458400171199529484857158945179581341637375011765061852845943913856432
-0.93526859963717915175510469487534706459409477012644401918963373332243572503625100683752940345305900662481593245341151265533776759
0.93526859963717915175510469487534706459409477012644401918963373332243572503625100683752940345305900662481593245341151265533776759
-1.0792655714177123311592071960308750258534273949344861804586674087499238352591583758825202084956466107789514375192205169011142063
1.0792655714177123311592071960308750258534273949344861804586674087499238352591583758825202084956466107789514375192205169011142063
-1.2233095900190639347066532035114064209719005850692112983103061879316167210355849338434707412064764189399898135681680277564923754
1.2233095900190639347066532035114064209719005850692112983103061879316167210355849338434707412064764189399898135681680277564923754
-1.3674070089612689734219084068007899818383748583462767602493768104282987228417245639141263796669735199397689629481855051940365487
1.3674070089612689734219084068007899818383748583462767602493768104282987228417245639141263796669735199397689629481855051940365487
-1.5115642122786764849707311951476012461730655907198926499843293120703588296746481416909947920730715777227079388047119563016631788
1.5115642122786764849707311951476012461730655907198926499843293120703588296746481416909947920730715777227079388047119563016631788
-1.6557876182793861371476116788523508576806352331414777374564505742991017956095550480208271514445210583707047942696956277030136015
1.6557876182793861371476116788523508576806352331414777374564505742991017956095550480208271514445210583707047942696956277030136015
-1.8000836833625033092021520215409515303125913212545125689825384660427479680960696912262759978137423218747284651978765889940250784
1.8000836833625033092021520215409515303125913212545125689825384660427479680960696912262759978137423218747284651978765889940250784
-1.9444589059000035783492417394650418279768893517600736861881064961996504216790190803350840286147045335444857355256051767618643003
1.9444589059000035783492417394650418279768893517600736861881064961996504216790190803350840286147045335444857355256051767618643003
-2.0889198301902188744596764826589293200178543835109383038004943304487112737167929836942061336019451096561650050538568182179762855
2.0889198301902188744596764826589293200178543835109383038004943304487112737167929836942061336019451096561650050538568182179762855
-2.2334730504902048667600254316250998284238497116102174271841982829589063376137446202709282210585192778017685824543312689088859554
2.2334730504902048667600254316250998284238497116102174271841982829589063376137446202709282210585192778017685824543312689088859554
-2.3781252151345238561235801290873762893306645484774329038677822546618192122965258668504137871702030433379842631368784568521612477
2.3781252151345238561235801290873762893306645484774329038677822546618192122965258668504137871702030433379842631368784568521612477
-2.522883030748281185743974364581933830832958480051413282238516020241763804476784445743538065632534956918239816443763395829202508
2.522883030748281185743974364581933830832958480051413282238516020241763804476784445743538065632534956918239816443763395829202508
-2.6677532665625877635465361960791273266442374527744815708969000264050870540063773071480634261582166790554500995163168490817039834
2.6677532665625877635465361960791273266442374527744815708969000264050870540063773071480634261582166790554500995163168490817039834
-2.8127427588409887313638685917842816717961814305797577406782076801074238758170645835404726043599720775430673585959235824289134788
2.8127427588409887313638685917842816717961814305797577406782076801074238758170645835404726043599720775430673585959235824289134788
-2.9578584154258008649332082237536969754831813162467548223293154366063764785526062876166423080931528296003008318023840601044326215
2.9578584154258008649332082237536969754831813162467548223293154366063764785526062876166423080931528296003008318023840601044326215
-3.1031072204137414389420441582500054967843444525191078096471591828401608312236530856380435971809207232043340735231963721758398493
3.1031072204137414389420441582500054967843444525191078096471591828401608312236530856380435971809207232043340735231963721758398493
-3.2484962389707118076592573255318460550596530810193856435809805948580753738887180667278771166334399750219590553915115022310029586
3.2484962389707118076592573255318460550596530810193856435809805948580753738887180667278771166334399750219590553915115022310029586
-3.3940326222961228970620270297379479650785350541509594982118290857002916982377326457997632210953431893486541332311565405411806748
3.3940326222961228970620270297379479650785350541509594982118290857002916982377326457997632210953431893486541332311565405411806748
-3.5397236127477205696914427417635395909885977024658205417432328416236840779078058112417370131684160971601100967793461780306649569
3.5397236127477205696914427417635395909885977024658205417432328416236840779078058112417370131684160971601100967793461780306649569
-3.685576549138490161429786281651655787617289961361091357820499294555452979250773526216974677016569223145654839006754866915609229
3.685576549138490161429786281651655787617289961361091357820499294555452979250773526216974677016569223145654839006754866915609229
-3.831598872217895552576724461267753470556318175413791783667681415821199878728558086087173293886763684183051214943842994554028559
3.831598872217895552576724461267753470556318175413791783667681415821199878728558086087173293886763684183051214943842994554028559
-3.9777981303504435194168115896739308863081093937437837948524784428938069707209233331566410946723994547430392745700700199346177861
3.9777981303504435194168115896739308863081093937437837948524784428938069707209233331566410946723994547430392745700700199346177861
-4.1241819854053639035221256030346178997851820296106057225899917677555136383804916969564924176159462923439570233773463884919644585
4.1241819854053639035221256030346178997851820296106057225899917677555136383804916969564924176159462923439570233773463884919644585
-4.2707582188720659666956677582028960750239983355727825969729795656736951368071203788539650342139781262285676551258248481979128983
4.2707582188720659666956677582028960750239983355727825969729795656736951368071203788539650342139781262285676551258248481979128983
-4.417534738216977409479746921778885322403479984861435889484700801909904755627018836003795471411854021598383148351646874949080753
4.417534738216977409479746921778885322403479984861435889484700801909904755627018836003795471411854021598383148351646874949080753
-4.564519583498401837255279238831487842652548101059678701042519056971694759880572738926960450782763254984285930799331778092283663
4.564519583498401837255279238831487842652548101059678701042519056971694759880572738926960450782763254984285930799331778092283663
-4.7117209342571506325801160652488831818022566129996801165551298445799545802163964227466757606911227637806008116355457004998868884
4.7117209342571506325801160652488831818022566129996801165551298445799545802163964227466757606911227637806008116355457004998868884
-4.8591471167019247528528173546885070795769872469429389029593848375391869968450942770572981899675861612230039079769419272333292561
4.8591471167019247528528173546885070795769872469429389029593848375391869968450942770572981899675861612230039079769419272333292561
-5.0068066112097503818552487799315147949878667964722018551980393426285059277078198732666759901833591951288247759958625388133988371
5.0068066112097503818552487799315147949878667964722018551980393426285059277078198732666759901833591951288247759958625388133988371
-5.1547080601632201460540886230447912769733190291487390743057571490492001813996934900484425767392362575982666515848224073307373926
5.1547080601632201460540886230447912769733190291487390743057571490492001813996934900484425767392362575982666515848224073307373926
-5.3028602761478704765311562042156454342438278872405094128498867403504359781046785028799656481241614204299288384468003823085470822
5.3028602761478704765311562042156454342438278872405094128498867403504359781046785028799656481241614204299288384468003823085470822
-5.4512722505347487091811328413765324205316882345340997553033324676517906979694639542485758920808129740473315572014459285773344321
5.4512722505347487091811328413765324205316882345340997553033324676517906979694639542485758920808129740473315572014459285773344321
-5.5999531624751052318339464608494273567996765215882025260782077297705539488893559686594366310193769008364713704961796317921936422
5.5999531624751052318339464608494273567996765215882025260782077297705539488893559686594366310193769008364713704961796317921936422
-5.7489123883362026709680313945402324604023899219937261603135789886337096595226382655598894589812635476570358567193170163367110268
5.7489123883362026709680313945402324604023899219937261603135789886337096595226382655598894589812635476570358567193170163367110268
-5.8981595116094839481718667868867078793860826553375170167655086538195851923456439999880891480863035008328202306776162714692065833
5.8981595116094839481718667868867078793860826553375170167655086538195851923456439999880891480863035008328202306776162714692065833
-6.0477043333248043871083117884077917465126589720436823427312026644951595474027398470033080986272409412501664037135423329759379349
6.0477043333248043871083117884077917465126589720436823427312026644951595474027398470033080986272409412501664037135423329759379349
-6.1975568830071327385441949438949366004501985623992511181649971578048290253921423827013974793625217208342206805970144929813358823
6.1975568830071327385441949438949366004501985623992511181649971578048290253921423827013974793625217208342206805970144929813358823
-6.3477274302150876328890230390025949737465686154725959426930913027375259621232837384395333413276002712425556342712229047429037272
6.3477274302150876328890230390025949737465686154725959426930913027375259621232837384395333413276002712425556342712229047429037272
-6.4982264967039283634750241033985182772014337489940963017279074255619718037379335905476037554663681385290390007859794868549425154
6.4982264967039283634750241033985182772014337489940963017279074255619718037379335905476037554663681385290390007859794868549425154
-6.6490648692591944647244697726698434187641707297251928864570401898042025836574711097000478018426789541707693371697735562756445723
6.6490648692591944647244697726698434187641707297251928864570401898042025836574711097000478018426789541707693371697735562756445723
-6.8002536132511238193719152233882328796601460064575696865873179628463254394959790449117767094177417468203157959303815120399958591
6.8002536132511238193719152233882328796601460064575696865873179628463254394959790449117767094177417468203157959303815120399958591
-6.9518040869643152646894837965133209773058570149610047183566139381458852140095286182223499907026298400130806242772788200137432949
6.9518040869643152646894837965133209773058570149610047183566139381458852140095286182223499907026298400130806242772788200137432949
-7.1037279567618855216665030463276019787307140880147890185753898121381193549261958223979166731064015637073111770982374814810123608
7.1037279567618855216665030463276019787307140880147890185753898121381193549261958223979166731064015637073111770982374814810123608
-7.2560372131486545822930010222325743480375860072416070356939514291782175780658892408805385236260039957525287955457982270272587169
7.2560372131486545822930010222325743480375860072416070356939514291782175780658892408805385236260039957525287955457982270272587169
-7.4087441878037384036553745750634679242940951911172500867086723019329246834039457248913543992020252945962961005759083651754072235
7.4087441878037384036553745750634679242940951911172500867086723019329246834039457248913543992020252945962961005759083651754072235
-7.5618615716594009967274963801549310245441315375241785498791071841417033387181777690037283022712132010630285943536503661630157006
7.5618615716594009967274963801549310245441315375241785498791071841417033387181777690037283022712132010630285943536503661630157006
-7.7154024341101973157951743512796532669139355384214749753085348523800534164158393084199339993970683295486920609225864795876593048
7.7154024341101973157951743512796532669139355384214749753085348523800534164158393084199339993970683295486920609225864795876593048
-7.8693802434444121999817751432648246177227690269376761396413222415518794392034035617036197182141859208985550625627597496830012136
7.8693802434444121999817751432648246177227690269376761396413222415518794392034035617036197182141859208985550625627597496830012136
-8.0238088885986700541854514859833015663271282213755304883671431907407960125631029917254588992873221931527916416544018139058256058
8.0238088885986700541854514859833015663271282213755304883671431907407960125631029917254588992873221931527916416544018139058256058
-8.1787027023464706809536244283416011139004871769923098618468473039331738123419535303382414214746990874546681251075718456765425498
8.1787027023464706809536244283416011139004871769923098618468473039331738123419535303382414214746990874546681251075718456765425498
-8.3340764860424314024050310450342250877468750310289636654384879055468262468324580635497437202251505911289498505236798581831662489
8.3340764860424314024050310450342250877468750310289636654384879055468262468324580635497437202251505911289498505236798581831662489
-8.4899455360563368878228027139539541327543469545463854129091785231242511024864125418063174948780018289862089680967121830557846648
8.4899455360563368878228027139539541327543469545463854129091785231242511024864125418063174948780018289862089680967121830557846648
-8.6463256720448916362451395435034812053074256557768705528833828162443574299300143117892189139254550863902230432565360800730193589
8.6463256720448916362451395435034812053074256557768705528833828162443574299300143117892189139254550863902230432565360800730193589
-8.8032332672245386815791072284433620535606375408693671294282529881899683008500282821098967684767499568592036247207903889726081834
8.8032332672245386815791072284433620535606375408693671294282529881899683008500282821098967684767499568592036247207903889726081834
-8.9606852808260864467166753304756683624069672177474607490911111463929674134998162401454297947471015359719190956575926974326066228
8.9606852808260864467166753304756683624069672177474607490911111463929674134998162401454297947471015359719190956575926974326066228
-9.1186992929314458803684053904369696271850379710304624070866292591823575881143185346358003550704818860670282695292693526062544042
9.1186992929314458803684053904369696271850379710304624070866292591823575881143185346358003550704818860670282695292693526062544042
-9.27729354191483835503537184608013012187302001934106551512899109021131719769200569129869321496782722976131081203039426060685337
9.27729354191483835503537184608013012187302001934106551512899109021131719769200569129869321496782722976131081203039426060685337
-9.436486964735759837844583757037100342705370126228352234085817284782850519622653753968241512506836073362444046441414920356135629
9.436486964735759837844583757037100342705370126228352234085817284782850519622653753968241512506836073362444046441414920356135629
-9.5962992403592091110389406905291239831301296728170700085100392676689320967423291740973576060996735179415827322452889976235042612
9.5962992403592091110389406905291239831301296728170700085100392676689320967423291740973576060996735179415827322452889976235042612
-9.7567508366107116040673490788746383422752811090953858294388598165122470692326502654670541448964578676228624686894850120187613295
9.7567508366107116040673490788746383422752811090953858294388598165122470692326502654670541448964578676228624686894850120187613295
-9.9178630608100879803784091656168000253367796763724448043664048074656195954465882901058530972509740097130859048016767544060125613
9.9178630608100879803784091656168000253367796763724448043664048074656195954465882901058530972509740097130859048016767544060125613
-10.079658114569425578989282227951772987138053554126678900736984292767230504191862695831244470217994609472234892721086682654522349
10.079658114569425578989282227951772987138053554126678900736984292767230504191862695831244470217994609472234892721086682654522349
-10.242159153188135153464654970456787578656458679871224390398867760511940844972463737648105438487092384666817556145945673418625882
10.242159153188135153464654970456787578656458679871224390398867760511940844972463737648105438487092384666817556145945673418625882
-10.405390350132291384829394164259337592128273564498351574491037619439753693297087753135183021941925858177095497569794208809011114
10.405390350132291384829394164259337592128273564498351574491037619439753693297087753135183021941925858177095497569794208809011114
-10.569376967147823758206593424406452915480550976099475456602897149954759127758781889531178976941354264393224151565782302585089461
10.569376967147823758206593424406452915480550976099475456602897149954759127758781889531178976941354264393224151565782302585089461
-10.734145430628928267704347007088205200867616274082048443602459569405865113678151191178477622215491717233129731375547802832573117
10.734145430628928267704347007088205200867616274082048443602459569405865113678151191178477622215491717233129731375547802832573117
-10.89972341494596559056138727244844109790142949321076922743658929568992609247719512588683388762099760380475358931824864096302125
10.89972341494596559056138727244844109790142949321076922743658929568992609247719512588683388762099760380475358931824864096302125
-11.066139933533085644396625160884289394002888156406814581262901353356439101113780029610164634330035595718775897496857318123170666
11.066139933533085644396625160884289394002888156406814581262901353356439101113780029610164634330035595718775897496857318123170666
-11.233425438647267293126278424268199809247349140803632092342172524836978027117587067350223853432566406722447806266262069397172482
11.233425438647267293126278424268199809247349140803632092342172524836978027117587067350223853432566406722447806266262069397172482
-11.40161193084028320496335053961788950246773092307473332076645419165567154914610415832185841572919629218195663847081553845058133
11.40161193084028320496335053961788950246773092307473332076645419165567154914610415832185841572919629218195663847081553845058133
-11.570733079336812903399425174947469360418633747532462905890314383835486036650329153731826566486292168847316896649444278425742652
11.570733079336812903399425174947469360418633747532462905890314383835486036650329153731826566486292168847316896649444278425742652
-11.740824354689823983034424134817753024717181183202298430155406977943397153397504789425581230082965986660783888210374463095721476
11.740824354689823983034424134817753024717181183202298430155406977943397153397504789425581230082965986660783888210374463095721476
-11.911923175293679370203884590546230219388252851549989752537472831129881690356780267868297880362768955678491863100305690228793998
11.911923175293679370203884590546230219388252851549989752537472831129881690356780267868297880362768955678491863100305690228793998
-12.084069069582675561285498739718623591176307749633986908907349389688019571338193740547738062526948121076746757131669243526892095
12.084069069582675561285498739718623591176307749633986908907349389688019571338193740547738062526948121076746757131669243526892095
-12.257303856035868883048481936692813756830844812846810429179236470513196037514042227342607295074953797566446220607010883869267863
12.257303856035868883048481936692813756830844812846810429179236470513196037514042227342607295074953797566446220607010883869267863
-12.431671843458037469378264620400696780254177284875546699408280261358771932988370629099436545848551431761854493824262088444332352
12.431671843458037469378264620400696780254177284875546699408280261358771932988370629099436545848551431761854493824262088444332352
-12.607220054423860479195751850022156221973543924021317301749872577222720127322615393575114375118019471700454307400506328696908485
12.607220054423860479195751850022156221973543924021317301749872577222720127322615393575114375118019471700454307400506328696908485
-12.783998475273448060061217981002471554004996380224700863582967767159594204341805515766093819846896318713286240051495928683911839
12.783998475273448060061217981002471554004996380224700863582967767159594204341805515766093819846896318713286240051495928683911839
-12.962060336651893197066815156148794490298635286858419781743402700932064269510432699625525982088052416545532136723731821570897821
12.962060336651893197066815156148794490298635286858419781743402700932064269510432699625525982088052416545532136723731821570897821
-13.141462429318524851782786930166904619292167609720913264636533626577356822192600583472027880663784384306352552544717892319461381
13.141462429318524851782786930166904619292167609720913264636533626577356822192600583472027880663784384306352552544717892319461381
-13.322265460844962142466815796204619263640451330194124450778099847297554408305758490651032387708307836917403132157753001322218431
13.322265460844962142466815796204619263640451330194124450778099847297554408305758490651032387708307836917403132157753001322218431
-13.504534459916009761907723902599373638441942925730675756099844382783777933388661784715895521636312977277822605621493988749855467
13.504534459916009761907723902599373638441942925730675756099844382783777933388661784715895521636312977277822605621493988749855467
-13.688339236297174529319584363225995214170012834927223652258346035881617986810392748062639402070910307639057614450113217452411727
13.688339236297174529319584363225995214170012834927223652258346035881617986810392748062639402070910307639057614450113217452411727
-13.873754906206692253119633493404288424788208599777007028562984976996336363330940149258287564924607870954138174270893068710384345
13.873754906206692253119633493404288424788208599777007028562984976996336363330940149258287564924607870954138174270893068710384345
-14.060862494919995839421047484268331284848636457490649049493057623855758077998786285928257519306531926172643643545158237284514435
14.060862494919995839421047484268331284848636457490649049493057623855758077998786285928257519306531926172643643545158237284514435
-14.249749631062051737509852796782573006129625973038043308512551523118702527615539594997247594265655299228285844002621431600507434
14.249749631062051737509852796782573006129625973038043308512551523118702527615539594997247594265655299228285844002621431600507434
-14.440511350370669650209283830598636071214440544429097871389633050662377950904491430155127867437070836859972118165371775779091181
14.440511350370669650209283830598636071214440544429097871389633050662377950904491430155127867437070836859972118165371775779091181
-14.633251030961733758415578461782877411403309675792713690014754401669747126592275105330627338695140861971781572470727768855939441
14.633251030961733758415578461782877411403309675792713690014754401669747126592275105330627338695140861971781572470727768855939441
-14.828081487595730319886447029825084168677723912468906518981519080747605310370424384596419176051034938227985161957476256444433848
14.828081487595730319886447029825084168677723912468906518981519080747605310370424384596419176051034938227985161957476256444433848
-15.02512625954869559892370472066234698726162746608305142754195906982168669756470959134180491394386537157229503400693263649197851
15.02512625954869559892370472066234698726162746608305142754195906982168669756470959134180491394386537157229503400693263649197851
-15.22452113600905231345197211261072629870767607088215604618572826311431361410391058729371706564992429483471951408521218531234591
15.22452113600905231345197211261072629870767607088215604618572826311431361410391058729371706564992429483471951408521218531234591
-15.426415975274023550254667906905079620110255554785837956710775722957420679689530683583970179671769478746118187459118976491242345
15.426415975274023550254667906905079620110255554785837956710775722957420679689530683583970179671769478746118187459118976491242345
-15.630976890579915250109778937958046257732370630917911350254258904569552969074312033128794023140130338923917308007199334061693123
15.630976890579915250109778937958046257732370630917911350254258904569552969074312033128794023140130338923917308007199334061693123
-15.838388897878106194607341925695090295876599571076704134965366524329836388972240675576393482933476855012348167633988328538768188
15.838388897878106194607341925695090295876599571076704134965366524329836388972240675576393482933476855012348167633988328538768188
-16.04885915178835392746560360828461875366166389444307382204037287367619033215878974769262537423298488206960209912382462571241919
16.04885915178835392746560360828461875366166389444307382204037287367619033215878974769262537423298488206960209912382462571241919
-16.262620939120608538367824517753815139665479346682971701594676192860396887760639733638061079942503857357183382222841336892368992
16.262620939120608538367824517753815139665479346682971701594676192860396887760639733638061079942503857357183382222841336892368992
-16.47993866057615172929482760286072224054172116276163269346800355289107518017330753162772353162387324368182098144514518325564562
16.47993866057615172929482760286072224054172116276163269346800355289107518017330753162772353162387324368182098144514518325564562
-16.701114119626515263215511481518614050487585405063375213369118140065247184172507018996031852446518619817925183115591928025916462
16.701114119626515263215511481518614050487585405063375213369118140065247184172507018996031852446518619817925183115591928025916462
-16.926494567709117760070922245342454513833625792721080767269990340507008219209144643591164988602347963104559010598575284230245801
16.926494567709117760070922245342454513833625792721080767269990340507008219209144643591164988602347963104559010598575284230245801
-17.156483150732046971529360421751227970442701269916189178830938856955530057432007672350374080172337842279957486295493062121401742
17.156483150732046971529360421751227970442701269916189178830938856955530057432007672350374080172337842279957486295493062121401742
-17.391552703950704019436656654476642995865492052503417608664768948128904468738822116589821791752449757719234989305558096953577635
17.391552703950704019436656654476642995865492052503417608664768948128904468738822116589821791752449757719234989305558096953577635
-17.632264321276519678589533583264968378383693116917704969086253171512771332469420255457929604576843649058221055925719892474358535
17.632264321276519678589533583264968378383693116917704969086253171512771332469420255457929604576843649058221055925719892474358535
-17.87929290904125313781967858043102377795402877911979466867168969149715472257747887299075091119912639273953837717543182878747486
17.87929290904125313781967858043102377795402877911979466867168969149715472257747887299075091119912639273953837717543182878747486
-18.133463264928520431654525468874281581691206238649479854114790885000437768125793825293236717140547072492582077744595721521639351
18.133463264928520431654525468874281581691206238649479854114790885000437768125793825293236717140547072492582077744595721521639351
-18.395802579369741173805794378014818589153826654829132150039211619514010008477315863387814001677409635013561873780365819570968622
18.395802579369741173805794378014818589153826654829132150039211619514010008477315863387814001677409635013561873780365819570968622
-18.667619644572782410029919030258515338834173855778771272891277245618640665917939257540945175671917842740345554616701902730102699
18.667619644572782410029919030258515338834173855778771272891277245618640665917939257540945175671917842740345554616701902730102699
-18.950629733292437871877816724675336579838947997465773790159018458810983355300290312095897144454853364827117196855790131483071031
18.950629733292437871877816724675336579838947997465773790159018458810983355300290312095897144454853364827117196855790131483071031
-19.247162582918766693548576263853720452103088368551395001976626209549661036348977253926658450654093449235565075286160707439848226
19.247162582918766693548576263853720452103088368551395001976626209549661036348977253926658450654093449235565075286160707439848226
-19.560534087643255618770220872060569529955981098305721661816853330579377575434736264330073429761862256402289427650878714715749048
19.560534087643255618770220872060569529955981098305721661816853330579377575434736264330073429761862256402289427650878714715749048
-19.895776227473745649035763072027438583816852275910645353465787661050132157562830006243678274913360103243334976332943680814414779
19.895776227473745649035763072027438583816852275910645353465787661050132157562830006243678274913360103243334976332943680814414779
-20.261275400951257478383014833741269628774200279267009507159447071661561630542104663466540844687943037183367976663947648334686321
20.261275400951257478383014833741269628774200279267009507159447071661561630542104663466540844687943037183367976663947648334686321
-20.673298277009520136409088152072444877811038790680589861179833213977974562187405848614678915854130313097477960752281108560127277
20.673298277009520136409088152072444877811038790680589861179833213977974562187405848614678915854130313097477960752281108560127277
-21.174397131708567642531416267116777429673900593474593507926073805242429672381576428758245583959794520389582868191847143947519488
21.174397131708567642531416267116777429673900593474593507926073805242429672381576428758245583959794520389582868191847143947519488