-0.070459890861406321061402775908962092518671214965766516471029416536233480291127756602851765706538916026709698569761212913856877865
0.070459890861406321061402775908962092518671214965766516471029416536233480291127756602851765706538916026709698569761212913856877865
-0.21138248805856989576328933100703565125519223385798234289434833385179325657916420129310096491797260651462028654402024050264539134
0.21138248805856989576328933100703565125519223385798234289434833385179325657916420129310096491797260651462028654402024050264539134
-0.3523135331415733125230400884048129800406135401654919851803170482203748959582776736479143457169345900692225050891202006175411954
0.3523135331415733125230400884048129800406135401654919851803170482203748959582776736479143457169345900692225050891202006175411954
-0.49325866291248431844652278449469062249710339143585257734244907855592548718871382472172099265300745221949501095967318568642460938
0.49325866291248431844652278449469062249710339143585257734244907855592548718871382472172099265300745221949501095967318568642460938
-0.63422352149840112877636366055686284671115922880299574658630589035423100869128430358117597577189425206182393171133180148788534262
0.63422352149840112877636366055686284671115922880299574658630589035423100869128430358117597577189425206182393171133180148788534262
-0.77521376329702623083659394120428155641811168300027385412529009160633656329115302338294504427585649315711750996135598782338564243
0.77521376329702623083659394120428155641811168300027385412529009160633656329115302338294504427585649315711750996135598782338564243
-0.91623505593785848429724536563054804244197489542026837074622454701222819111340514411934300513043585718283057764150229738716644196
0.91623505593785848429724536563054804244197489542026837074622454701222819111340514411934300513043585718283057764150229738716644196
-1.0572930832635471819141106928514613309793083067106236277608290013917034523571368181712172140844314378085211748940668938147457898
1.0572930832635471819141106928514613309793083067106236277608290013917034523571368181712172140844314378085211748940668938147457898
-1.1983935483360132729412032231143935742699235281490933969456624800293113282382645240938405562271273952418279635698814294010560222
1.1983935483360132729412032231143935742699235281490933969456624800293113282382645240938405562271273952418279635698814294010560222
-1.3395421764720188007384240165623134881676268000013982922092313961536851431654195715349221058233851848447837992693807854694635643
1.3395421764720188007384240165623134881676268000013982922092313961536851431654195715349221058233851848447837992693807854694635643
-1.4807447183129561559937157524806872472235752071855255615074670551897302786431534530028237417307857408450689273562614363308808212
1.4807447183129561559937157524806872472235752071855255615074670551897302786431534530028237417307857408450689273562614363308808212
-1.6220069529337344645295298874793801851413228743993695935672986707774384216972293066703020638758142161890090466183668629456663532
1.6220069529337344645295298874793801851413228743993695935672986707774384216972293066703020638758142161890090466183668629456663532
-1.7633346909957618623809655855700554995314230966068559062577116917648562072894260914956540343569060379978082243690794285590510863
1.7633346909957618623809655855700554995314230966068559062577116917648562072894260914956540343569060379978082243690794285590510863
-1.9047337779491601949643045709902996830817855544245501796218231095661058043364458860171345735435180235401954468471293332331753767
1.9047337779491601949643045709902996830817855544245501796218231095661058043364458860171345735435180235401954468471293332331753767
-2.0462100972895035366944151949239031047886602601231373719794265683826489412794399102780509188911796589756582308993250481506403691
2.0462100972895035366944151949239031047886602601231373719794265683826489412794399102780509188911796589756582308993250481506403691
-2.1877695738745446838815523746026676037619231695519758823973405625793996188563933350762318355001543667676510193385064306554395082
2.1877695738745446838815523746026676037619231695519758823973405625793996188563933350762318355001543667676510193385064306554395082
-2.3294181773065853518102057865178242612976516906425732474084707996852035075793739400086472700901147620287913855745688779537037182
2.3294181773065853518102057865178242612976516906425732474084707996852035075793739400086472700901147620287913855745688779537037182
-2.4711619253863572419091368885148250190914608609048086417503416377607650679032610307366427246805962879515554426883438830188844066
2.4711619253863572419091368885148250190914608609048086417503416377607650679032610307366427246805962879515554426883438830188844066
-2.6130068876445135913810358493861503690857210365566803800237000232920001065183869082455216291294407955573098225825211921353587411
2.6130068876445135913810358493861503690857210365566803800237000232920001065183869082455216291294407955573098225825211921353587411
-2.7549591889570855588869581103144152932785388641357013307027449191181733271052817168696188421381163561631522212765060215411557597
2.7549591889570855588869581103144152932785388641357013307027449191181733271052817168696188421381163561631522212765060215411557597
-2.8970250132515362588059083396867603052994515069698426719114605985709791525939278489913651543723462650566137273254971041872160426
2.8970250132515362588059083396867603052994515069698426719114605985709791525939278489913651543723462650566137273254971041872160426
-3.0392106073103490079192898343346120810705019938825216730669375082012568602962259629093703863101932175964874488875168345346678695
3.0392106073103490079192898343346120810705019938825216730669375082012568602962259629093703863101932175964874488875168345346678695
-3.1815222846794171322279887489274970712343435172989557682163244079047336406907713823718535778262751232620950658941171832365352571
3.1815222846794171322279887489274970712343435172989557682163244079047336406907713823718535778262751232620950658941171832365352571
-3.3239664296888624188391036034236021923330321630043876257517531077620657534441998499727860091933630248191597904303847360402005008
3.3239664296888624188391036034236021923330321630043876257517531077620657534441998499727860091933630248191597904303847360402005008
-3.4665495015943001071661542147188676315746595685251851923283592892794999689635719457120191089955470140985123957428038935685171141
3.4665495015943001071661542147188676315746595685251851923283592892794999689635719457120191089955470140985123957428038935685171141
-3.6092780388469925308531586205735029633460008834433757124989091952966285727261803624385799291188678936977055063466081054645410782
3.6092780388469925308531586205735029633460008834433757124989091952966285727261803624385799291188678936977055063466081054645410782
-3.752158663501793721244373273117275638381967727772868291873108070989097171134789751320493660110761244877371976077928697373955486
3.752158663501793721244373273117275638381967727772868291873108070989097171134789751320493660110761244877371976077928697373955486
-3.8951980857722863019928810750603481463803206366878977472471302311090784307066974738118235138885291476704663463464280660967600451
3.8951980857722863019928810750603481463803206366878977472471302311090784307066974738118235138885291476704663463464280660967600451
-4.0384031087430529694290984322598928758237963303340969498393722722489961125588711917685917085921131863737949667997629783666706724
4.0384031087430529694290984322598928758237963303340969498393722722489961125588711917685917085921131863737949667997629783666706724
-4.1817806332496112116188121682892080033830441383051897122676668905139424712985443882660007846531142643353634445962963222767625519
4.1817806332496112116188121682892080033830441383051897122676668905139424712985443882660007846531142643353634445962963222767625519
-4.3253376629371754718459572609820395367234748498269828243635827505545377692547279953254514905770379958088079936338619887901815864
4.3253376629371754718459572609820395367234748498269828243635827505545377692547279953254514905770379958088079936338619887901815864
-4.4690813095100999032340917739215435417335621665865182996968831336982844199889848513329230718443094517625290843201794617656783113
4.4690813095100999032340917739215435417335621665865182996968831336982844199889848513329230718443094517625290843201794617656783113
-4.6130187981846018195332668630780568850766503174828029119551277223828107942906911367017745843845003097354697880702559645461074154
4.6130187981846018195332668630780568850766503174828029119551277223828107942906911367017745843845003097354697880702559645461074154
-4.7571574733581760358103058746280692859114899405773001121100886971379729384809534651622992826527937983446904652241576616233652657
4.7571574733581760358103058746280692859114899405773001121100886971379729384809534651622992826527937983446904652241576616233652657
-4.9015048045099891634019556084936551280115505930218126942359291772740852153866601237370427599493920765450827887835033600864585808
4.9015048045099891634019556084936551280115505930218126942359291772740852153866601237370427599493920765450827887835033600864585808
-5.046068392347496827487705362112881425869830981214567693101647438406596282448987407585399673749498461836892669145371650248215275
5.046068392347496827487705362112881425869830981214567693101647438406596282448987407585399673749498461836892669145371650248215275
-5.1908559752155626338699832689663789570191636089454539845338507140686138028023005539425683493547265623236475295706951647801960689
5.1908559752155626338699832689663789570191636089454539845338507140686138028023005539425683493547265623236475295706951647801960689
-5.3358754357854831927461279000776863269358621410415645164676938678966011237638202343819314823782155395959391706165577958157450428
5.3358754357854831927461279000776863269358621410415645164676938678966011237638202343819314823782155395959391706165577958157450428
-5.4811348080425471168393834755041408428227229779894811739768093217244297561848834068578412977068846151184972841852430675066986676
5.4811348080425471168393834755041408428227229779894811739768093217244297561848834068578412977068846151184972841852430675066986676
-5.6266422845920870919659011139660061370545571350456594547541356862806660521295147440785860615658708250216234285116630478853164211
5.6266422845920870919659011139660061370545571350456594547541356862806660521295147440785860615658708250216234285116630478853164211
-5.772406224305433364185265404858730178014951601020801828204663344784356311580264401071353047934213109365247138066420678750295177
5.772406224305433364185265404858730178014951601020801828204663344784356311580264401071353047934213109365247138066420678750295177
-5.9184351603287559745516939391489120971862015288414090424814534197693198060441430481988294838480185992120117378711916442496619089
5.9184351603287559745516939391489120971862015288414090424814534197693198060441430481988294838480185992120117378711916442496619089
-6.0647378084795048043646192366924180835629349529921939368806449735713928707827033517881500677960571794727049755287401564694992176
6.0647378084795048043646192366924180835629349529921939368806449735713928707827033517881500677960571794727049755287401564694992176
-6.211323076057035471828070304610380940797023395985757956762877004617523443997661154870365008664994450650256269691586509368557007
6.211323076057035471828070304610380940797023395985757956762877004617523443997661154870365008664994450650256269691586509368557007
-6.3582000710960615350273295608694604614509536801776261759192688492574069217294684594380116287309908703074967008997119652031894395
6.3582000710960615350273295608694604614509536801776261759192688492574069217294684594380116287309908703074967008997119652031894395
-6.5053781120938174039417620660750911339987823979770581125938866575228166693211427739474090598777343657286416103472005422272843532
6.5053781120938174039417620660750911339987823979770581125938866575228166693211427739474090598777343657286416103472005422272843532
-6.652866738244272102528362815064970262631342518182317555574264514829930414403262382280282151550902154247246307247064640432921581
6.652866738244272102528362815064970262631342518182317555574264514829930414403262382280282151550902154247246307247064640432921581
-6.8006757202154242539296285989616268357049549804282678411972414116319938928630890774570179003437478056181816128852822993206723333
6.8006757202154242539296285989616268357049549804282678411972414116319938928630890774570179003437478056181816128852822993206723333
-6.9488150715086588675642255094341793454565533088099417142799861863174705653060331172117839389995067800983984893021257566381395379
6.9488150715086588675642255094341793454565533088099417142799861863174705653060331172117839389995067800983984893021257566381395379
-7.0972950604423853229081241090332896635962901731677297491269733533963133054563469218471828436141914970789996557449969381477730185
7.0972950604423853229081241090332896635962901731677297491269733533963133054563469218471828436141914970789996557449969381477730185
-7.2461262228057356022184526388298365618001228526322492133385602129180792606378965759415852638877625008232890011983792201536634783
7.2461262228057356022184526388298365618001228526322492133385602129180792606378965759415852638877625008232890011983792201536634783
-7.3953193752320186539788787154929162447268803177321071681647221725494834282074937268381333925152615533287283374887679387159542292
7.3953193752320186539788787154929162447268803177321071681647221725494834282074937268381333925152615533287283374887679387159542292
-7.5448856293459417850324016707036764116480254673898365187899142479268056292415091478387419365966134995169840446493017159073629824
7.5448856293459417850324016707036764116480254673898365187899142479268056292415091478387419365966134995169840446493017159073629824
-7.694836406743369557583782712193277439331534828806584760491312199601893508757072804512273085622498685007767594618125508105564288
7.694836406743369557583782712193277439331534828806584760491312199601893508757072804512273085622498685007767594618125508105564288
-7.8451834548676473294047766924767725136178621710122802347332518414602958454292782707118062438512046040348520326116941873338302126
7.8451834548676473294047766924767725136178621710122802347332518414602958454292782707118062438512046040348520326116941873338302126
-7.9959388638523299040120521728179605292348018354530128183528663795975503099525825100889647413286616939371318831087695893243988415
7.9959388638523299040120521728179605292348018354530128183528663795975503099525825100889647413286616939371318831087695893243988415
-8.1471150844065934602538638746582919764324812494738139183744983221582436525516718049127912758465335782805986595521747764580149951
8.1471150844065934602538638746582919764324812494738139183744983221582436525516718049127912758465335782805986595521747764580149951
-8.2987249468267480851888892548666679411468663391906388561166997450881037156196666779372747773945010278047807944229636540890722908
8.2987249468267480851888892548666679411468663391906388561166997450881037156196666779372747773945010278047807944229636540890722908
-8.4507816812251967435846818498824149016814267351353508100518879361687031454880536565603816000610815326053466043294301618009896397
8.4507816812251967435846818498824149016814267351353508100518879361687031454880536565603816000610815326053466043294301618009896397
-8.6032989390770048187018534690307653574775324863839799515842760068164710127864222926816103421720279350925664873267717789137337605
8.6032989390770048187018534690307653574775324863839799515842760068164710127864222926816103421720279350925664873267717789137337605
-8.7562908161940674309991789951803803096655676480341743487423238374884687959072373814598377681217160847053944799705746512516873466
8.7562908161940674309991789951803803096655676480341743487423238374884687959072373814598377681217160847053944799705746512516873466
-8.9097718772478214711478427617687690936531150239762967181729016487621616950534901852081620791231708666088723165021525077455192541
8.9097718772478214711478427617687690936531150239762967181729016487621616950534901852081620791231708666088723165021525077455192541
-9.0637571819736972625750841679193785394863092997519074624954846282052983226296531088759977688829046590311178501866623649074143301
9.0637571819736972625750841679193785394863092997519074624954846282052983226296531088759977688829046590311178501866623649074143301
-9.2182623132042156030213938883298668179054238771805434204103481631683689893290221632164548384438010738159293909653984831709430988
9.2182623132042156030213938883298668179054238771805434204103481631683689893290221632164548384438010738159293909653984831709430988
-9.3733034068930111768180529721507122600262541193565199168153555902011690422394558281530371373900657244007185822484545593672498255
9.3733034068930111768180529721507122600262541193565199168153555902011690422394558281530371373900657244007185822484545593672498255
-9.5288971843093361583231391887100289537295962121911265513367342293067179556866137951569590700397466810075566461099443831720686928
9.5288971843093361583231391887100289537295962121911265513367342293067179556866137951569590700397466810075566461099443831720686928
-9.6850609866020386331685240576969751700140550964985138670905783425308021567538969132033621195340858128096148686084264338392012499
9.6850609866020386331685240576969751700140550964985138670905783425308021567538969132033621195340858128096148686084264338392012499
-9.8418128119539335384249697840198682240943309213106535747502203794093994177777231758775677580910134923914813851913175831543165347
9.8418128119539335384249697840198682240943309213106535747502203794093994177777231758775677580910134923914813851913175831543165347
-9.9991713555722553846093826815181087180551595462723574772520889018354394903189471074983079753547263115545049176024502917825934877
9.9991713555722553846093826815181087180551595462723574772520889018354394903189471074983079753547263115545049176024502917825934877
-10.157156052788929886900402650304471134672245636630989766371329078512402521110186724956857927637597221500505383023817635441463974
10.157156052788929886900402650304471134672245636630989766371329078512402521110186724956857927637597221500505383023817635441463974
-10.31578712557622688920881411143285530460413252896494728561563936873267687167758748238249652312242821126673914244102832545015342
10.31578712557622688920881411143285530460413252896494728561563936873267687167758748238249652312242821126673914244102832545015342
-10.475085632819548127101333722511696554901845701379689982282543763902533811733943619525777663634956239873187860139174478043041881
10.475085632819548127101333722511696554901845701379689982282543763902533811733943619525777663634956239873187860139174478043041881
-10.635073524730353588410031641914614815932453590715327971379926806218061243977859106033697765433560691833433963668777565707799358
10.635073524730353588410031641914614815932453590715327971379926806218061243977859106033697765433560691833433963668777565707799358
-10.795773701829358258638344670114149065942829371472406585726333936177727172498357982637824300349601990784358980010272396785211081
10.795773701829358258638344670114149065942829371472406585726333936177727172498357982637824300349601990784358980010272396785211081
-10.957210078984106967203542164463913190134711946311486372111474397354176611177298306362486544216288547858118558721333041140548344
10.957210078984106967203542164463913190134711946311486372111474397354176611177298306362486544216288547858118558721333041140548344
-11.119407655047011867467651299114149962103479677483996110236026713198917231443659264543663578277161664881573289085715550217378844
11.119407655047011867467651299114149962103479677483996110236026713198917231443659264543663578277161664881573289085715550217378844
-11.282392588711289637120906302708624414134312005938788428265863455334425188303756809288931291918179971526794814917290842303766229
11.282392588711289637120906302708624414134312005938788428265863455334425188303756809288931291918179971526794814917290842303766229
-11.446192281284608737174723912763321397122749384839015042084803792216159023275573673247001227648101432078518755383128348709875721
11.446192281284608737174723912763321397122749384839015042084803792216159023275573673247001227648101432078518755383128348709875721
-11.610835467175626098313032753999334301207565636466270092080716037042344427958859297275154925362301989997216675421191014313710485
11.610835467175626098313032753999334301207565636466270092080716037042344427958859297275154925362301989997216675421191014313710485
-11.776352312999337559592548414768079901653656238936053919276917474395710648633552415371564683832499866304779476335433274711831728
11.776352312999337559592548414768079901653656238936053919276917474395710648633552415371564683832499866304779476335433274711831728
-11.942774526336166505311880258362621670557657730333622630516777643267406155755905543485734793510624305969537697232018463141696365
11.942774526336166505311880258362621670557657730333622630516777643267406155755905543485734793510624305969537697232018463141696365
-12.110135475330467272706063026821980552740917858534273660059059792316965971498873982515727721738297456933882434071741014903866417
12.110135475330467272706063026821980552740917858534273660059059792316965971498873982515727721738297456933882434071741014903866417
-12.278470320490888577017121378319353904073186130586222727121245648019084146504266244627668693067214888140720360005188011457497654
12.278470320490888577017121378319353904073186130586222727121245648019084146504266244627668693067214888140720360005188011457497654
-12.447816160263050726890311804231107478666493936695867227252104794746033326444503088469937043240324053141248017865653552627882832
12.447816160263050726890311804231107478666493936695867227252104794746033326444503088469937043240324053141248017865653552627882832
-12.618212192190665352079345484980439870578970327817502290689222829257163357800495264744686973195828421847781800857948508987114636
12.618212192190665352079345484980439870578970327817502290689222829257163357800495264744686973195828421847781800857948508987114636
-12.789699891772512181109942923341348396838779346487758938601574364683324624896930506227365576225806012907811856906747864508035633
12.789699891772512181109942923341348396838779346487758938601574364683324624896930506227365576225806012907811856906747864508035633
-12.962323211469453568333241956843175926854139842007154219048605125420209774908080115735876906847280284761081555461073782656392645
12.962323211469453568333241956843175926854139842007154219048605125420209774908080115735876906847280284761081555461073782656392645
-13.136128802730238624180226920389514164697944614817719146624906699196634539778712958276904669172361687209453086242868260868337677
13.136128802730238624180226920389514164697944614817719146624906699196634539778712958276904669172361687209453086242868260868337677
-13.311166264402699384537465010221504414446136391865138649056902703824511834799110752849871522380209009111082541780219931001119346
13.311166264402699384537465010221504414446136391865138649056902703824511834799110752849871522380209009111082541780219931001119346
-13.487488421497611902803425290101293312429366696938156991677085913545957485871006760951008470374623675143906804074552454848225694
13.487488421497611902803425290101293312429366696938156991677085913545957485871006760951008470374623675143906804074552454848225694
-13.665151639000808860703342924649899328684846028230997332714181750098244809152013145576617822973208251472639233304806143178903277
13.665151639000808860703342924649899328684846028230997332714181750098244809152013145576617822973208251472639233304806143178903277
-13.844216176316821965176096542715163876357203245520061428288497794896624048800464153836588526340281654725088379619079772996940533
13.844216176316821965176096542715163876357203245520061428288497794896624048800464153836588526340281654725088379619079772996940533
-14.024746589015243699742421762374106045901606622026841618536098879121935291173321291038626055235605542007810731028589629107529306
14.024746589015243699742421762374106045901606622026841618536098879121935291173321291038626055235605542007810731028589629107529306
-14.206812185892062548858609965566944605135788697835201507340081595436658821005324514053160613051409698793072881931760181575880151
14.206812185892062548858609965566944605135788697835201507340081595436658821005324514053160613051409698793072881931760181575880151
-14.390487551021562309107647937424988920672441029049580944995601798806113023769988110630796031297790713104461312872595277631227005
14.390487551021562309107647937424988920672441029049580944995601798806113023769988110630796031297790713104461312872595277631227005
-14.575853142550952459236746668392540258927453962460866121337787409685011428454280157789922908640605657388406560314207086800382677
14.575853142550952459236746668392540258927453962460866121337787409685011428454280157789922908640605657388406560314207086800382677
-14.762995982600444268540934590176749021594822839702792241542577669086206377406079271917637315223027915854796434738832896094175147
14.762995982600444268540934590176749021594822839702792241542577669086206377406079271917637315223027915854796434738832896094175147
-14.952010455937674153447396081663105498595562941870321172375946859513242565367128550717853745422729951465816196032324868792813604
14.952010455937674153447396081663105498595562941870321172375946859513242565367128550717853745422729951465816196032324868792813604
-15.142999239315751805073304983895037957010823844695122102112124803065429393424305053864544790673996127964823441535329566704154019
15.142999239315751805073304983895037957010823844695122102112124803065429393424305053864544790673996127964823441535329566704154019
-15.336074388797233644158744007787822068431666395558811744987872695079760605670793096104151654124536345874460902005491433630731814
15.336074388797233644158744007787822068431666395558811744987872695079760605670793096104151654124536345874460902005491433630731814
-15.531358619444022811320024458327742454514099073666683830769951265981400717959142623248770111482734404583888966549407956705814408
15.531358619444022811320024458327742454514099073666683830769951265981400717959142623248770111482734404583888966549407956705814408
-15.728986821011060737957701049549390877686558750046274357648823135916454917733936027514866836588122046667241664627402513819885853
15.728986821011060737957701049549390877686558750046274357648823135916454917733936027514866836588122046667241664627402513819885853
-15.929107865553621955121117272991586068083036452277161543342697019737875949012332897777789441844945298021348357694543682933494772
15.929107865553621955121117272991586068083036452277161543342697019737875949012332897777789441844945298021348357694543682933494772
-16.131886779310863259067073441853893016740919594552497159984021534890148163784234774570019545942833363139626664873335364480747338
16.131886779310863259067073441853893016740919594552497159984021534890148163784234774570019545942833363139626664873335364480747338
-16.337507373559369197528806116537911809033631583233086405876529126760855637020494137961496375099322362874015772340360955261959036
16.337507373559369197528806116537911809033631583233086405876529126760855637020494137961496375099322362874015772340360955261959036
-16.546175459848473711686065708648962958498601448920648567874925683327197364405147064703680953397355228566217140296119718296306481
16.546175459848473711686065708648962958498601448920648567874925683327197364405147064703680953397355228566217140296119718296306481
-16.758122817906753254028932918893398520567688994864224666755301047037489443081662230314349361177491799996038908600311158445679939
16.758122817906753254028932918893398520567688994864224666755301047037489443081662230314349361177491799996038908600311158445679939
-16.973612145328208132976738476730661514935152338577024500303717409843133226576042334768799486782917932975023460980166364122068625
16.973612145328208132976738476730661514935152338577024500303717409843133226576042334768799486782917932975023460980166364122068625
-17.192943305955242433061293012120488322091547231991105377462352488576880427560944135207142428953266282738707439908828320992902866
17.192943305955242433061293012120488322091547231991105377462352488576880427560944135207142428953266282738707439908828320992902866
-17.41646132316225963791078631122700873525274146312050480406604960783319433489798106006982630844693547773183618339600121073901993
17.41646132316225963791078631122700873525274146312050480406604960783319433489798106006982630844693547773183618339600121073901993
-17.644566758810447471243704903106049075838605160836027486625195822698635015700996465435065001358580899293526851881143304631940018
17.644566758810447471243704903106049075838605160836027486625195822698635015700996465435065001358580899293526851881143304631940018
-17.877729418727144521181848971660892370343733546268427126046897846340419934501860515414496430875170489083936858459880723657244424
17.877729418727144521181848971660892370343733546268427126046897846340419934501860515414496430875170489083936858459880723657244424
-18.116506801404401510904754585367939939950564400224242711866127837763196819629236652101648108433650149774041014048864056155037072
18.116506801404401510904754585367939939950564400224242711866127837763196819629236652101648108433650149774041014048864056155037072
-18.361569485400967590764391593699626943991280082030688405410099113302395291963295827578397577891246018950358398947442342141173139
18.361569485400967590764391593699626943991280082030688405410099113302395291963295827578397577891246018950358398947442342141173139
-18.61373697282461110229059757057639490760836578507087197243005662136016742891086361473876146177066050631587643766714196957132661
18.61373697282461110229059757057639490760836578507087197243005662136016742891086361473876146177066050631587643766714196957132661
-18.874029847255935851703776173636182011514847046662908514977939180226329842899982358137682611443569980621967957899992961544857028
18.874029847255935851703776173636182011514847046662908514977939180226329842899982358137682611443569980621967957899992961544857028
-19.143748463249134052793458365920450097264904150143922675446645580023140392628273653358732265210924498730056348976986282358863836
19.143748463249134052793458365920450097264904150143922675446645580023140392628273653358732265210924498730056348976986282358863836
-19.424597003849955208704353595001893497997451203269626887296072567543261865195087394820667458889375214420777980576879718291520319
19.424597003849955208704353595001893497997451203269626887296072567543261865195087394820667458889375214420777980576879718291520319
-19.718890093114123284069493162275044119065874310103000164520120758108631334114617103409738687244705948366393567159253479592647112
19.718890093114123284069493162275044119065874310103000164520120758108631334114617103409738687244705948366393567159253479592647112
-20.029922030032629415604211793837431566667848078544730359630667874419925734603989757661830899275565259808045027515102961867598221
20.029922030032629415604211793837431566667848078544730359630667874419925734603989757661830899275565259808045027515102961867598221
-20.362691875384979528191555552362970512415316387344388752168048606722658307902564168836025353467396609150633871332860312928989418
20.362691875384979528191555552362970512415316387344388752168048606722658307902564168836025353467396609150633871332860312928989418
-20.725530881111778532633890065652635279327473235036563772469163054845528754815647726512926604724352614921717563938626733042062823
20.725530881111778532633890065652635279327473235036563772469163054845528754815647726512926604724352614921717563938626733042062823
-21.134598117140353884070822788179264349401606437054300395740019582136918855433762941109733578089499139098008583422662137440274433
21.134598117140353884070822788179264349401606437054300395740019582136918855433762941109733578089499139098008583422662137440274433
-21.632162416388231254798334952328370779885402160504923569541998119058354815665214031001647580838728032119060498052496073419085171
21.632162416388231254798334952328370779885402160504923569541998119058354815665214031001647580838728032119060498052496073419085171