0
-0.37294171704961686114534582504947826387930811627149375933445807042536130208007317012059133481506843824357940907802850419708273012
0.37294171704961686114534582504947826387930811627149375933445807042536130208007317012059133481506843824357940907802850419708273012
-0.74661763987986701711835459116023981373884373532622169105340289389015276126739964530269130158886063411868830733838055631220082243
0.74661763987986701711835459116023981373884373532622169105340289389015276126739964530269130158886063411868830733838055631220082243
-1.1217809907203026167832821355551485222213344861093962970246367805215854253170893165287758531917881048750568222180277308002830274
1.1217809907203026167832821355551485222213344861093962970246367805215854253170893165287758531917881048750568222180277308002830274
-1.4992244886117301684545276350108151071658535222813040480380136515106822102316013898648872530974102937937202240068564435339440502
1.4992244886117301684545276350108151071658535222813040480380136515106822102316013898648872530974102937937202240068564435339440502
-1.8798039887309170788838233882606426256020219418907665689549717430827878086964445670779362114616387418900214381961426159669016333
1.8798039887309170788838233882606426256020219418907665689549717430827878086964445670779362114616387418900214381961426159669016333
-2.2644675010425686494455192609002667902406911324538044554050543181975497196644095321935875909488857690296273372873320678675890512
2.2644675010425686494455192609002667902406911324538044554050543181975497196644095321935875909488857690296273372873320678675890512
-2.6542927811971720356511563197818438229693173861275451996202108175701952782677100020266120496989716539387094898284577468332232462
2.6542927811971720356511563197818438229693173861275451996202108175701952782677100020266120496989716539387094898284577468332232462
-3.0505384204304466908744973823434786395624372618911721580997117197599409470347937665610265728366202443996153616744591757410124283
3.0505384204304466908744973823434786395624372618911721580997117197599409470347937665610265728366202443996153616744591757410124283
-3.4547164957519908272587071847235475744039839895663008228922630151257965398030641412415971226047048481704459604512019015511571919
3.4547164957519908272587071847235475744039839895663008228922630151257965398030641412415971226047048481704459604512019015511571919
-3.8687007309691543826004617314557880183245906464168922563208584022218345841246547665336997435267424763639585607742962747761717731
3.8687007309691543826004617314557880183245906464168922563208584022218345841246547665336997435267424763639585607742962747761717731
-4.2948958144927632315076450409667727574500078659297810340275428082696052018035200614054199664108260839222325111146469079782582717
4.2948958144927632315076450409667727574500078659297810340275428082696052018035200614054199664108260839222325111146469079782582717
-4.7365184774132108004524740754768452509005428505750576140059375994783298737174907086289992646734449313104823958406560679748692027
4.7365184774132108004524740754768452509005428505750576140059375994783298737174907086289992646734449313104823958406560679748692027
-5.198099346197752624160516241024544497894178682247232905919660227966314539318438992997458552478692312343270112126769044820056743
5.198099346197752624160516241024544497894178682247232905919660227966314539318438992997458552478692312343270112126769044820056743
-5.6864689480904415916967881602321522999527916119862561315558538957414825896132594367816607755389873395315450536198185349560702852
5.6864689480904415916967881602321522999527916119862561315558538957414825896132594367816607755389873395315450536198185349560702852
-6.2129737476337168733016934662777208063441283008784356383898711867577507490480518452383037509160827319942886044827051324505526356
6.2129737476337168733016934662777208063441283008784356383898711867577507490480518452383037509160827319942886044827051324505526356
-6.7996094132841301572300879320318908996148428866126425711304807875829403465693417031376477936455595838557383215666112360442081162
6.7996094132841301572300879320318908996148428866126425711304807875829403465693417031376477936455595838557383215666112360442081162
-7.5040211464489360800968445336990316742157763263872170242878228038760714906554157369824766143720334262355629655687096759301398016
7.5040211464489360800968445336990316742157763263872170242878228038760714906554157369824766143720334262355629655687096759301398016