-0.072532688278827911991893697128916700718054302808311883045675263336554890070001126194131020631996150204458478644785102847236783555
0.072532688278827911991893697128916700718054302808311883045675263336554890070001126194131020631996150204458478644785102847236783555
-0.21760131955368672043946744220341049327778091989007569480662691892989565829704836660385650139747442813592296201252419721815114895
0.21760131955368672043946744220341049327778091989007569480662691892989565829704836660385650139747442813592296201252419721815114895
-0.36267971687914188065543778080747243577454022356053383193619349998073542167970830185534187168337189518166031300001658444117178556
0.36267971687914188065543778080747243577454022356053383193619349998073542167970830185534187168337189518166031300001658444117178556
-0.5077743972887822128171638432937875948501863591825978982819783265545208861234059427166696156820143610586867540764774244546973607
0.5077743972887822128171638432937875948501863591825978982819783265545208861234059427166696156820143610586867540764774244546973607
-0.65289188732731082629458191320178241926439511145070356782217854900292292934476351532900481087590557901677802113411462745755057333
0.65289188732731082629458191320178241926439511145070356782217854900292292934476351532900481087590557901677802113411462745755057333
-0.79803872687768535033437874038286958352670883730915712567412774660686081922119295700202171058060925474273382559658528710395229842
0.79803872687768535033437874038286958352670883730915712567412774660686081922119295700202171058060925474273382559658528710395229842
-0.94322147301104552848215645710461647255642648737293253313661250442596776117626119312171885067122627453246771233541159014160584438
0.94322147301104552848215645710461647255642648737293253313661250442596776117626119312171885067122627453246771233541159014160584438
-1.0884467038660720873162096012143585264241001998676721283858009154454424987164266481558139309847973764665615052560649435143477042
1.0884467038660720873162096012143585264241001998676721283858009154454424987164266481558139309847973764665615052560649435143477042
-1.2337210225645217618139047786400349889597090495225464810228261005027826909062685010895314533444442504567965065114696871157613766
1.2337210225645217618139047786400349889597090495225464810228261005027826909062685010895314533444442504567965065114696871157613766
-1.3790510611698079421856868988127432992271779542535631956109091456032413383225278701193530178941942328100907208876304872670688808
1.3790510611698079421856868988127432992271779542535631956109091456032413383225278701193530178941942328100907208876304872670688808
-1.524443484695645319577537344658469492248656640877098499775217734600465644479484586999117854593363975084733368036246346671030702
1.524443484695645319577537344658469492248656640877098499775217734600465644479484586999117854593363975084733368036246346671030702
-1.669904995171951015278864333373557333114065455418081420479460903620695456293121318641097536780838911583387837967320662705527949
1.669904995171951015278864333373557333114065455418081420479460903620695456293121318641097536780838911583387837967320662705527949
-1.8154423357753949975161713971397974519356976982869034152119594552523042590703079499684661017821398406991036045613038201703756054
1.8154423357753949975161713971397974519356976982869034152119594552523042590703079499684661017821398406991036045613038201703756054
-1.9610622950322203010142967563310179773002995239251458759153815932042328408784872420543411792031733021483223708908300954369978408
1.9610622950322203010142967563310179773002995239251458759153815932042328408784872420543411792031733021483223708908300954369978408
-2.106771711101210019150366346321614409247666351569263377998920928992218579268170388736042315728132135906110830790480963866106767
2.106771711101210019150366346321614409247666351569263377998920928992218579268170388736042315728132135906110830790480963866106767
-2.252577476144964773202339616697773952454418426263298920491368429578499758359287812753185113582825483754474838252785612085674279
2.252577476144964773202339616697773952454418426263298920491368429578499758359287812753185113582825483754474838252785612085674279
-2.3984865407979731129889235605828504766888813452000760047748465772244834722885786497712872623742079718397608541097514548530077071
2.3984865407979731129889235605828504766888813452000760047748465772244834722885786497712872623742079718397608541097514548530077071
-2.544505918740310017765685017271917271390300336073630862579984925181979367392611383474458438654099844201450997939272422681359011
2.544505918740310017765685017271917271390300336073630862579984925181979367392611383474458438654099844201450997939272422681359011
-2.6906426913861875279856268350120620049290462441509622153126133217297001722927681058381266750494389490349740508149400331093006474
2.6906426913861875279856268350120620049290462441509622153126133217297001722927681058381266750494389490349740508149400331093006474
-2.8369040126970089832186404098445925153510761232882201093609779598757663014076129559756182594576597637021029478758185541041131068
2.8369040126970089832186404098445925153510761232882201093609779598757663014076129559756182594576597637021029478758185541041131068
-2.9832971141290470816214985200038927139442547801690506797091642654273995783782302071344271714130448760074184035780513152720867258
2.9832971141290470816214985200038927139442547801690506797091642654273995783782302071344271714130448760074184035780513152720867258
-3.1298293097263790274004922458028270510469934291126582627956260248170496817334414125041495938543151442100042728136962735030870161
3.1298293097263790274004922458028270510469934291126582627956260248170496817334414125041495938543151442100042728136962735030870161
-3.2765080013702727431034287772923855132596267834971856511015649527306346330431051220904948093451049301288338235578909948527285221
3.2765080013702727431034287772923855132596267834971856511015649527306346330431051220904948093451049301288338235578909948527285221
-3.4233406841968302081542700294308279379282811046124437889837069363057650848826495202743867368957524591075173501858682612283629027
3.4233406841968302081542700294308279379282811046124437889837069363057650848826495202743867368957524591075173501858682612283629027
-3.5703349521953615629896869893687785709493518586754434257999285187175912894766276084381091104979304004265571853655657910378045648
3.5703349521953615629896869893687785709493518586754434257999285187175912894766276084381091104979304004265571853655657910378045648
-3.7174985040006912557713390305932222174724726806993257426067606602656865503474300290477232099488703440766124317114978432262779054
3.7174985040006912557713390305932222174724726806993257426067606602656865503474300290477232099488703440766124317114978432262779054
-3.8648391488933902675990708846603175978459561223001392498928838427042222974094478723618031314920782289578700313275676841687868364
3.8648391488933902675990708846603175978459561223001392498928838427042222974094478723618031314920782289578700313275676841687868364
-4.0123648130227919439614065719271501307351981620059864908486662721496316037731512989512441146099120094679331122558399601820702001
4.0123648130227919439614065719271501307351981620059864908486662721496316037731512989512441146099120094679331122558399601820702001
-4.1600835458685894077645165046778825506447066902265240111265766971801614355240379570245478590689564205031796529078639050754803913
4.1600835458685894077645165046778825506447066902265240111265766971801614355240379570245478590689564205031796529078639050754803913
-4.3080035269578368366222455916624726628212848080602382625722801656885654766452432328926757515279670484610150574827636564075435772
4.3080035269578368366222455916624726628212848080602382625722801656885654766452432328926757515279670484610150574827636564075435772
-4.4561330728552927178812345607836829274508992326005211558910593619473427736682650920912944342890353750085056148624109273455667425
4.4561330728552927178812345607836829274508992326005211558910593619473427736682650920912944342890353750085056148624109273455667425
-4.6044806444462590617992947785706603036894361927796143564913075230934319549512955363214456486924908059336155856594638216829402618
4.6044806444462590617992947785706603036894361927796143564913075230934319549512955363214456486924908059336155856594638216829402618
-4.7530548545323959192580917157362863059311986077794420136736339278958879813706678835932624451233167793865939438802652241118477852
4.7530548545323959192580917157362863059311986077794420136736339278958879813706678835932624451233167793865939438802652241118477852
-4.9018644757624359432671113176671818308737523338360669231009588006633728917605546814806222345093959237872490880688056017961631818
4.9018644757624359432671113176671818308737523338360669231009588006633728917605546814806222345093959237872490880688056017961631818
-5.0509184489213008767957451819057965970317693436959159338261838468488534824458433332687082001278367424530052190491190015660992039
5.0509184489213008767957451819057965970317693436959159338261838468488534824458433332687082001278367424530052190491190015660992039
-5.2002258916028438108534062994403223316746004340881901069524934231452508116256052768442860969843704263722529545897286546770559024
5.2002258916028438108534062994403223316746004340881901069524934231452508116256052768442860969843704263722529545897286546770559024
-5.3497961072933224175094227208518798505216014554637054225063990431411043011622758227446938776012206562806924648410541232990251347
5.3497961072933224175094227208518798505216014554637054225063990431411043011622758227446938776012206562806924648410541232990251347
-5.4996385948947654108958253228973334499189307432646089295185600425595258516771494403672392873105852926155897110729771896752184788
5.4996385948947654108958253228973334499189307432646089295185600425595258516771494403672392873105852926155897110729771896752184788
-5.6497630587196454412310141189960735068668259129673347169985478789986117405132400809420432203795557402670855787166203097538709091
5.6497630587196454412310141189960735068668259129673347169985478789986117405132400809420432203795557402670855787166203097538709091
-5.8001794189907368794332296933872020523015251497301655282021468725950219691739533963911523961615836963140937897633708654281096246
5.8001794189907368794332296933872020523015251497301655282021468725950219691739533963911523961615836963140937897633708654281096246
-5.9508978228827393707092674439609944431941776467413500368279028168471278437725038547041779790360817585076312810330467461872258507
5.9508978228827393707092674439609944431941776467413500368279028168471278437725038547041779790360817585076312810330467461872258507
-6.1019286561452132962859384864909116371965619870645764247513797887807824075035541942278951635612534003549511769107330282904381551
6.1019286561452132962859384864909116371965619870645764247513797887807824075035541942278951635612534003549511769107330282904381551
-6.2532825553496302419563051512374788033488054675521043124219161058851543670424110914120541309354915879210496272420878855628247025
6.2532825553496302419563051512374788033488054675521043124219161058851543670424110914120541309354915879210496272420878855628247025
-6.4049704208069227176786032828296634498593542109653951083429337894913236334814875199083711201009737092477306325798119066265883831
6.4049704208069227176786032828296634498593542109653951083429337894913236334814875199083711201009737092477306325798119066265883831
-6.5570034302058593296669621208019996667858423788910002388737096698643244124698312523181096576740162594090528708256021795075394205
6.5570034302058593296669621208019996667858423788910002388737096698643244124698312523181096576740162594090528708256021795075394205
-6.7093930530269157284495817973821167469980694740671250908756710005035768544183729704061210494759295472238815531842193400697824431
6.7093930530269157284495817973821167469980694740671250908756710005035768544183729704061210494759295472238815531842193400697824431
-6.8621510657911047069486695195280285988427020504752527191217126748920447570177462748489858632395212145329172712005662253163993412
6.8621510657911047069486695195280285988427020504752527191217126748920447570177462748489858632395212145329172712005662253163993412
-7.0152895682085237686934411267923304234645889822432055243162407744822553634622381515360812661391980514721574143321900603327279742
7.0152895682085237686934411267923304234645889822432055243162407744822553634622381515360812661391980514721574143321900603327279742
-7.1688210002972354200336324103565693992301518222273248331652057216467971781653740624728233635614896513254949267931068122267188292
7.1688210002972354200336324103565693992301518222273248331652057216467971781653740624728233635614896513254949267931068122267188292
-7.3227581605495826538521931737310227959025307517227448432445329193895607086385132527934892581552844767080978211575128971306074655
7.3227581605495826538521931737310227959025307517227448432445329193895607086385132527934892581552844767080978211575128971306074655
-7.4771142252302373330824164396995400139289210015718451937243554555351383135662344571276855528665950907713064351124397230550665751
7.4771142252302373330824164396995400139289210015718451937243554555351383135662344571276855528665950907713064351124397230550665751
-7.6319027688982711218816120103800958091419703000795538970631217411531618291536796452342374219781593871095006826415515069017103346
7.6319027688982711218816120103800958091419703000795538970631217411531618291536796452342374219781593871095006826415515069017103346
-7.7871377862544285698278234532573341607207545148722922703513349896392121851633821854764188145930065033038773119223108183422537629
7.7871377862544285698278234532573341607207545148722922703513349896392121851633821854764188145930065033038773119223108183422537629
-7.9428337154246859231455009536678161731229652867574306688426459782958385568736655259631062956061678953422639242367524322670602389
7.9428337154246859231455009536678161731229652867574306688426459782958385568736655259631062956061678953422639242367524322670602389
-8.099005462802230271775323647386009257263565657673802206875475442367426214233665105888229849614595264686808748857708525322601612
8.099005462802230271775323647386009257263565657673802206875475442367426214233665105888229849614595264686808748857708525322601612
-8.2556684295823446800260336403370068005786134369127114804940943339656301587805689053845181442155599578449714659414291188203184271
8.2556684295823446800260336403370068005786134369127114804940943339656301587805689053845181442155599578449714659414291188203184271
-8.4128385401385121533241515793908766450401130434270726009386420648213037329381126072769168159793255941688978802842040149757089815
8.4128385401385121533241515793908766450401130434270726009386420648213037329381126072769168159793255941688978802842040149757089815
-8.5705322724035580165066982889190759708251008784215653773079136131307437744424833362265456465089249891675522512742578449531463253
8.5705322724035580165066982889190759708251008784215653773079136131307437744424833362265456465089249891675522512742578449531463253
-8.728766690437071785351852658108877803152594883057659745400102881533777468591648809264054596446174353827350787171584825552278148
8.728766690437071785351852658108877803152594883057659745400102881533777468591648809264054596446174353827350787171584825552278148
-8.8875594793799587178028520911322316913055980027475176469801007706324688244815503426592025766351918324898988239016663691377622347
8.8875594793799587178028520911322316913055980027475176469801007706324688244815503426592025766351918324898988239016663691377622347
-9.0469289830190850479821818907855156060602013768016176188425548305899277769740914886667296017333223992644032755180137538342369138
9.0469289830190850479821818907855156060602013768016176188425548305899277769740914886667296017333223992644032755180137538342369138
-9.2068942442099689478093968965897492313129606351822854568808005260501913955277109037324088769365584307858914401911979701837892823
9.2068942442099689478093968965897492313129606351822854568808005260501913955277109037324088769365584307858914401911979701837892823
-9.3674750484337631966671509805716247418738548585893865399233092670301869674789912421054001685576388238071108238187316920695960692
9.3674750484337631966671509805716247418738548585893865399233092670301869674789912421054001685576388238071108238187316920695960692
-9.5286919707968809778451415344622144833603033889970554335528800986336386205354253751312690255942235787832026077476159120244953434
9.5286919707968809778451415344622144833603033889970554335528800986336386205354253751312690255942235787832026077476159120244953434
-9.6905664268181269902263648836193080143725888635161165862446042975345390747295791978214466021950968172277462897321019902749050735
9.6905664268181269902263648836193080143725888635161165862446042975345390747295791978214466021950968172277462897321019902749050735
-9.8531207273898115759424594648329639332205116038539956720440404850207815119621522447574744779572374111209425051341313200421097404
9.8531207273898115759424594648329639332205116038539956720440404850207815119621522447574744779572374111209425051341313200421097404
-10.016378138346871995027085396237400498193748397170976251697812414265152633435180688384182751814348362760636221124433515683717396
10.016378138346871995027085396237400498193748397170976251697812414265152633435180688384182751814348362760636221124433515683717396
-10.180362945132481201052484254047177149482514821002703606305385409414692171562273531016679860545338276284682714637908701746539002
10.180362945132481201052484254047177149482514821002703606305385409414692171562273531016679860545338276284682714637908701746539002
-10.345100523111153931929655153130427039654365502390254593530636190779662618227565301570688040567744212379390791995322875008248201
10.345100523111153931929655153130427039654365502390254593530636190779662618227565301570688040567744212379390791995322875008248201
-10.510617414152349958057454653782536223002462777293345675312401482947945345834290315095940582857165479154561565907069486078641879
10.510617414152349958057454653782536223002462777293345675312401482947945345834290315095940582857165479154561565907069486078641879
-10.676941410190684835840869814813304775545791674114105220294621660865212159333130411235498290328676582282204182483800180393704889
10.676941410190684835840869814813304775545791674114105220294621660865212159333130411235498290328676582282204182483800180393704889
-10.844101644565082544738154540243145279918021897271460524094349891811525126000625993592199709889547440051378596036153315422424372
10.844101644565082544738154540243145279918021897271460524094349891811525126000625993592199709889547440051378596036153315422424372
-11.012128692050943758139768609309582122889829268204779229450566207682367400025367780547315796611656997216974950679058470577523569
11.012128692050943758139768609309582122889829268204779229450566207682367400025367780547315796611656997216974950679058470577523569
-11.18105467862956369075048490446340571415248982715258320356036315226172601064604270614273317507490834338063901197984865921927621
11.18105467862956369075048490446340571415248982715258320356036315226172601064604270614273317507490834338063901197984865921927621
-11.350913402191143216559333662406179663531452933291642589193053565157903720182668230109390222420100671528345965463810296342267955
11.350913402191143216559333662406179663531452933291642589193053565157903720182668230109390222420100671528345965463810296342267955
-11.521740465546099739202497412203408873483904728581192090451847267671616182772661979977289858792271369833699399105166113260163403
11.521740465546099739202497412203408873483904728581192090451847267671616182772661979977289858792271369833699399105166113260163403
-11.693573423329271160063469263185424360939782808084620377274420102374309272906066912549971810365602186826635430982957822098497813
11.693573423329271160063469263185424360939782808084620377274420102374309272906066912549971810365602186826635430982957822098497813
-11.866451944629502583610687054812748965830219783368700491882593873396430254892307173939491592040441943492572555752682477843978377
11.866451944629502583610687054812748965830219783368700491882593873396430254892307173939491592040441943492572555752682477843978377
-12.040417993471028304511800185599271618574716394731904122846627982603710906838874915214227230512253989555294156387218401418617596
12.040417993471028304511800185599271618574716394731904122846627982603710906838874915214227230512253989555294156387218401418617596
-12.215516029622971061728787281354695994747820968309779506748561379773889828495956900944252218679170461416907157451941898824236551
12.215516029622971061728787281354695994747820968309779506748561379773889828495956900944252218679170461416907157451941898824236551
-12.391793232631614217910320405834722232614502413086234654400791137853404251529537628441650455319464209882652052602740931840002979
12.391793232631614217910320405834722232614502413086234654400791137853404251529537628441650455319464209882652052602740931840002979
-12.569299752472476938919799384835867422836447966163384999356891751490213543975328128792686932985483916396724048396905196157495749
12.569299752472476938919799384835867422836447966163384999356891751490213543975328128792686932985483916396724048396905196157495749
-12.748088990825357622843116309114823994134981530108231580712878816776717683088280700198107175027772213498624681978229066163807331
12.748088990825357622843116309114823994134981530108231580712878816776717683088280700198107175027772213498624681978229066163807331
-12.928217917710458504056064994916760842935954886725103946025280707439592769076688922459768291977961870911804023566450042236240202
12.928217917710458504056064994916760842935954886725103946025280707439592769076688922459768291977961870911804023566450042236240202
-13.109747429119491429360788031984444444960137895078788045050149150234718609331326506672099039371693147710919019243121454605497995
13.109747429119491429360788031984444444960137895078788045050149150234718609331326506672099039371693147710919019243121454605497995
-13.292742752373509357181859781399749219185882096833606504610503786165950123529928316949158539291859281668406164339386362686067284
13.292742752373509357181859781399749219185882096833606504610503786165950123529928316949158539291859281668406164339386362686067284
-13.477273907292532123150990523207582926777121539074774704089496996832141600564465894937758101955383868709044363604449021364178534
13.477273907292532123150990523207582926777121539074774704089496996832141600564465894937758101955383868709044363604449021364178534
-13.663416232940595420348965371807481901733180213792509047454707179358592185897213337193794291041781732170903464154957621316000298
13.663416232940595420348965371807481901733180213792509047454707179358592185897213337193794291041781732170903464154957621316000298
-13.851250991805457555640811689590285607196998045337749631113679563294588249125218236156841037713633527808192374176548356258175345
13.851250991805457555640811689590285607196998045337749631113679563294588249125218236156841037713633527808192374176548356258175345
-14.040866065906697971444475073592776110896849279957021737168423593667893615426898730331559789283838631785618888125665241361724008
14.040866065906697971444475073592776110896849279957021737168423593667893615426898730331559789283838631785618888125665241361724008
-14.232356762662499951067211416121457703067225503703761914138706715226233324454226828640154449218182436400415293705058442791706614
14.232356762662499951067211416121457703067225503703761914138706715226233324454226828640154449218182436400415293705058442791706614
-14.425826752604603754525422818712994532098793008974681858185005963234395449613793135500866958578719120381340870443074643876931484
14.425826752604603754525422818712994532098793008974681858185005963234395449613793135500866958578719120381340870443074643876931484
-14.62138916651397357771533227290884315819174415135084461636898753117347359907852873552437643796001496034785520634790608917089692
14.62138916651397357771533227290884315819174415135084461636898753117347359907852873552437643796001496034785520634790608917089692
-14.819167886672500960338380147912098389098232495603740933931872288243235415628003472138640288639994302332526742797650525778529705
14.819167886672500960338380147912098389098232495603740933931872288243235415628003472138640288639994302332526742797650525778529705
-15.019299076269406627260462807143939431291704306866069855462270164265262408747667696224874780863462514163210874020053866251461767
15.019299076269406627260462807143939431291704306866069855462270164265262408747667696224874780863462514163210874020053866251461767
-15.221933003386400002372851748312221173912516522893327337193272415212832761775306051076918857236841702053514989835254931182486198
15.221933003386400002372851748312221173912516522893327337193272415212832761775306051076918857236841702053514989835254931182486198
-15.427236232590796444831419355516441477466179078167223962395398417775721154974278306752692595864850486004434182585903034457899445
15.427236232590796444831419355516441477466179078167223962395398417775721154974278306752692595864850486004434182585903034457899445
-15.635394279703873191980215947011762477385367086585110316130368363381544787881465839061074800434408372725445348443157616320010352
15.635394279703873191980215947011762477385367086585110316130368363381544787881465839061074800434408372725445348443157616320010352
-15.846614856314896270404800383338682437961474008460728694694898083049065837483365801993321089349356009878945686519694509103966556
15.846614856314896270404800383338682437961474008460728694694898083049065837483365801993321089349356009878945686519694509103966556
-16.061131873887383908107775785751387576806791441015497985286046567891093947575507619232371221621158731956443282930490228988672155
16.061131873887383908107775785751387576806791441015497985286046567891093947575507619232371221621158731956443282930490228988672155
-16.279210438689348999222610189553136325154910047019631710445736540704271302274509446832477256634942396043086315645671073685821278
16.279210438689348999222610189553136325154910047019631710445736540704271302274509446832477256634942396043086315645671073685821278
-16.501153157406260099169757925199342277276673929961322790004443437664342410719322896277096998992548227359835169394859931799163184
16.501153157406260099169757925199342277276673929961322790004443437664342410719322896277096998992548227359835169394859931799163184
-16.727308203788885613059425392542440627805045280688366877731649692392906062499287302927746495720513311302033290017691666128866035
16.727308203788885613059425392542440627805045280688366877731649692392906062499287302927746495720513311302033290017691666128866035
-16.958079793073610381556108042308223532479830037505582704350621211788889265953698930158880361322119336955650721803477884503916473
16.958079793073610381556108042308223532479830037505582704350621211788889265953698930158880361322119336955650721803477884503916473
-17.19394201380475536618373243739338726871469203600586113128445095980086919829111695108989383279717290794869497380077961930937817
17.19394201380475536618373243739338726871469203600586113128445095980086919829111695108989383279717290794869497380077961930937817
-17.435457446990826881635444685010162155805735253596692261297838814127941776798526487479417921880873682533627624873549843745654045
17.435457446990826881635444685010162155805735253596692261297838814127941776798526487479417921880873682533627624873549843745654045
-17.683302788628965084910678839045971739447010831711991409924937062896613066566240792681637807510039593259268319361119728853835988
17.683302788628965084910678839045971739447010831711991409924937062896613066566240792681637807510039593259268319361119728853835988
-17.93830502595659263347376935562809578674672753282680445241642780977412986088638614932155611503682630958113817410911844752749628
17.93830502595659263347376935562809578674672753282680445241642780977412986088638614932155611503682630958113817410911844752749628
-18.201494080825613493272610028369940051976766527006480893095196713662991009076761969262506484603619787911669048529153159440011582
18.201494080825613493272610028369940051976766527006480893095196713662991009076761969262506484603619787911669048529153159440011582
-18.474182233497014029057688753329357142661619044610576971479400627147112896563225115144866484022780928873414910160350102529640226
18.474182233497014029057688753329357142661619044610576971479400627147112896563225115144866484022780928873414910160350102529640226
-18.75808934092783422846530016055460568501192890648422127049149483958853660022949927201615685260623753817630046252354117906165948
18.75808934092783422846530016055460568501192890648422127049149483958853660022949927201615685260623753817630046252354117906165948
-19.05555138792223168257776401585132753836506102438787429590983621408427047119295166396063646523032872246413890747096996727352691
19.05555138792223168257776401585132753836506102438787429590983621408427047119295166396063646523032872246413890747096996727352691
-19.369893195705663246789802137593483830163763788899491859010118673576304401220906408494819564897180616803875925832804220759869117
19.369893195705663246789802137593483830163763788899491859010118673576304401220906408494819564897180616803875925832804220759869117
-19.70616035317537376776404821583690968110290378853042499628818580692997491135811696239255637678973890898621450010502241747815196
19.70616035317537376776404821583690968110290378853042499628818580692997491135811696239255637678973890898621450010502241747815196
-20.072762058510490713246630470212638784096494146877394630308994181212639045515319124765212923071452478025176018462400732021433396
20.072762058510490713246630470212638784096494146877394630308994181212639045515319124765212923071452478025176018462400732021433396
-20.486009471150833065138341719004730925991495251490516274720067881995151142395652962031789277590523841640406072716474463213489767
20.486009471150833065138341719004730925991495251490516274720067881995151142395652962031789277590523841640406072716474463213489767
-20.988572084305619206465056789466372496212829792085255198728479409233016548702682968829452586393120659139794615693675635679570277
20.988572084305619206465056789466372496212829792085255198728479409233016548702682968829452586393120659139794615693675635679570277