0
-0.39594273647142311094670041663435740694959080907964690509306898978878107539040794913534196564812318468408885484925537812415922672
0.39594273647142311094670041663435740694959080907964690509306898978878107539040794913534196564812318468408885484925537812415922672
-0.79287697691530893968593032998829673219542255128951980335892525872585087844185158862824796801069394085403608933450761182407611003
0.79287697691530893968593032998829673219542255128951980335892525872585087844185158862824796801069394085403608933450761182407611003
-1.1918269983500464260821358649242078479609218580302966581283802624024732967624685636024784554414319364989451188163019543616656939
1.1918269983500464260821358649242078479609218580302966581283802624024732967624685636024784554414319364989451188163019543616656939
-1.5938858604721398261388419455550027922846428917337172842624074123263169939475696322938638328510056249035179736706803941286704188
1.5938858604721398261388419455550027922846428917337172842624074123263169939475696322938638328510056249035179736706803941286704188
-2.0002585489356389657975562598571240924671445070273865637347146471710121940601410882131808696298623771534317094703347137174464004
2.0002585489356389657975562598571240924671445070273865637347146471710121940601410882131808696298623771534317094703347137174464004
-2.4123177054804201051740184582118756454092186854047356342891365643456604584934450382999519474245489051198967441609244439950756551
2.4123177054804201051740184582118756454092186854047356342891365643456604584934450382999519474245489051198967441609244439950756551
-2.8316804533902054557015640151424826819979882360691512830393134162697602680887705840738632481740946893572479737471411124843164624
2.8316804533902054557015640151424826819979882360691512830393134162697602680887705840738632481740946893572479737471411124843164624
-3.2603207323135408104645401509648402765204179026477908831926198691675835843957599167163198045308510891180497768442948007259370502
3.2603207323135408104645401509648402765204179026477908831926198691675835843957599167163198045308510891180497768442948007259370502
-3.7007434032314694224497164589673418513347104892249562177831958695836055183138792696132171263367635834337524774958803374498642422
3.7007434032314694224497164589673418513347104892249562177831958695836055183138792696132171263367635834337524774958803374498642422
-4.1562717558181451724831352315313724585774027922661217976254990848549745201547943805050119129669425115111376229120383738930354607
4.1562717558181451724831352315313724585774027922661217976254990848549745201547943805050119129669425115111376229120383738930354607
-4.6315595063128599420667997654336424760671982201545610228663595505244911061982061359615665053669183535815806290503229595726548503
4.6315595063128599420667997654336424760671982201545610228663595505244911061982061359615665053669183535815806290503229595726548503
-5.1335955771123807045862968913996249531001370559983159214527508677036394403121397179540514907356663170018453853404078724757373574
5.1335955771123807045862968913996249531001370559983159214527508677036394403121397179540514907356663170018453853404078724757373574
-5.673961444618588329633255878927593402419921909433188899033425252663764272201176841756851715002288104380355836691758120341557769
5.673961444618588329633255878927593402419921909433188899033425252663764272201176841756851715002288104380355836691758120341557769
-6.2750787049428601427036567812529949899980016555887697901374967383534133270104133271341538459698334800509138044000654899736068887
6.2750787049428601427036567812529949899980016555887697901374967383534133270104133271341538459698334800509138044000654899736068887
-6.9956801237185402753248521473231851447846259124809489811824867913084758334986987631492585564370449680764763835256975422816391614
6.9956801237185402753248521473231851447846259124809489811824867913084758334986987631492585564370449680764763835256975422816391614