0
-0.16399150009634111033387460444278644183860519196382327615088824288190953390726988683675978047471976899747762384925879984517030314
0.16399150009634111033387460444278644183860519196382327615088824288190953390726988683675978047471976899747762384925879984517030314
-0.32799501946636004940735171406337942541265818172555575638844217129840651913332545457493832629379813759382688935879569084355834481
0.32799501946636004940735171406337942541265818172555575638844217129840651913332545457493832629379813759382688935879569084355834481
-0.49202258884072004243468566423914147659543386421148347548933084250184385365654258852469098617232237353314040327672875081762620767
0.49202258884072004243468566423914147659543386421148347548933084250184385365654258852469098617232237353314040327672875081762620767
-0.65608626189593509222429466910437390316530508650598540706166822439676846627046067516379779824211014388142964109791452924614188311
0.65608626189593509222429466910437390316530508650598540706166822439676846627046067516379779824211014388142964109791452924614188311
-0.82019812680717279996370470078615397838046952604903686021930848374553161257703270433278979153529639025083331617119299216940797192
0.82019812680717279996370470078615397838046952604903686021930848374553161257703270433278979153529639025083331617119299216940797192
-0.98437031789740867389118229222702125405248082174370536067762270218042267403372719875999375398337011008902406072092497927212877611
0.98437031789740867389118229222702125405248082174370536067762270218042267403372719875999375398337011008902406072092497927212877611
-1.1486150274158850181696991498211221515306102936570192255823448983630790583880620684609459715208022370211800445639945701700498531
1.1486150274158850181696991498211221515306102936570192255823448983630790583880620684609459715208022370211800445639945701700498531
-1.3129445174795540397521457411949460970069095694122077134028303902734091270093754686291095205333936377933625742207112176275570212
1.3129445174795540397521457411949460970069095694122077134028303902734091270093754686291095205333936377933625742207112176275570212
-1.4773711322121057021295554162006609741260452009138560791775778793206931466118474594290279501833314540536817463321271055500823458
1.4773711322121057021295554162006609741260452009138560791775778793206931466118474594290279501833314540536817463321271055500823458
-1.6419073101163048269221230771603945594302232332324629456206882819020672670127609133919468916135679678429197256102623798867981741
1.6419073101163048269221230771603945594302232332324629456206882819020672670127609133919468916135679678429197256102623798867981741
-1.806565596716699748965655488614613159821593613320873517965271427242753335545323061923576467903613554737625235341369531937809377
1.806565596716699748965655488614613159821593613320873517965271427242753335545323061923576467903613554737625235341369531937809377
-1.9713586575113293915388472133505129565589674962485785432378307052103827072873741683393370666725594842619026070366860387831891136
1.9713586575113293915388472133505129565589674962485785432378307052103827072873741683393370666725594842619026070366860387831891136
-2.1362992912728622306882072617832486773289525008193176662334290453645652634416473234091444402184129575296726365352598304872991903
2.1362992912728622306882072617832486773289525008193176662334290453645652634416473234091444402184129575296726365352598304872991903
-2.301400443741667134489534722715842683646933652541735253397317816323062827620568235698049255642687713178646863409724364913265263
2.301400443741667134489534722715842683646933652541735253397317816323062827620568235698049255642687713178646863409724364913265263
-2.4666752217556632252470140824048660244084299088258528486732049538551083369219593653859265328677591304390333553452747143428679103
2.4666752217556632252470140824048660244084299088258528486732049538551083369219593653859265328677591304390333553452747143428679103
-2.6321369078644476255576030776085515989342429830305895128657231174131497940733492384558417933714428235147159577841154023256237184
2.6321369078644476255576030776085515989342429830305895128657231174131497940733492384558417933714428235147159577841154023256237184
-2.7977989754781836654385446519989609474825745615758281835456857756100982790198266242653312710552410326598483367585147467958651749
2.7977989754781836654385446519989609474825745615758281835456857756100982790198266242653312710552410326598483367585147467958651749
-2.9636751046050792825901283493337556762839285892020894232622028433926813784931013560995165990549105957640326428939846337212198498
2.9636751046050792825901283493337556762839285892020894232622028433926813784931013560995165990549105957640326428939846337212198498
-3.1297791982350318680072164379204505385379071688349569496383135840275995695931102323577253918163191219378101884058359160015113115
3.1297791982350318680072164379204505385379071688349569496383135840275995695931102323577253918163191219378101884058359160015113115
-3.2961253994312027062563546280360534236210638062427330508416525345837608448504372800676623910329734321206224206779995516423026306
3.2961253994312027062563546280360534236210638062427330508416525345837608448504372800676623910329734321206224206779995516423026306
-3.4627281091959582231165144918369808437965269041942194228563256421030259092525883381199556922445526345747067012122979816198266272
3.4627281091959582231165144918369808437965269041942194228563256421030259092525883381199556922445526345747067012122979816198266272
-3.6296020051828298582079205681599691065033919980382304170820976010462248369098824647985108695015149608709341926321567426232419786
3.6296020051828298582079205681599691065033919980382304170820976010462248369098824647985108695015149608709341926321567426232419786
-3.7967620613319604320584702068612538176289429237635121554191277585249414937029693769841151144487836277807155403131189870323149716
3.7967620613319604320584702068612538176289429237635121554191277585249414937029693769841151144487836277807155403131189870323149716
-3.9642235685129919151869667472419162513725929021826160863307839259517095730875500248138917875945872196191009028974384678329971138
3.9642235685129919151869667472419162513725929021826160863307839259517095730875500248138917875945872196191009028974384678329971138
-4.1320021562665869972959435047906394306621893327171381069752654208634339620862034835897418259626817180505876087698721649102979591
4.1320021562665869972959435047906394306621893327171381069752654208634339620862034835897418259626817180505876087698721649102979591
-4.3001138157438557062385874890175001665917241916251232370500744308601978439938332883101262749463204454890612822447818737031881755
4.3001138157438557062385874890175001665917241916251232370500744308601978439938332883101262749463204454890612822447818737031881755
-4.4685749239519826712868582210418815547117054024533803577421067082497826619307325382045015049993325357291689836296294541185915809
4.4685749239519826712868582210418815547117054024533803577421067082497826619307325382045015049993325357291689836296294541185915809
-4.6374022694244399155808393644896149648351924304199217114662360491998425907817144047712493596170187613868393118837478154807795964
4.6374022694244399155808393644896149648351924304199217114662360491998425907817144047712493596170187613868393118837478154807795964
-4.8066130794454615435219981392500002312631591087249243140934710661765980241436772104594922054938154734107968597895674636925048564
4.8066130794454615435219981392500002312631591087249243140934710661765980241436772104594922054938154734107968597895674636925048564
-4.9762250489711083215669644355383956117950122725085597077594347337886605819218501152221396901752178170490518482844015104541776641
4.9762250489711083215669644355383956117950122725085597077594347337886605819218501152221396901752178170490518482844015104541776641
-5.1462563714034440769864484960531848072891522265010907944328932397471882174463078292019638917238587480621868217610936657795564543
5.1462563714034440769864484960531848072891522265010907944328932397471882174463078292019638917238587480621868217610936657795564543
-5.3167257713902924953910632522200494918242359204510471164301173688128541319815850262563661395792756055586442596303894948645255063
5.3167257713902924953910632522200494918242359204510471164301173688128541319815850262563661395792756055586442596303894948645255063
-5.4876525398409859162349110006855761140804598681257474654961494836097861209031028256491329046474456447727525672543628427583884321
5.4876525398409859162349110006855761140804598681257474654961494836097861209031028256491329046474456447727525672543628427583884321
-5.6590565713687397845299849673780442283494099291169828258753170291169768868462622348212105271654380590374037163530385835802107744
5.6590565713687397845299849673780442283494099291169828258753170291169768868462622348212105271654380590374037163530385835802107744
-5.8309584043931162472083829028312310742311176082671547814216075114990525390859604515411768853197998215536924899127183175156908638
5.8309584043931162472083829028312310742311176082671547814216075114990525390859604515411768853197998215536924899127183175156908638
-6.00337926416186117894529723302766545277252909116796038713000974865574206373550962596095576176039728286960300693816060455751304
6.00337926416186117894529723302766545277252909116796038713000974865574206373550962596095576176039728286960300693816060455751304
-6.1763411089806584755022451384789622334150994886724325464784792462708014593467834964777138404799932660824436713474318943050711957
6.1763411089806584755022451384789622334150994886724325464784792462708014593467834964777138404799932660824436713474318943050711957
-6.3498666799725683883129162783442794666781184752265630884771282904409676639100247409012261538170752993419585895767962200429630328
6.3498666799725683883129162783442794666781184752265630884771282904409676639100247409012261538170752993419585895767962200429630328
-6.5239795547267192852604758288862807107796210408047698174739521428028433730631781765967143560556163062259163817661172098429987814
6.5239795547267192852604758288862807107796210408047698174739521428028433730631781765967143560556163062259163817661172098429987814
-6.6987042052389305056132474635445999413650668210820483246697192776125261139913542794820544890278866177302246120365040770744388847
6.6987042052389305056132474635445999413650668210820483246697192776125261139913542794820544890278866177302246120365040770744388847
-6.8740660605962156361876603062404217633524279988197196659984196696363605115484628218197760422682129064602102928267800173008399115
6.8740660605962156361876603062404217633524279988197196659984196696363605115484628218197760422682129064602102928267800173008399115
-7.0500915749135669270142535011682073663671555557185198526695139525839295512972056867070204705414653003325319054930911483779470232
7.0500915749135669270142535011682073663671555557185198526695139525839295512972056867070204705414653003325319054930911483779470232
-7.2268083010962608083536071015404486045710559984544449273328758285618033960958490371399645257210555707623522875362380262245213678
7.2268083010962608083536071015404486045710559984544449273328758285618033960958490371399645257210555707623522875362380262245213678
-7.4042449710755923009427539411111007551585750429513280924599093023671567467242550155520421501375092320613304780816395793740051265
7.4042449710755923009427539411111007551585750429513280924599093023671567467242550155520421501375092320613304780816395793740051265
-7.5824315832521664707861552279425333353872886292934846821429268882240214805541795947062634466632556144396984987743444987682736951
7.5824315832521664707861552279425333353872886292934846821429268882240214805541795947062634466632556144396984987743444987682736951
-7.7613994979807180447649960446648700017325666347563900507563655349069872411930092656027258269611188191306960536981508253107252935
7.7613994979807180447649960446648700017325666347563900507563655349069872411930092656027258269611188191306960536981508253107252935
-7.9411815420463906776942340649919401047340797859296386238788182243531442568487604449001827031174622312154974087568481818446046427
7.9411815420463906776942340649919401047340797859296386238788182243531442568487604449001827031174622312154974087568481818446046427
-8.1218121232175032830139825653498304659903900592692541980660910206376813099616532613379418928753600785687289997802871381067606063
8.1218121232175032830139825653498304659903900592692541980660910206376813099616532613379418928753600785687289997802871381067606063
-8.3033273561177280691717305224821312701985160416363089614344154342387256086444929815678935617530533910490888315394265702012645716
8.3033273561177280691717305224821312701985160416363089614344154342387256086444929815678935617530533910490888315394265702012645716
-8.4857652008457742688977390589769847378205060875631788001582138316633998073691229154708475157715588860130876641723555141541273468
8.4857652008457742688977390589769847378205060875631788001582138316633998073691229154708475157715588860130876641723555141541273468
-8.6691656159885892598989962367299550317977706761611420544505155169162854952427303409676747682645826914359099003793981125970431389
8.6691656159885892598989962367299550317977706761611420544505155169162854952427303409676747682645826914359099003793981125970431389
-8.8535707279314930023933646033425770682203464892583111348329195126204437727907401146371465022783827036049098447996040944072658923
8.8535707279314930023933646033425770682203464892583111348329195126204437727907401146371465022783827036049098447996040944072658923
-9.0390250186738825142662539059367467628866701134962304713765064758086037440969350784512318819586391913070077183433744236782922705
9.0390250186738825142662539059367467628866701134962304713765064758086037440969350784512318819586391913070077183433744236782922705
-9.2255755347225295292442823696456895795602906020662632411696139024517112572892958882096486253310814539550736596270434121890855804
9.2255755347225295292442823696456895795602906020662632411696139024517112572892958882096486253310814539550736596270434121890855804
-9.4132721200689707266340485216445429872376030047924876010682328987128119166169038262453464429424036205026158287401573122588073078
9.4132721200689707266340485216445429872376030047924876010682328987128119166169038262453464429424036205026158287401573122588073078
-9.6021676767792840059618685127723091269591380552824395826007042219378714405630196781938740355201839010126306020619429786661908027
9.6021676767792840059618685127723091269591380552824395826007042219378714405630196781938740355201839010126306020619429786661908027
-9.7923184573541492745293745282672299143139908726236358196135482523018557068678040844473657333379347131691362608014218782361817479
9.7923184573541492745293745282672299143139908726236358196135482523018557068678040844473657333379347131691362608014218782361817479
-9.9837843937805430147128915503426606569588434765666969803953623447697552009411046937182186571912898036231745684248858639464746749
9.9837843937805430147128915503426606569588434765666969803953623447697552009411046937182186571912898036231745684248858639464746749
-10.176629469126997671034983850655099395323492814742611509839080027442784703467537027372853453120378639043348080763603090813515252
10.176629469126997671034983850655099395323492814742611509839080027442784703467537027372853453120378639043348080763603090813515252
-10.370922138674908905124665799965374284195437723688791188031719625852308329203468297905818098039664057778302869944287065679236503
10.370922138674908905124665799965374284195437723688791188031719625852308329203468297905818098039664057778302869944287065679236503
-10.566735808984421469456862514351834664911585048465201482094967559796544189116016505061382351327563306617710105219032828553215261
10.566735808984421469456862514351834664911585048465201482094967559796544189116016505061382351327563306617710105219032828553215261
-10.764149385037474588491397226955464744710994792974129956751137752794297798483682283095417166995441875869950345292199067136790013
10.764149385037474588491397226955464744710994792974129956751137752794297798483682283095417166995441875869950345292199067136790013
-10.963247897778072202589897858025938033657752470022053387946140891809783496114097071642785012854704972359134167471787044500906465
10.963247897778072202589897858025938033657752470022053387946140891809783496114097071642785012854704972359134167471787044500906465
-11.164123227107424852122010254695954909500424331302525277819195078406549882114877260457215769940004970969224042059715113551570402
11.164123227107424852122010254695954909500424331302525277819195078406549882114877260457215769940004970969224042059715113551570402
-11.366874938858907267286471848450884089623089397659587370324575312284256841710387713254247427349797923713672506493877050824245987
11.366874938858907267286471848450884089623089397659587370324575312284256841710387713254247427349797923713672506493877050824245987
-11.57161125870409986577085048645202299182256258584614781341410720188050113475924759155752283888839965421244587020684077710479946
11.57161125870409986577085048645202299182256258584614781341410720188050113475924759155752283888839965421244587020684077710479946
-11.778450211639703440746880586805023146803270526152069493499467345295161789159297234669617788256517426692252328994729234127439801
11.778450211639703440746880586805023146803270526152069493499467345295161789159297234669617788256517426692252328994729234127439801
-11.987520963108199223173696031377712102578783544094236146982528006355524302236928851780874160778532006849038850709691127931696021
11.987520963108199223173696031377712102578783544094236146982528006355524302236928851780874160778532006849038850709691127931696021
-12.198965407516691083474447867596076077628309998004856811480340722724123239697358464754813382164678281050085969545401353187991375
12.198965407516691083474447867596076077628309998004856811480340722724123239697358464754813382164678281050085969545401353187991375
-12.412940062792595292493958203264685257139797795583726189841855598747661978615587264169201175179279677850438600593114430217946429
12.412940062792595292493958203264685257139797795583726189841855598747661978615587264169201175179279677850438600593114430217946429
-12.629618346876334850138383688707896963626542206503918025023570610696062301631854010163786184043210359755690636594158300526693063
12.629618346876334850138383688707896963626542206503918025023570610696062301631854010163786184043210359755690636594158300526693063
-12.849193335481475961095342432117865675096401577058580751319166728462405490156498380071722767039527058031801256816556441943646252
12.849193335481475961095342432117865675096401577058580751319166728462405490156498380071722767039527058031801256816556441943646252
-13.071881132685062223159482607125923997963781691980102367939083336986506444503421071747704239479748091845479805518765795781658737
13.071881132685062223159482607125923997963781691980102367939083336986506444503421071747704239479748091845479805518765795781658737
-13.297925030905427182202357929916650932657099576624488347986201901288580725165958439467340201156623231057760147886207937172269637
13.297925030905427182202357929916650932657099576624488347986201901288580725165958439467340201156623231057760147886207937172269637
-13.527600700651212822673512261911158814195092081529431652233683154410240135284730948889331580790410887736721177137516295986242062
13.527600700651212822673512261911158814195092081529431652233683154410240135284730948889331580790410887736721177137516295986242062
-13.761222742582584321732447096627109986717763950740084201348871999463879235533382356274106097361786322553418914282105891921639058
13.761222742582584321732447096627109986717763950740084201348871999463879235533382356274106097361786322553418914282105891921639058
-13.999153070125372552611620904755683664639544268943290242584029256612291543947911813651520953245219360079991795203415363309075485
13.999153070125372552611620904755683664639544268943290242584029256612291543947911813651520953245219360079991795203415363309075485
-14.241811795112391313481886177860961438170809515308911207824411688657380862089771550660849463803819501590780604785755040175709527
14.241811795112391313481886177860961438170809515308911207824411688657380862089771550660849463803819501590780604785755040175709527
-14.489691603942756216411127278990165925107251589059710152676856137274715207402021337727801739529511463325492329955741963585344857
14.489691603942756216411127278990165925107251589059710152676856137274715207402021337727801739529511463325492329955741963585344857
-14.74337711131156139507759247118265617293478576676265533787356381364425196651647505209652526381132935238269221570484078638299971
14.74337711131156139507759247118265617293478576676265533787356381364425196651647505209652526381132935238269221570484078638299971
-15.003571496240675899806138265607225000095764409855813023721570513366992727441736569809235788100916943299767742964108963770388632
15.003571496240675899806138265607225000095764409855813023721570513366992727441736569809235788100916943299767742964108963770388632
-15.27113411315880959102331427856232688184829091844041685593646813554557403797727569699628065062959655718795408747216122119419067
15.27113411315880959102331427856232688184829091844041685593646813554557403797727569699628065062959655718795408747216122119419067
-15.547135229076917870582932253421917459227669317894519909281155110664795185949775124983172420314954758949035571594134804385361825
15.547135229076917870582932253421917459227669317894519909281155110664795185949775124983172420314954758949035571594134804385361825
-15.832938615515194544880979882903639839538588473091600943778435494042611039005314482417416436452100541595158849819484138768380909
15.832938615515194544880979882903639839538588473091600943778435494042611039005314482417416436452100541595158849819484138768380909
-16.130331776708393876590168505191818146632018331755342788369773078673263798088516892225030656451860865917213722943477499167915729
16.130331776708393876590168505191818146632018331755342788369773078673263798088516892225030656451860865917213722943477499167915729
-16.441742871044736652111233019666384689890162500586294022675184622489416747770444027944050724199690211344270941917094414911089449
16.441742871044736652111233019666384689890162500586294022675184622489416747770444027944050724199690211344270941917094414911089449
-16.770628427712007003250418677637186423251407199751619853585422824276718809736209510330431416527571188395076475610434594808568971
16.770628427712007003250418677637186423251407199751619853585422824276718809736209510330431416527571188395076475610434594808568971
-17.122234853198017722960636861430652761859630083571164763627127404695907102138687728547549879765085183210287774933941408771358565
17.122234853198017722960636861430652761859630083571164763627127404695907102138687728547549879765085183210287774933941408771358565
-17.505307899899091745187873609191828069907025595498563262779735147469978786582882712258566722343446395799477777050489347024778681
17.505307899899091745187873609191828069907025595498563262779735147469978786582882712258566722343446395799477777050489347024778681
-17.936815806741906892979549619916995930568962794519655032970432985778359786732830504268335713218613441823534010993255195133099404
17.936815806741906892979549619916995930568962794519655032970432985778359786732830504268335713218613441823534010993255195133099404
-18.461160480857558636034440280873617857604930396868294843723500361638534169866504076623991611341451994808175324588271889759571183
18.461160480857558636034440280873617857604930396868294843723500361638534169866504076623991611341451994808175324588271889759571183