-0.11548778684603312294287812887958423420198338134963934645737115799514721663009750623909138782953961209525167929843261167341586319
0.11548778684603312294287812887958423420198338134963934645737115799514721663009750623909138782953961209525167929843261167341586319
-0.34649667676368104549987481371194892625896806181126502614178835594616082681514235731788262073151037240437300766031518927781915187
0.34649667676368104549987481371194892625896806181126502614178835594616082681514235731788262073151037240437300766031518927781915187
-0.5776056404623203747612629278844862348874165695611788581673272001252746099741937030180511370205426532018775884100692653237091778
0.5776056404623203747612629278844862348874165695611788581673272001252746099741937030180511370205426532018775884100692653237091778
-0.80888181218354054304321663640985051786385833314743174236793458324250582641355797879807944972077933162542321543891055287304452621
0.80888181218354054304321663640985051786385833314743174236793458324250582641355797879807944972077933162542321543891055287304452621
-1.040392958587598713854051540639063280061582270296233342678510782750017567581948545525528812131580568427334580026567095941318348
1.040392958587598713854051540639063280061582270296233342678510782750017567581948545525528812131580568427334580026567095941318348
-1.2722077415053920343962390863841254442679579609726086470805459892693956978176528098526341280819784517518865151410211554805474436
1.2722077415053920343962390863841254442679579609726086470805459892693956978176528098526341280819784517518865151410211554805474436
-1.5043959907356530242881087188213879258183161845831538532467902793326462684520105265389856234473296909798083215640629269952185683
1.5043959907356530242881087188213879258183161845831538532467902793326462684520105265389856234473296909798083215640629269952185683
-1.7370289901408090306338259035533571769229165026083643847319617277578865218270929796075114271270637300210357416158276637383530768
1.7370289901408090306338259035533571769229165026083643847319617277578865218270929796075114271270637300210357416158276637383530768
-1.9701797806022636010333255945513265194866050072322998309301790038815820502296951369007389972947625039960503739510574804321679646
1.9701797806022636010333255945513265194866050072322998309301790038815820502296951369007389972947625039960503739510574804321679646
-2.2039234837948440307445016296873580734910028965140603567706751511659348074172216373516429594544055643554500133188681238570760246
2.2039234837948440307445016296873580734910028965140603567706751511659348074172216373516429594544055643554500133188681238570760246
-2.4383376512469249263958793027269922453585410885315434191225756673171029513801037583490638190487040025474920061441191926037257964
2.4383376512469249263958793027269922453585410885315434191225756673171029513801037583490638190487040025474920061441191926037257964
-2.6735026437884460557748002609149061369080797616720696150416776428464081789502765196201540950692772395817245184742123390952518841
2.6735026437884460557748002609149061369080797616720696150416776428464081789502765196201540950692772395817245184742123390952518841
-2.9095020472812752270997393984487910076910449226685075593133995478008978992387822107379651092635970056072369354190628053588339268
2.9095020472812752270997393984487910076910449226685075593133995478008978992387822107379651092635970056072369354190628053588339268
-3.146423131510976884130052101031780336934654985086858885649193708691016658087353077841141255511526586957612100821055775101349822
3.146423131510976884130052101031780336934654985086858885649193708691016658087353077841141255511526586957612100821055775101349822
-3.3843573603426858822852650533773112297945115026540821137347728355185484008511485727547770707665376858055684407119088140507315919
3.3843573603426858822852650533773112297945115026540821137347728355185484008511485727547770707665376858055684407119088140507315919
-3.6234009627673571812729717991422372983176836484240429467939963430807875835106071809326663640094689895937047899338277616877613771
3.6234009627673571812729717991422372983176836484240429467939963430807875835106071809326663640094689895937047899338277616877613771
-3.8636555763680761015476442982317054510035676695769200623759847475994005038413412304421915116420015395249162264999847457551635908
3.8636555763680761015476442982317054510035676695769200623759847475994005038413412304421915116420015395249162264999847457551635908
-4.1052289771248809319620704445131612225063776271479580224379006506326300083563673046582883853431717895153657855987364927179555769
4.1052289771248809319620704445131612225063776271479580224379006506326300083563673046582883853431717895153657855987364927179555769
-4.3482359124910078100357899662553851341460530113935402755548519335409409471697185810786603445736528962039360709581115935748932091
4.3482359124910078100357899662553851341460530113935402755548519335409409471697185810786603445736528962039360709581115935748932091
-4.5927990585018193937398410264267251686825982214274354311135442178920599036381948701975834744919819784868232392659410854014701608
4.5927990585018193937398410264267251686825982214274354311135442178920599036381948701975834744919819784868232392659410854014701608
-4.839050126574610239820911164168241160630642781165842289600216490179065387198750795023661699794341388863926168399967165614995061
4.839050126574610239820911164168241160630642781165842289600216490179065387198750795023661699794341388863926168399967165614995061
-5.0871311519710606935818317747880098769857544180377666361686308707564846338264143341497825516538801710129898150216922876962495035
5.0871311519710606935818317747880098769857544180377666361686308707564846338264143341497825516538801710129898150216922876962495035
-5.3371960041051261575745298046891890042542240361733233838116992193400525326562265874066440027547969573852947975517103281004602291
5.3371960041051261575745298046891890042542240361733233838116992193400525326562265874066440027547969573852947975517103281004602291
-5.5894121696594164252615800313712379662409523419339450027342828451351039332359749756079238530989653885390930438935087357861225706
5.5894121696594164252615800313712379662409523419339450027342828451351039332359749756079238530989653885390930438935087357861225706
-5.8439628737731489697499800529168284669755710833499190693721525708177960083665170620275094878801653673505325476975697218991041434
5.8439628737731489697499800529168284669755710833499190693721525708177960083665170620275094878801653673505325476975697218991041434
-6.1010496237476024246049135110086811699865101615122867585201685378981790706869187369091955372245206481866787094057272451091686544
6.1010496237476024246049135110086811699865101615122867585201685378981790706869187369091955372245206481866787094057272451091686544
-6.3608952857640545727075800211031795269074276697474475417723731348652895564332552241400713792666231056775363511524377797643801093
6.3608952857640545727075800211031795269074276697474475417723731348652895564332552241400713792666231056775363511524377797643801093
-6.6237478409567275409538606553257573914511403047655240688390914423262641791278947803564874455589145808463758223634759830003821059
6.6237478409567275409538606553257573914511403047655240688390914423262641791278947803564874455589145808463758223634759830003821059
-6.8898850172400426993491318718670301552504061704367055271126748254501751251004975063302771073549261156629458338452799747520736081
6.8898850172400426993491318718670301552504061704367055271126748254501751251004975063302771073549261156629458338452799747520736081
-7.1596200643171860406666051428074730753470961680196332710690783490346676905999020786816606557477805966653702833043016818817436516
7.1596200643171860406666051428074730753470961680196332710690783490346676905999020786816606557477805966653702833043016818817436516
-7.4333090418794831005412429795753514648623043436424702739861302679212793829197776309744830588167211552718127365447943948373077007
7.4333090418794831005412429795753514648623043436424702739861302679212793829197776309744830588167211552718127365447943948373077007
-7.7113601420959170985214443140217680644404856135524236954818665371061762945289379049897161008478384614467186220741873196006503995
7.7113601420959170985214443140217680644404856135524236954818665371061762945289379049897161008478384614467186220741873196006503995
-7.9942457949462567251480861980089093879092177219295094121805226753840323335206528680498378575644592826882017267381600659817017021
7.9942457949462567251480861980089093879092177219295094121805226753840323335206528680498378575644592826882017267381600659817017021
-8.2825186558731365612747796586000407700806854166528891431250623949551931549296375777428365840414886260646472965518659603602767133
8.2825186558731365612747796586000407700806854166528891431250623949551931549296375777428365840414886260646472965518659603602767133
-8.5768331318717065629323164591628595307867118058115336929303203429012879603224169261149616706783164590608587931243516794185931277
8.5768331318717065629323164591628595307867118058115336929303203429012879603224169261149616706783164590608587931243516794185931277
-8.8779750134809072529715849280104953430741661275072044545654190120678205258203612319675624765429329665429696340828718725449717307
8.8779750134809072529715849280104953430741661275072044545654190120678205258203612319675624765429329665429696340828718725449717307
-9.1869033275673406346152701628235597997160887191670622406092030444351533772948551696551573999889838196514922781466637017228198701
9.1869033275673406346152701628235597997160887191670622406092030444351533772948551696551573999889838196514922781466637017228198701
-9.504811267160340336813194401169119660417460992361093551992298627804791246956639639782680729446622822967537435838181548132645919
9.504811267160340336813194401169119660417460992361093551992298627804791246956639639782680729446622822967537435838181548132645919
-9.83321816073327094075827740669874091555701522718588796193978477419568069782149750976897201709183287886635542231993112796478901
9.83321816073327094075827740669874091555701522718588796193978477419568069782149750976897201709183287886635542231993112796478901
-10.174114544331893454897456652734066539416969979688541658178820971256398612123666734654489052994385539886470431236208207415047873
10.174114544331893454897456652734066539416969979688541658178820971256398612123666734654489052994385539886470431236208207415047873
-10.530203913474872955975052911221517187567974563675584255973430989529196265473927163361906883216594164688217268274841697611237906
10.530203913474872955975052911221517187567974563675584255973430989529196265473927163361906883216594164688217268274841697611237906
-10.905335022579179292856840200141430419525067334625182209377224645004553059349916150959668413144617856868086977864214789861941148
10.905335022579179292856840200141430419525067334625182209377224645004553059349916150959668413144617856868086977864214789861941148
-11.30535138128061823334682638489404898779287518756502256403347271423123558023678841949124525076836896675678725865222718879210804
11.30535138128061823334682638489404898779287518756502256403347271423123558023678841949124525076836896675678725865222718879210804
-11.739999277265276679040317483922695759666236145835293570629256428945991666034098976025892536928930378058845974753717374672992417
11.739999277265276679040317483922695759666236145835293570629256428945991666034098976025892536928930378058845974753717374672992417
-12.228202613648115310585120381620134715116005291086205487054286036002144848063870054319228845501584003451865529936331348318146566
12.228202613648115310585120381620134715116005291086205487054286036002144848063870054319228845501584003451865529936331348318146566
-12.819532258018480490072942122256366717963761477407945891529580839624104453365405637077070459478003240545903884200402953044538157
12.819532258018480490072942122256366717963761477407945891529580839624104453365405637077070459478003240545903884200402953044538157