0
-0.45853835006810479775788732928363848096340385223576253963909269562466036130204538723114645091462006892843579510970235343752188482
0.45853835006810479775788732928363848096340385223576253963909269562466036130204538723114645091462006892843579510970235343752188482
-0.91915146544256376543171923959271293208365114964179188491218405217750444084347263872698131095850694108467641049889576705280208773
0.91915146544256376543171923959271293208365114964179188491218405217750444084347263872698131095850694108467641049889576705280208773
-1.3840395856824952373263471711801297190390645102292474350960708979351822500944003906644826219267283841188591428351659100197181116
1.3840395856824952373263471711801297190390645102292474350960708979351822500944003906644826219267283841188591428351659100197181116
-1.8556770376713710625150475371808643103625753684089087560618041641324594153398769114404134505314420349076633220540977390154618765
1.8556770376713710625150475371808643103625753684089087560618041641324594153398769114404134505314420349076633220540977390154618765
-2.3370162114744557864462350217353463041090936207514399658737626299356914210323945820951352589469798302653407368250476843703898309
2.3370162114744557864462350217353463041090936207514399658737626299356914210323945820951352589469798302653407368250476843703898309
-2.8318037871261569014480614073394669277394695912463703750055363011437685360507543830137445594311768828871108290149425089333706719
2.8318037871261569014480614073394669277394695912463703750055363011437685360507543830137445594311768828871108290149425089333706719
-3.3451271599412245724743981458521476382145012444867292693211072049206912765430791091003894477173067924270089121147684262034252005
3.3451271599412245724743981458521476382145012444867292693211072049206912765430791091003894477173067924270089121147684262034252005
-3.8844727081061018660724876028762311318460710903822296278231807870925505385533752102771398474817133000421411957976408614738327257
3.8844727081061018660724876028762311318460710903822296278231807870925505385533752102771398474817133000421411957976408614738327257
-4.4620911737400066767318615707116166705071880511040497012265990624972356042248558547497708398020601181417135307710483984521880275
4.4620911737400066767318615707116166705071880511040497012265990624972356042248558547497708398020601181417135307710483984521880275
-5.1015346104766771296874976616538375708917720330078547888719930670979586330124017344548834390068477798066449545723768393113966222
5.1015346104766771296874976616538375708917720330078547888719930670979586330124017344548834390068477798066449545723768393113966222
-5.864309498984572565387484134743478075275255392598424293967043510584874620519272560464673755568192374030877316262721135180312744
5.864309498984572565387484134743478075275255392598424293967043510584874620519272560464673755568192374030877316262721135180312744