0
-0.18168582913588815215936832591420771339357305768973260020861092984859283669451542214375298079019025389217476299954675971685766448
0.18168582913588815215936832591420771339357305768973260020861092984859283669451542214375298079019025389217476299954675971685766448
-0.36339172205944554534385035913474543398392238239766789672054481007773941011136142632242403719863481243523470899687091322134965824
0.36339172205944554534385035913474543398392238239766789672054481007773941011136142632242403719863481243523470899687091322134965824
-0.54513777138121792640165090702746952221970708454594716174270430420110142346648744675483634664370601725252391563564036540857701167
0.54513777138121792640165090702746952221970708454594716174270430420110142346648744675483634664370601725252391563564036540857701167
-0.72694412747841544122768029917557546976777415625977790262864834914335221273930656652268129875706009128997978384110929775583845832
0.72694412747841544122768029917557546976777415625977790262864834914335221273930656652268129875706009128997978384110929775583845832
-0.90883102768153852198117489468103250981175908149272968125774620965168829772048391132748816427971462003511237178411625342270210296
0.90883102768153852198117489468103250981175908149272968125774620965168829772048391132748816427971462003511237178411625342270210296
-1.0908188258278130792971448386397037517780197032530446239543817838135758103396508530963799484965863411914753459348992857315601321
1.0908188258278130792971448386397037517780197032530446239543817838135758103396508530963799484965863411914753459348992857315601321
-1.2729280223085093342548830179407091229835841694364813124700545961147967996369002431991972635705329533614493763120601957429990254
1.2729280223085093342548830179407091229835841694364813124700545961147967996369002431991972635705329533614493763120601957429990254
-1.4551792947414239834584784421809473996771812259705617372665184248498741140217810947647352110016123740953787460652096374133612265
1.4551792947414239834584784421809473996771812259705617372665184248498741140217810947647352110016123740953787460652096374133612265
-1.6375935294051732234648176561859426052878551946545276807209308195612238235708565951593018832668400513399589100089573039802105323
1.6375935294051732234648176561859426052878551946545276807209308195612238235708565951593018832668400513399589100089573039802105323
-1.8201918535785520319834794388616483998432185839374585645521066214494484188550201726770314047160098708109426061785626374317128275
1.8201918535785520319834794388616483998432185839374585645521066214494484188550201726770314047160098708109426061785626374317128275
-2.002995668936159699523470914004541386413524704657271448164880948723925780802037454109799575503439691720626562029442159460820875
2.002995668936159699523470914004541386413524704657271448164880948723925780802037454109799575503439691720626562029442159460820875
-2.1860266861608908843128582527715190234259669754069816894139319524952775757131081305180495254365889047697683038618828784332204537
2.1860266861608908843128582527715190234259669754069816894139319524952775757131081305180495254365889047697683038618828784332204537
-2.3693069609448873204621339777776741973741772903437975324397256379769767273517165847305040647123873377505935638217960802603539163
2.3693069609448873204621339777776741973741772903437975324397256379769767273517165847305040647123873377505935638217960802603539163
-2.5528589315633068463916456292720502119763749536297407305541442528059034654322118905397423598879033792276718600759705554770358956
2.5528589315633068463916456292720502119763749536297407305541442528059034654322118905397423598879033792276718600759705554770358956
-2.736705458219993926416767160255075473991007413798436996922849909387247733600231893954504928419771474645562528083681768685828591
2.736705458219993926416767160255075473991007413798436996922849909387247733600231893954504928419771474645562528083681768685828591
-2.9208698643810656134727653433569371010005880558102427695130428170161924006151314572970314147254362541729786192334856692202449294
2.9208698643810656134727653433569371010005880558102427695130428170161924006151314572970314147254362541729786192334856692202449294
-3.1053759803318370920157227917102056744058107753595608216073914525439177932067993218229693437832019908269917939304377137955210693
3.1053759803318370920157227917102056744058107753595608216073914525439177932067993218229693437832019908269917939304377137955210693
-3.2902481892147285920137902502221842492570507018297458484419900234524071035501081518068206083363369061859272270415359525056749627
3.2902481892147285920137902502221842492570507018297458484419900234524071035501081518068206083363369061859272270415359525056749627
-3.4755114758312050458685664233889788897435041441255689664950723059594309563657240387400320933760752161424686334122663179919363193
3.4755114758312050458685664233889788897435041441255689664950723059594309563657240387400320933760752161424686334122663179919363193
-3.6611914785198535800610945600493646296176626889068758174943090509612099356455035613158889857928548287171651658226314047515650916
3.6611914785198535800610945600493646296176626889068758174943090509612099356455035613158889857928548287171651658226314047515650916
-3.8473145444559342544894352259980913423227382418305792346767312197479321555347491853750899485509274221266170141216851909318097382
3.8473145444559342544894352259980913423227382418305792346767312197479321555347491853750899485509274221266170141216851909318097382
-4.0339077887557743010755896277862696963117526847616137530208172636417420520215533299786231577724718101015476168137899651394816222
4.0339077887557743010755896277862696963117526847616137530208172636417420520215533299786231577724718101015476168137899651394816222
-4.2209991578129573596802795555174136289426215707536835366395970229497543040576176915332528628035167272156539354302356747131857741
4.2209991578129573596802795555174136289426215707536835366395970229497543040576176915332528628035167272156539354302356747131857741
-4.4086174973432653567632076847243269849638700324833933935187352921376237392558227434607785633113309393402142323805520738642179158
4.4086174973432653567632076847243269849638700324833933935187352921376237392558227434607785633113309393402142323805520738642179158
-4.5967926256728045523223443922858515920113191217584166401729803515761187393089317690083048298832536073598296911195657848541608396
4.5967926256728045523223443922858515920113191217584166401729803515761187393089317690083048298832536073598296911195657848541608396
-4.7855554128699301761984022137511990159432661077480940742741355026852011204944848293710283942440447188983915435186391145941719182
4.7855554128699301761984022137511990159432661077480940742741355026852011204944848293710283942440447188983915435186391145941719182
-4.9749378663979578263407018985586980691789228668531194986034502346447193734907385498106472819974038483219321953717517502939730724
4.9749378663979578263407018985586980691789228668531194986034502346447193734907385498106472819974038483219321953717517502939730724
-5.1649732240539889810762213214820144884271657925163844965426644651442219346295474975784902542619973845138245606136440268229220218
5.1649732240539889810762213214820144884271657925163844965426644651442219346295474975784902542619973845138245606136440268229220218
-5.3556960550616147960993001874668914627111751489268175471446846142034789085378460190429402877069839746977599021094688236693868275
5.3556960550616147960993001874668914627111751489268175471446846142034789085378460190429402877069839746977599021094688236693868275
-5.5471423703043677561442019317203956024202149989849365972951744472041211969859690478200710216036289919671929697484136592202525179
5.5471423703043677561442019317203956024202149989849365972951744472041211969859690478200710216036289919671929697484136592202525179
-5.7393497428256761582216009583823036006779795021401223720146576223185322558248498622099410536218554844187983617269627763862961951
5.7393497428256761582216009583823036006779795021401223720146576223185322558248498622099410536218554844187983617269627763862961951
-5.932357439883522007208402098604832181448274686933701763166794267432914892146855904529665320296219083936411789527235427117971035
5.932357439883522007208402098604832181448274686933701763166794267432914892146855904529665320296219083936411789527235427117971035
-6.1262065680386201465542733112561541075609814411052462616219301673027098018853594894236218073157909707495051051086227941416614767
6.1262065680386201465542733112561541075609814411052462616219301673027098018853594894236218073157909707495051051086227941416614767
-6.320940232979374885476412923776518063419525041638743283497822799577344379550389772226282909830040534772244411805282593406714868
6.320940232979374885476412923776518063419525041638743283497822799577344379550389772226282909830040534772244411805282593406714868
-6.5166037160520824449596314381246295779661351615713135738990737672368868195870223875209943041473329809108932357985326389088537256
6.5166037160520824449596314381246295779661351615713135738990737672368868195870223875209943041473329809108932357985326389088537256
-6.7132446697794292199904708265441191911930093345934784051040233432488225109709595083251967471214198390223946318098421890143927764
6.7132446697794292199904708265441191911930093345934784051040233432488225109709595083251967471214198390223946318098421890143927764
-6.9109133350249676700831871562506502203081257218137676243732077440940891385333227656869589290804442991655808014064573444100235951
6.9109133350249676700831871562506502203081257218137676243732077440940891385333227656869589290804442991655808014064573444100235951
-7.1096627829092728606229474858745740567573961628441899032443633356581441492902453952146495313910002614451282321909956164581242468
7.1096627829092728606229474858745740567573961628441899032443633356581441492902453952146495313910002614451282321909956164581242468
-7.3095491851216436948332541782538645495231265265416154488897128774746094846331686454103569403761570236922969681791853184609547609
7.3095491851216436948332541782538645495231265265416154488897128774746094846331686454103569403761570236922969681791853184609547609
-7.5106321169206678027049657611373863202156686349151740726370034396602859715653156397049217019946971710266607107672359103135693881
7.5106321169206678027049657611373863202156686349151740726370034396602859715653156397049217019946971710266607107672359103135693881
-7.7129748979045941234736444553046586341018654401931940665211287159518878039302533632877387138528035394727880032257251892810831407
7.7129748979045941234736444553046586341018654401931940665211287159518878039302533632877387138528035394727880032257251892810831407
-7.916644976592615058457044927516571225951652210269096315788274016630041284693521379863150477343480806170380448071753482065034758
7.916644976592615058457044927516571225951652210269096315788274016630041284693521379863150477343480806170380448071753482065034758
-8.1217143660350788583477077006152441065198859877523232962539876289312394518395863348918267135392999761618895767080703385862967098
8.1217143660350788583477077006152441065198859877523232962539876289312394518395863348918267135392999761618895767080703385862967098
-8.3282601391216610304642801374516918713777766626277484811500728456650270203162966416359432788011364846513435869515067432225022813
8.3282601391216610304642801374516918713777766626277484811500728456650270203162966416359432788011364846513435869515067432225022813
-8.5363649940564854720913651858615775003609900136440998199859565848737890749176849057650986524331396560556237390617153593400503462
8.5363649940564854720913651858615775003609900136440998199859565848737890749176849057650986524331396560556237390617153593400503462
-8.7461179027166412250731705533116863125199483196895777118761816803587351223975137116626227737949567522190020530127652693364031065
8.7461179027166412250731705533116863125199483196895777118761816803587351223975137116626227737949567522190020530127652693364031065
-8.9576148574362821197207377896476851937411310590766426432760792296999948429554351122947178978571112749188608431902638112846106274
8.9576148574362821197207377896476851937411310590766426432760792296999948429554351122947178978571112749188608431902638112846106274
-9.1709597353376817079296521138485215308446025988599500038772218262288582150641523974323092357336972330165018417615964108258983315
9.1709597353376817079296521138485215308446025988599500038772218262288582150641523974323092357336972330165018417615964108258983315
-9.3862653039000538829824116955997100679774677961195925639088757083535573658719485931769224688292096227925880167414149548835673307
9.3862653039000538829824116955997100679774677961195925639088757083535573658719485931769224688292096227925880167414149548835673307
-9.6036543973400648368783185206854551362826432617991555040692652145261414636276339968598113161414072819232593163654794624096887149
9.6036543973400648368783185206854551362826432617991555040692652145261414636276339968598113161414072819232593163654794624096887149
-9.8232613010212961288486261616388595636882780764032941827079196043965693954496912113436868093492282473378225162313657461068153411
9.8232613010212961288486261616388595636882780764032941827079196043965693954496912113436868093492282473378225162313657461068153411
-10.045233391137220890682985968007026419643276273620078331508054214005330346018631446984960156019973604763346799625480262998681524
10.045233391137220890682985968007026419643276273620078331508054214005330346018631446984960156019973604763346799625480262998681524
-10.269733090205794015789470650949160148150899071423465451868741881719449923426860998163644752890913832829535200673652262623969385
10.269733090205794015789470650949160148150899071423465451868741881719449923426860998163644752890913832829535200673652262623969385
-10.496940216738454144136635652148327240823672154695517184811830668195483653994229425245492166710264590558041036967160625957723814
10.496940216738454144136635652148327240823672154695517184811830668195483653994229425245492166710264590558041036967160625957723814
-10.727054831642461433845626725465556456006819838982948240181616634050185367891696279030529842285892611133090886936374476011131546
10.727054831642461433845626725465556456006819838982948240181616634050185367891696279030529842285892611133090886936374476011131546
-10.960300717203255318819455566122738990402754005655742868266781923186149204908691768457897119535623340803861456253538847897825754
10.960300717203255318819455566122738990402754005655742868266781923186149204908691768457897119535623340803861456253538847897825754
-11.196929670964047613061992202469249141263706358038668152558609542257612294447127714555062858906803453908069165720188743863398191
11.196929670964047613061992202469249141263706358038668152558609542257612294447127714555062858906803453908069165720188743863398191
-11.437226862743915315293715631153063269509299987465741902293204334668097190391493599965416143916025942080915059956660690813859204
11.437226862743915315293715631153063269509299987465741902293204334668097190391493599965416143916025942080915059956660690813859204
-11.681517598227203893217454036019122082682059253566288285965529579507095871313204429769713110278035006799770077210390613473476857
11.681517598227203893217454036019122082682059253566288285965529579507095871313204429769713110278035006799770077210390613473476857
-11.930175972733118418380281761009605441958705411581990699853726949117139111125370449506261969784823272168490278635241882607886372
11.930175972733118418380281761009605441958705411581990699853726949117139111125370449506261969784823272168490278635241882607886372
-12.183636109757822204123968982876693839554058875607421591152157665854307207015874900220408722205266460813486145694478383999365958
12.183636109757822204123968982876693839554058875607421591152157665854307207015874900220408722205266460813486145694478383999365958
-12.442407004329515941304348269912517948491191049974784443657059462611652269537751335802086885194371896573937805902477197619012576
12.442407004329515941304348269912517948491191049974784443657059462611652269537751335802086885194371896573937805902477197619012576
-12.707092507353986569695625040268739063124158313009979258781629428601143168418964186272310689892248155519131245656241434549955283
12.707092507353986569695625040268739063124158313009979258781629428601143168418964186272310689892248155519131245656241434549955283
-12.978418831992128521295069500687697061517511619282877587466499259104541403627491730975369702282228836391626855968657832637707804
12.978418831992128521295069500687697061517511619282877587466499259104541403627491730975369702282228836391626855968657832637707804
-13.257273397371849501240543703538144266214023078618149200478185544736655998998552296455924363575033410306525093184380615268112114
13.257273397371849501240543703538144266214023078618149200478185544736655998998552296455924363575033410306525093184380615268112114
-13.544761365310004913705621884154704394151503950682224362290105932505784072719560853518817432892973267604871422757193618103284216
13.544761365310004913705621884154704394151503950682224362290105932505784072719560853518817432892973267604871422757193618103284216
-13.842290956496823070144742244220329996461874537598029370262918993858936832979952883762451316318734614052695964808552622595117138
13.842290956496823070144742244220329996461874537598029370262918993858936832979952883762451316318734614052695964808552622595117138
-14.151707989055945798390842209402994056819096629383778903124003395023948178780967017123101657070582651363097858317923069860252892
14.151707989055945798390842209402994056819096629383778903124003395023948178780967017123101657070582651363097858317923069860252892
-14.475520005731355289105717902986131094207292069472611970852607683059148379621672668588132823726794081631913760719223618137652961
14.475520005731355289105717902986131094207292069472611970852607683059148379621672668588132823726794081631913760719223618137652961
-14.817296918736640531622347616807057597277095239849067019813865839993127936575183561624538542620429752657745706131165223508817325
14.817296918736640531622347616807057597277095239849067019813865839993127936575183561624538542620429752657745706131165223508817325
-15.182458010099252262253847882859326957599114884605252607142424592053535594038192790422347146679592734545555695682144763850440628
15.182458010099252262253847882859326957599114884605252607142424592053535594038192790422347146679592734545555695682144763850440628
-15.580038874389316249717057708021164557988281685856242619691167724778671682716794735091877348947734032596540164075691878675290671
15.580038874389316249717057708021164557988281685856242619691167724778671682716794735091877348947734032596540164075691878675290671
-16.027574088336885232563452600258599194337903303621717001092273811010956188449628536062772563487168322462322698443989747591105887
16.027574088336885232563452600258599194337903303621717001092273811010956188449628536062772563487168322462322698443989747591105887
-16.570960596234818233171460491382587356913265108799088072893094363616739710842442781872722388415844812416811449519254995963391701
16.570960596234818233171460491382587356913265108799088072893094363616739710842442781872722388415844812416811449519254995963391701