0
-0.15727772925344838058065518063294108743221889302193326658687660710341815075910228924406427571237751812527442951588566413880105943
0.15727772925344838058065518063294108743221889302193326658687660710341815075910228924406427571237751812527442951588566413880105943
-0.31456521057457897177176431084629586953781272712693964764958189311762725976534381935820528904535329772425250954192202686676260023
0.31456521057457897177176431084629586953781272712693964764958189311762725976534381935820528904535329772425250954192202686676260023
-0.47187220389486339616011107948193643335688269914134295652387950755707014152529067982013371168028913697842702972267466518859561557
0.47187220389486339616011107948193643335688269914134295652387950755707014152529067982013371168028913697842702972267466518859561557
-0.62920848489186085198462988630356526298283836293812083626527257099462674847049500818507682512015844926121901657282670109090882414
0.62920848489186085198462988630356526298283836293812083626527257099462674847049500818507682512015844926121901657282670109090882414
-0.78658385290862092087601862325202223826621121996082842683885591023508651092789772066656741145492717212720508246293558019700851072
0.78658385290862092087601862325202223826621121996082842683885591023508651092789772066656741145492717212720508246293558019700851072
-0.94400813892896187944467659782640019536717553735359988955969166793070776394631958592862075493970942726813846784746479077484539557
0.94400813892896187944467659782640019536717553735359988955969166793070776394631958592862075493970942726813846784746479077484539557
-1.1014912136276595489913269266926285539283489928700673592107553472923834237583285557090865761981374024509708745620002006379026717
1.1014912136276595489913269266926285539283489928700673592107553472923834237583285557090865761981374024509708745620002006379026717
-1.2590429955149371901131690674272132610229088266837982164058103903603310277080175069398530111614896026625125732918416180243212131
1.2590429955149371901131690674272132610229088266837982164058103903603310277080175069398530111614896026625125732918416180243212131
-1.4166734591950965459931943349036312402000866624884327617163941886903835639962978198515175976688139899090356869531388460547664407
1.4166734591950965459931943349036312402000866624884327617163941886903835639962978198515175976688139899090356869531388460547664407
-1.5743926437596774556721452549663219675207588631096437666296882481033790714921772060205151465581971944576814676236592919524129026
1.5743926437596774556721452549663219675207588631096437666296882481033790714921772060205151465581971944576814676236592919524129026
-1.7322106613361829055033459146531972372948093463142496477650814156081897167295360594941693937274887162942411815610716211636815577
1.7322106613361829055033459146531972372948093463142496477650814156081897167295360594941693937274887162942411815610716211636815577
-1.8901377058141632387940692576894514831049630074616462849861844757365073195727967228688078667839971803678654002633403830915069299
1.8901377058141632387940692576894514831049630074616462849861844757365073195727967228688078667839971803678654002633403830915069299
-2.0481840617713237073861618583910989569104969697591226167511363655421906641215059493615691266807883475995356068894269146728306507
2.0481840617713237073861618583910989569104969697591226167511363655421906641215059493615691266807883475995356068894269146728306507
-2.2063601136233108404273985200708887568808331647149112260725084151158831002615116591251969139885456862143754247450814877329875037
2.2063601136233108404273985200708887568808331647149112260725084151158831002615116591251969139885456862143754247450814877329875037
-2.3646763550219535403157686178957064265925896024602103047830037822076240374751053679451464353251770304388703399988264535473257598
2.3646763550219535403157686178957064265925896024602103047830037822076240374751053679451464353251770304388703399988264535473257598
-2.5231433985279939151481568945380061534237487245848185693537855910203726480994396836363456380461702114568007316976358177048037697
2.5231433985279939151481568945380061534237487245848185693537855910203726480994396836363456380461702114568007316976358177048037697
-2.6817719855857514717256333625837264759258900449609769608947337251348013871738551259400378228132772383743340331185060375607050343
2.6817719855857514717256333625837264759258900449609769608947337251348013871738551259400378228132772383743340331185060375607050343
-2.8405729968287347463546370344808100122568083328986743092810620745798752906776861952066122808040914141115805328651263951358597846
2.8405729968287347463546370344808100122568083328986743092810620745798752906776861952066122808040914141115805328651263951358597846
-2.9995574627469607029465505146974601434021085124338447768562858576565569415687270885244318584190433023477768998088562396265779549
2.9995574627469607029465505146974601434021085124338447768562858576565569415687270885244318584190433023477768998088562396265779549
-3.158736574748680067912840690807364747899931593791557015829185231498998279301205154816035807955749993065710885003816082325241979
3.158736574748680067912840690807364747899931593791557015829185231498998279301205154816035807955749993065710885003816082325241979
-3.3181216966513540353848452692589038867542567738291785363150196585102782544717233577587676385459292014559205853431648009846495425
3.3181216966513540353848452692589038867542567738291785363150196585102782544717233577587676385459292014559205853431648009846495425
-3.4777243766391046013649025997845675325421133382475802600027483412353573725197961723625314664638171527945174522974091970788914164
3.4777243766391046013649025997845675325421133382475802600027483412353573725197961723625314664638171527945174522974091970788914164
-3.6375563597264899008968814458289179180862048659649574189664203735526575383639142322000557629432294563507855431516068129670141313
3.6375563597264899008968814458289179180862048659649574189664203735526575383639142322000557629432294563507855431516068129670141313
-3.7976296007713629862421060204560679248634846037170760022125997586595005918639920738493552805685487899325927073312880057859138838
3.7976296007713629862421060204560679248634846037170760022125997586595005918639920738493552805685487899325927073312880057859138838
-3.9579562780827864711450041558272977800237647267791245962775143462560638755740069459181230462699236403524134562261317409401219164
3.9579562780827864711450041558272977800237647267791245962775143462560638755740069459181230462699236403524134562261317409401219164
-4.118548807673529116501750371888094132386867096117240756672182274361655364979546156170555604173852085106727610763086656165361538
4.118548807673529116501750371888094132386867096117240756672182274361655364979546156170555604173852085106727610763086656165361538
-4.2794198582106007698112269056007486947498125693841957566985635587618779856302072026804870993153479679449248004482695755814369798
4.2794198582106007698112269056007486947498125693841957566985635587618779856302072026804870993153479679449248004482695755814369798
-4.4405823667216310029040997677190141876227186077279662204237125420061674036239300000502112120550622600328122395479671879976952298
4.4405823667216310029040997677190141876227186077279662204237125420061674036239300000502112120550622600328122395479671879976952298
-4.6020495551197118092309115655822818358260878303888111431035644346121570904545636999352893509489547840821593156644422387723116094
4.6020495551197118092309115655822818358260878303888111431035644346121570904545636999352893509489547840821593156644422387723116094
-4.7638349476146597042702359427879806499885200904980045668746924457992618788661547361723376604377378979805696728213868172844730437
4.7638349476146597042702359427879806499885200904980045668746924457992618788661547361723376604377378979805696728213868172844730437
-4.925952389084568735094448741633623428270670532181720551054160736261403738972550336710824122009461881081766869512686427334307334
4.925952389084568735094448741633623428270670532181720551054160736261403738972550336710824122009461881081766869512686427334307334
-5.0884160644880928957613938648959210971959997904868183229003027031579325077140356908105481223011920097409084381504219558050149827
5.0884160644880928957613938648959210971959997904868183229003027031579325077140356908105481223011920097409084381504219558050149827
-5.2512405194051936298664668766749752018919351900929900122747379037195535173568966776573806650901735749854298227980539626397240597
5.2512405194051936298664668766749752018919351900929900122747379037195535173568966776573806650901735749854298227980539626397240597
-5.4144406818022060683541802546789019392257387769221497765343383608098774809862746460855314066451689395042951688479346477387484147
5.4144406818022060683541802546789019392257387769221497765343383608098774809862746460855314066451689395042951688479346477387484147
-5.5780318851261199749394810268541646853565180935193818896034391327042604776340541712620278287977845299747883322176347479533383167
5.5780318851261199749394810268541646853565180935193818896034391327042604776340541712620278287977845299747883322176347479533383167
-5.742029892843056691807983865902447175394365544277859183061125842081026426577319610612970268511888895390346503847035257309027189
5.742029892843056691807983865902447175394365544277859183061125842081026426577319610612970268511888895390346503847035257309027189
-5.9064509245471878433201681629671810503905297000684940092816507048896465830846208941738399455519709948560173682700474699306807757
5.9064509245471878433201681629671810503905297000684940092816507048896465830846208941738399455519709948560173682700474699306807757
-6.0713116837789417150937605898298678410647810851504939740571850673618613743146828287621679382838048522415933760781692762131470587
6.0713116837789417150937605898298678410647810851504939740571850673618613743146828287621679382838048522415933760781692762131470587
-6.2366293877054594554675172720012489989236529663985597737975710012246800483089490433695027048983083634345706384159308950121881243
6.2366293877054594554675172720012489989236529663985597737975710012246800483089490433695027048983083634345706384159308950121881243
-6.4024217988321038131294586816387965537769999302810978567419696009974077166939116111258363656054007125142894107659916380738965144
6.4024217988321038131294586816387965537769999302810978567419696009974077166939116111258363656054007125142894107659916380738965144
-6.5687072589316290287616625672920674323696220547996021856575877153720128487007221247487530064760590491267430303115053660440826643
6.5687072589316290287616625672920674323696220547996021856575877153720128487007221247487530064760590491267430303115053660440826643
-6.7355047253976712524624554441428430466419667678516074528267145803678245358198668448030790774452482294928000041763460837025147586
6.7355047253976712524624554441428430466419667678516074528267145803678245358198668448030790774452482294928000041763460837025147586
-6.902833810251839406328326403718653187360817327542856744717264822353792902276298897175077023151981755808345122463592090802268983
6.902833810251839406328326403718653187360817327542856744717264822353792902276298897175077023151981755808345122463592090802268983
-7.0707148220592554351626567957605474229383122187775603600770773842887588603882921876236817606121504903886421934874438376560901769
7.0707148220592554351626567957605474229383122187775603600770773842887588603882921876236817606121504903886421934874438376560901769
-7.2391688110363528120641369331030879795884839853855249599588904463384188766114953120556370752465278374575781697062903622343547
7.2391688110363528120641369331030879795884839853855249599588904463384188766114953120556370752465278374575781697062903622343547
-7.4082176176676112398703747741241634793012171746658640798963322388144736274793382157663234749488016075945024129906842257964737111
7.4082176176676112398703747741241634793012171746658640798963322388144736274793382157663234749488016075945024129906842257964737111
-7.5778839251852924342235910660710810637442252673706561814158708148545899322990189615612382205326678163037783393038395832492762712
7.5778839251852924342235910660710810637442252673706561814158708148545899322990189615612382205326678163037783393038395832492762712
-7.7481913163088636844251169357071179149097864232234980773457444700533848543247472665814507693449048009593482342536914505209436807
7.7481913163088636844251169357071179149097864232234980773457444700533848543247472665814507693449048009593482342536914505209436807
-7.9191643346894995571644720703170372946499171536570217245662289622369749270108101784695357499278433333472507234652566879267340968
7.9191643346894995571644720703170372946499171536570217245662289622369749270108101784695357499278433333472507234652566879267340968
-8.0908285515608412239422960684461015889811758103645796846364483977192444838272794725427224318683108793438522932805952652070730923
8.0908285515608412239422960684461015889811758103645796846364483977192444838272794725427224318683108793438522932805952652070730923
-8.2632106381612603254749324120691169749590801896848551748339868999610614219228195344875408628999246813834615467759975566007861758
8.2632106381612603254749324120691169749590801896848551748339868999610614219228195344875408628999246813834615467759975566007861758
-8.436338444566642509934508429949022145788021472740348888653294384820066694166809825761326315766792234102173365152894296595035027
8.436338444566642509934508429949022145788021472740348888653294384820066694166809825761326315766792234102173365152894296595035027
-8.6102410856578768168962628601358161579337266360776207852216890560048790831081563032349897524647709938884931345149789425600748344
8.6102410856578768168962628601358161579337266360776207852216890560048790831081563032349897524647709938884931345149789425600748344
-8.7849490350458546022425638032007308183842718860555004509699565348316619542475455261377684629846261436838484438076598394639615227
8.7849490350458546022425638032007308183842718860555004509699565348316619542475455261377684629846261436838484438076598394639615227
-8.960494227891308621323190379899674725698431712749682394876570540618055262756498048937556428107199090614227667234565056203153577
8.960494227891308621323190379899674725698431712749682394876570540618055262756498048937556428107199090614227667234565056203153577
-9.1369101736902386800110300829511957297313265732081677289799819410428777294253593283516092010584301460550902014517646967863091387
9.1369101736902386800110300829511957297313265732081677289799819410428777294253593283516092010584301460550902014517646967863091387
-9.3142320802515936352320425713399225618220500593967450577619816516782954384546713559647206094000564993845694957460800054342149221
9.3142320802515936352320425713399225618220500593967450577619816516782954384546713559647206094000564993845694957460800054342149221
-9.4924969902767238025542277784132107057723995911287280178265835893732565522974033517787928352393426112217527515109305611963610535
9.4924969902767238025542277784132107057723995911287280178265835893732565522974033517787928352393426112217527515109305611963610535
-9.6717439321652887402106749858954583655747156001508633988161326416895298281408113416976710697965727321985514598453684451767708136
9.6717439321652887402106749858954583655747156001508633988161326416895298281408113416976710697965727321985514598453684451767708136
-9.8520140869264541818163217562998326195968251679273554470467671754767358565959074497103612845284820099351956137591394902478992642
9.8520140869264541818163217562998326195968251679273554470467671754767358565959074497103612845284820099351956137591394902478992642
-10.033350973375561068166500270728332009392925480374420633074955950205048249564082604608012071889627822402012183724444253160545277
10.033350973375561068166500270728332009392925480374420633074955950205048249564082604608012071889627822402012183724444253160545277
-10.215800654155214429054533665563247080410965874292083769026943593973576255490776011540570095802588476506396441032421544274586246
10.215800654155214429054533665563247080410965874292083769026943593973576255490776011540570095802588476506396441032421544274586246
-10.399411965548677160109516104073559906538929538280725449563278519482152544948522534235862770855649515226143616080985214771617796
10.399411965548677160109516104073559906538929538280725449563278519482152544948522534235862770855649515226143616080985214771617796
-10.584236774568581205831024423769386703036786092528723334636085193499903866383431092694445336032721640216186320604287609967990574
10.584236774568581205831024423769386703036786092528723334636085193499903866383431092694445336032721640216186320604287609967990574
-10.770330267425513424015582709008017658229565045318440322322957807754367441699201916445103541455217562860575253779511996162958701
10.770330267425513424015582709008017658229565045318440322322957807754367441699201916445103541455217562860575253779511996162958701
-10.957751274234692107291460849004866554719574093945928232523972814871110776701957234124787896319508327691311457559433289713158845
10.957751274234692107291460849004866554719574093945928232523972814871110776701957234124787896319508327691311457559433289713158845
-11.146562635737574988423665169596782928213471676814954745479575027025898249257963652498151490842693031349734322721845529303197386
11.146562635737574988423665169596782928213471676814954745479575027025898249257963652498151490842693031349734322721845529303197386
-11.336831618941111942282221475434061395655513138972112719700571375862884548955826754102602988387577208021779498100491976109124554
11.336831618941111942282221475434061395655513138972112719700571375862884548955826754102602988387577208021779498100491976109124554
-11.528630389965277060714667330554563604293804584550858705089497857698189669442870511676309208147982274409426407304307341540657769
11.528630389965277060714667330554563604293804584550858705089497857698189669442870511676309208147982274409426407304307341540657769
-11.722036554111045649482228003016248184583990373551697176114808281180590654655212935739970489158599147219272525006446960095855527
11.722036554111045649482228003016248184583990373551697176114808281180590654655212935739970489158599147219272525006446960095855527
-11.917133775310306781598795079633826401893080418282782303993819199908514148904743792137351446932572624064144850722703223704339204
11.917133775310306781598795079633826401893080418282782303993819199908514148904743792137351446932572624064144850722703223704339204
-12.114012489821326818469663606760861322883811762558542733944652503813895298633005828808381959140119760689055512404717719479766768
12.114012489821326818469663606760861322883811762558542733944652503813895298633005828808381959140119760689055512404717719479766768
-12.312770732455700925267686176876969238693786660148101578903797333367704137065314510943527556265793890441515736682154388880349821
12.312770732455700925267686176876969238693786660148101578903797333367704137065314510943527556265793890441515736682154388880349821
-12.51351509799155182921827516768780702416104147192210882309902897048909142393775731344729650585878541726497302187814906807712317
12.51351509799155182921827516768780702416104147192210882309902897048909142393775731344729650585878541726497302187814906807712317
-12.716361866052116118619213856034675640316240057124307584030272267845340928528354465941840092885203103083741426670669071107534375
12.716361866052116118619213856034675640316240057124307584030272267845340928528354465941840092885203103083741426670669071107534375
-12.921438325035479375416807638633773533210227026680257964675018873510524079476770433175532334708190935290584125687116678718275767
12.921438325035479375416807638633773533210227026680257964675018873510524079476770433175532334708190935290584125687116678718275767
-13.128884340266053541453962289323536758185094394159118368092081937554687682528038713857748916161217807737161928831372548711632595
13.128884340266053541453962289323536758185094394159118368092081937554687682528038713857748916161217807737161928831372548711632595
-13.338854224244359011320515968662325160453955551777582359990061095564943531084500051957826416735241466460153832194857344851181492
13.338854224244359011320515968662325160453955551777582359990061095564943531084500051957826416735241466460153832194857344851181492
-13.551518983907220753862678708005178188816292236510869373149822686307747374640255485770959989958167013488530305303610346360977991
13.551518983907220753862678708005178188816292236510869373149822686307747374640255485770959989958167013488530305303610346360977991
-13.767069042933601944874813595829376076367338321400607193035422406074513989650944525287276864691197081976325544972016980941620782
13.767069042933601944874813595829376076367338321400607193035422406074513989650944525287276864691197081976325544972016980941620782
-13.985717568940395054929291527194929638932090520548494140349302558813227828646662675413966222127249832083950009097310508577620606
13.985717568940395054929291527194929638932090520548494140349302558813227828646662675413966222127249832083950009097310508577620606
-14.207704579815284001394236307386967821170025717923407822428105899580458422278466286890446727511156892742721934672597399672468738
14.207704579815284001394236307386967821170025717923407822428105899580458422278466286890446727511156892742721934672597399672468738
-14.433302066419493343199611524676316231312525581709076641740245709201161735863947905261368408139863772891834978621942390822809077
14.433302066419493343199611524676316231312525581709076641740245709201161735863947905261368408139863772891834978621942390822809077
-14.662820459834591687165461001150422052465273941552356254536202861245123814069477257000875207374432646174700295774330220313612484
14.662820459834591687165461001150422052465273941552356254536202861245123814069477257000875207374432646174700295774330220313612484
-14.896616905233878793699003257745356966647007901007789686290746438885621539273719748937816223327323887361113421351052183472114287
14.896616905233878793699003257745356966647007901007789686290746438885621539273719748937816223327323887361113421351052183472114287
-15.135106005988734262635838627830604582151089801271442930771978440406060775202686001454544649067705486940944410748068376271283504
15.135106005988734262635838627830604582151089801271442930771978440406060775202686001454544649067705486940944410748068376271283504
-15.378774012459481485616890784768808807722270137243828345798988151720437271906766443284391613248748311442101450321757248062764317
15.378774012459481485616890784768808807722270137243828345798988151720437271906766443284391613248748311442101450321757248062764317
-15.628197922845582157510185220764785278735264449278952895512549309901164217263898948505877990555561430050011893112080943426582944
15.628197922845582157510185220764785278735264449278952895512549309901164217263898948505877990555561430050011893112080943426582944
-15.884071770266710513756050592892299607160171887092532802204389128777081646355157112765816268237025488803755449167028848433691014
15.884071770266710513756050592892299607160171887092532802204389128777081646355157112765816268237025488803755449167028848433691014
-16.14724373975799963320812816721300721752457346106058200778887746432890953586439311217006532868433717559236736016947170514078778
16.14724373975799963320812816721300721752457346106058200778887746432890953586439311217006532868433717559236736016947170514078778
-16.418770184323930749212334038137602893349613007193306644965533277778806803838067121534907064926158743972276254448093421061002458
16.418770184323930749212334038137602893349613007193306644965533277778806803838067121534907064926158743972276254448093421061002458
-16.699997125541855051871041797579330704469816461939416297056900627087740276393199632553229550366829402235416366210615996920291901
16.699997125541855051871041797579330704469816461939416297056900627087740276393199632553229550366829402235416366210615996920291901
-16.992688755677822098170504424798016899734395909522208324911441553848162994611911922984157841867881305778034267610064518099492298
16.992688755677822098170504424798016899734395909522208324911441553848162994611911922984157841867881305778034267610064518099492298
-17.299241474690693100417305131232271600986296081800050131079958656798626425838956717057656052371701052687605394776085218912448198
17.299241474690693100417305131232271600986296081800050131079958656798626425838956717057656052371701052687605394776085218912448198
-17.623066433928878287004683242975870102974466193312099116161319107874342365313041021700220240272361013349931538600139124868415769
17.623066433928878287004683242975870102974466193312099116161319107874342365313041021700220240272361013349931538600139124868415769
-17.969340846379055188132749730070381120677604447134428530257109495649113418213113690740847394178735785653034664219027421746759135
17.969340846379055188132749730070381120677604447134428530257109495649113418213113690740847394178735785653034664219027421746759135
-18.34669447961471163835617045697023474925555461467550349092519484883926910451859712287196982654715093838519028075191140250156688
18.34669447961471163835617045697023474925555461467550349092519484883926910451859712287196982654715093838519028075191140250156688
-18.771869057097734392546474128599254960640868254913260442619381483360611980984249013902694692239106191556145100564748130858442375
18.771869057097734392546474128599254960640868254913260442619381483360611980984249013902694692239106191556145100564748130858442375
-19.288669006428072884926725405311468474223331718134543133276044562703385272525067399787743202492298944395044576389700167208980948
19.288669006428072884926725405311468474223331718134543133276044562703385272525067399787743202492298944395044576389700167208980948