-0.12228705241518350233610244562397031215448757147640495342778900588885827819828921794360159377697919383229044418622816863657259104
0.12228705241518350233610244562397031215448757147640495342778900588885827819828921794360159377697919383229044418622816863657259104
-0.36690550971654432277578420654808183463993257476401179888675885921430478618802579672901404367411751514808568513844004177625640863
0.36690550971654432277578420654808183463993257476401179888675885921430478618802579672901404367411751514808568513844004177625640863
-0.61165723388752295131300969921276048698894276798229805986120390695749928110404865499582666743088171456667187797632615756840975628
0.61165723388752295131300969921276048698894276798229805986120390695749928110404865499582666743088171456667187797632615756840975628
-0.8566317705902631700947839355651875313314342423033480949171056677438974949561957456590208014119324875044292822191389437589080191
0.8566317705902631700947839355651875313314342423033480949171056677438974949561957456590208014119324875044292822191389437589080191
-1.1019197273183626617578103643311936645776069003754471344907912022696951473374059383244520871079455762279610469453667007319263779
1.1019197273183626617578103643311936645776069003754471344907912022696951473374059383244520871079455762279610469453667007319263779
-1.3476132188376881358133108385075217494923001158002065762733685734178582545491279489236055461790543433636503741171551110722766169
1.3476132188376881358133108385075217494923001158002065762733685734178582545491279489236055461790543433636503741171551110722766169
-1.5938063340319311643990454326401371408299613143841848606413257840846595303229690838293008304460679429058185897697402953682496828
1.5938063340319311643990454326401371408299613143841848606413257840846595303229690838293008304460679429058185897697402953682496828
-1.8405956313004481760730048001555285820955994055402101457202800008681997989672698661900428500586236279909416828701780205228986713
1.8405956313004481760730048001555285820955994055402101457202800008681997989672698661900428500586236279909416828701780205228986713
-2.0880806704972801743393370936171409138362063647431997872459239510781459425416962958500393927078321356298779597865799757873380392
2.0880806704972801743393370936171409138362063647431997872459239510781459425416962958500393927078321356298779597865799757873380392
-2.3363645905095151424699646627357762760250185996981905746325269016724206469903223428343652143844403526954634458948030279334192937
2.3363645905095151424699646627357762760250185996981905746325269016724206469903223428343652143844403526954634458948030279334192937
-2.5855547430080742473785946024619235334282340867634757681435832987467263810343339826693481557842407472369975157654023823338669609
2.5855547430080742473785946024619235334282340867634757681435832987467263810343339826693481557842407472369975157654023823338669609
-2.8357633947424322042217148274766902994695031367606399671970794364286994580328041858808696248082436117373356051392692589337387645
2.8357633947424322042217148274766902994695031367606399671970794364286994580328041858808696248082436117373356051392692589337387645
-3.0871085130972604599110503229647382966193228039104289162339895002585919654638994645060543945981513055985009468576001908382908887
3.0871085130972604599110503229647382966193228039104289162339895002585919654638994645060543945981513055985009468576001908382908887
-3.3397146526239908755891365096407278813996349959343319952945616334032877592446123963378336801140773902566640443820095534760896591
3.3397146526239908755891365096407278813996349959343319952945616334032877592446123963378336801140773902566640443820095534760896591
-3.593713964093433493830541758918679775094749067137569359847088712155410912186412645697808836910231890661603542095160658777728561
3.593713964093433493830541758918679775094749067137569359847088712155410912186412645697808836910231890661603542095160658777728561
-3.8492473525444274251791098682248116712048671807897532414884036184412438938067804581002398062752395028522070973162765431591640503
3.8492473525444274251791098682248116712048671807897532414884036184412438938067804581002398062752395028522070973162765431591640503
-4.1064658171809418151978653550277477385541245692949133790597287573056198124566383347112494376729499252519790778054944445503353107
4.1064658171809418151978653550277477385541245692949133790597287573056198124566383347112494376729499252519790778054944445503353107
-4.3655320142842480078325012048135491819590834470913961956967146678753201151561924935801601062845555031380148903168173497267747666
4.3655320142842480078325012048135491819590834470913961956967146678753201151561924935801601062845555031380148903168173497267747666
-4.6266220952405259599760653453230389140850262564884108458020398456033803888072738899860127540031584560330216758202142992794716156
4.6266220952405259599760653453230389140850262564884108458020398456033803888072738899860127540031584560330216758202142992794716156
-4.889927886304115214931704837600881124127469997734035674453850581488981398312274033297955843662550630409793867640748838637813161
4.889927886304115214931704837600881124127469997734035674453850581488981398312274033297955843662550630409793867640748838637813161
-5.1556594962091574334886908476582062784100844999698073028591406692268980768269189057370804973320139783456680638708583619836914929
5.1556594962091574334886908476582062784100844999698073028591406692268980768269189057370804973320139783456680638708583619836914929
-5.424048464225716879019292780624349109585431334201347110701600027110002014969714944789479689898156127689493012932886102207422011
5.424048464225716879019292780624349109585431334201347110701600027110002014969714944789479689898156127689493012932886102207422011
-5.6953515977146449296410017653953078584578300216967581583852729225880923581467966558450796974333446149535648413093255078235940696
5.6953515977146449296410017653953078584578300216967581583852729225880923581467966558450796974333446149535648413093255078235940696
-5.9698556991575893519856477974529825408319694062796153654938453209553411525134506605317189740261717751430173400292870687012613592
5.9698556991575893519856477974529825408319694062796153654938453209553411525134506605317189740261717751430173400292870687012613592
-6.2478834549069708058239465764807045228275786103964766286400208380811118614100951492677598977448395225855246480218584850952270124
6.2478834549069708058239465764807045228275786103964766286400208380811118614100951492677598977448395225855246480218584850952270124
-6.5298008622888708413215356181345912154901390724727976171424671930288473690735902759927312080592049358987440626537710151596212308
6.5298008622888708413215356181345912154901390724727976171424671930288473690735902759927312080592049358987440626537710151596212308
-6.816026725456638119480683923084451456418217293622525096784286463428067704268025025887459160096629452015406142663314193920378352
6.816026725456638119480683923084451456418217293622525096784286463428067704268025025887459160096629452015406142663314193920378352
-7.1070449818933451841179228661979584831080136244126779019726485547797629844721945762859372198741459947468551125240593695351819752
7.1070449818933451841179228661979584831080136244126779019726485547797629844721945762859372198741459947468551125240593695351819752
-7.4034209786511358460408450221150036254531132775411423880946483464300348533059963953550724947254376567245865977679299718925663462
7.4034209786511358460408450221150036254531132775411423880946483464300348533059963953550724947254376567245865977679299718925663462
-7.7058233840379786104907354938618232371086446809134124901454658301073289250401843522796812824571025385990480163286884073628810177
7.7058233840379786104907354938618232371086446809134124901454658301073289250401843522796812824571025385990480163286884073628810177
-8.0150543482026932017557553629825898870910237464771762801154628851668959969316465021071375943180135558046657052699852807026714425
8.0150543482026932017557553629825898870910237464771762801154628851668959969316465021071375943180135558046657052699852807026714425
-8.3320921014281225746559708674656821046996002502238481347655267899456955355406157112259531323423028618160048172055706035485364602
8.3320921014281225746559708674656821046996002502238481347655267899456955355406157112259531323423028618160048172055706035485364602
-8.6581529699601745749139920263609740669122637489201656388062035526908224624556613029141206351462058484864640843975077787728878531
8.6581529699601745749139920263609740669122637489201656388062035526908224624556613029141206351462058484864640843975077787728878531
-8.9947849881314202878214085521578165289458215353841482561090583771370651394610452315959375563848635004028540525768016160243355651
8.9947849881314202878214085521578165289458215353841482561090583771370651394610452315959375563848635004028540525768016160243355651
-9.344015570749052165978965249949973895874395706697999987597149358379706808481142056850965083125464470582613667757127138411657982
9.344015570749052165978965249949973895874395706697999987597149358379706808481142056850965083125464470582613667757127138411657982
-9.7085976169732788378091528260849331845865344435971927475917816495507235757381869634901642120028374721441924870200324748051165805
9.7085976169732788378091528260849331845865344435971927475917816495507235757381869634901642120028374721441924870200324748051165805
-10.092449631556645826116566227794752643099487415754298769992925850899268473873507268807364748507378345769396472548578631969340326
10.092449631556645826116566227794752643099487415754298769992925850899268473873507268807364748507378345769396472548578631969340326
-10.501520679503271181015975696752141731968733469758570876307812408658196406475875647999134464078733735083549664032010599546041085
10.501520679503271181015975696752141731968733469758570876307812408658196406475875647999134464078733735083549664032010599546041085
-10.945733348554122719662643351454716793621021882588819482930970202760597070343309678778839841075850865750673432804283085270843631
10.945733348554122719662643351454716793621021882588819482930970202760597070343309678778839841075850865750673432804283085270843631
-11.444355851257513668461008306611204860881533276569199839114261942290685945620969034873868186516681584183306503442363214094204874
11.444355851257513668461008306611204860881533276569199839114261942290685945620969034873868186516681584183306503442363214094204874
-12.047870349469453028218267124484187033823179290579809579222001992275940338007393139331919749486998619521237994213614227512284291
12.047870349469453028218267124484187033823179290579809579222001992275940338007393139331919749486998619521237994213614227512284291