-0.1194260766241032176829422491113162321567914210437129874928966131733041970739972169503782399289428842560792041934911677128586923
0.1194260766241032176829422491113162321567914210437129874928966131733041970739972169503782399289428842560792041934911677128586923
-0.35831762963623591029471571132893865061910865731273413475383173527355733340882081026303730539927319033063830413255862590894047126
0.35831762963623591029471571132893865061910865731273413475383173527355733340882081026303730539927319033063830413255862590894047126
-0.5973275511649843618993195731616150329918550271390101684639377593886195273307722713993524438313804335712205447506624739914311077
0.5973275511649843618993195731616150329918550271390101684639377593886195273307722713993524438313804335712205447506624739914311077
-0.83653531976321303659281067727273554172271023329989557512504536216776938123777636214933062270106013555964958866396803450486163628
0.83653531976321303659281067727273554172271023329989557512504536216776938123777636214933062270106013555964958866396803450486163628
-1.0760212707898533367834268944601659711631705907516782057007514035398740118868150069821658088448535301451747017289123530761589771
1.0760212707898533367834268944601659711631705907516782057007514035398740118868150069821658088448535301451747017289123530761589771
-1.3158669543141910419030513043199819795272625639745375214980086547792182240942891168307965993498369748273354273866837055352875268
1.3158669543141910419030513043199819795272625639745375214980086547792182240942891168307965993498369748273354273866837055352875268
-1.5561555086656729255873186263298026854192259231159254019737834142182888049580644240391766054845219964296629961732934298344052686
1.5561555086656729255873186263298026854192259231159254019737834142182888049580644240391766054845219964296629961732934298344052686
-1.7969720547840344208298973349876421297115600231928090013546387838313269907883603110386015374895904797248865120976492783407502204
1.7969720547840344208298973349876421297115600231928090013546387838313269907883603110386015374895904797248865120976492783407502204
-2.0384041170786049282232130647831132411233641042959103846445740021424091123584278916916385757928682169172078331364365915548767784
2.0384041170786049282232130647831132411233641042959103846445740021424091123584278916916385757928682169172078331364365915548767784
-2.2805420772311842886481738802984846071956062728662644170840688083387345979642930103170536589098944577154181507822491545729942596
2.2805420772311842886481738802984846071956062728662644170840688083387345979642930103170536589098944577154181507822491545729942596
-2.5234796683078765068282585147669365320066369545435222563928302087089938007936930374032050288186351805380993166335591070261639851
2.5234796683078765068282585147669365320066369545435222563928302087089938007936930374032050288186351805380993166335591070261639851
-2.7673145177270056116483888619259434180006012170894293475631126069448958203206930962591320377955900336283075813896998738687161804
2.7673145177270056116483888619259434180006012170894293475631126069448958203206930962591320377955900336283075813896998738687161804
-3.0121487491227407925740756935097414668495838956112556601979197793251671458102250865165554252662973574753831082353499461598008169
3.0121487491227407925740756935097414668495838956112556601979197793251671458102250865165554252662973574753831082353499461598008169
-3.2580896550268071994473908329586178336393912141029319150977493924762810523243868050014795717169131853402592684773040585219635532
3.2580896550268071994473908329586178336393912141029319150977493924762810523243868050014795717169131853402592684773040585219635532
-3.5052504546692165289981241679208141848463327993638193188506652035904915323312710141862974523797651223156322624881773322188686175
3.5052504546692165289981241679208141848463327993638193188506652035904915323312710141862974523797651223156322624881773322188686175
-3.7537511542142391933702716458560124264697285935491263301699513564804710883728772277259878520132145491731787190409632749234845895
3.7537511542142391933702716458560124264697285935491263301699513564804710883728772277259878520132145491731787190409632749234845895
-4.0037195305892793005114097132527133422485385067627840948893223192622403839473857060756072706760830706002958508896054787363458813
4.0037195305892793005114097132527133422485385067627840948893223192622403839473857060756072706760830706002958508896054787363458813
-4.2552922649886135767260965115904446130727776624531207662652055588012348278783167575007525584789509040717674080406448498034035181
4.2552922649886135767260965115904446130727776624531207662652055588012348278783167575007525584789509040717674080406448498034035181
-4.5086162584922674686666406005699786346819138050917200244915069965961406349652092920404038143500174311303540733197707015970262984
4.5086162584922674686666406005699786346819138050917200244915069965961406349652092920404038143500174311303540733197707015970262984
-4.7638501705179529848830141437969367037482058597574206039873480676469124624497636239068226952474361258063129235077874208803082897
4.7638501705179529848830141437969367037482058597574206039873480676469124624497636239068226952474361258063129235077874208803082897
-5.0211662316993868140730347847000678970200649472841120234795954515621968804106525892150527961579119566609599141096744100713724192
5.0211662316993868140730347847000678970200649472841120234795954515621968804106525892150527961579119566609599141096744100713724192
-5.2807523972174923739511517672257747016597328922934303725015056365083496472462589164642758791454375294638465327269553110151991083
5.2807523972174923739511517672257747016597328922934303725015056365083496472462589164642758791454375294638465327269553110151991083
-5.542814925978901760169376498149146376260101532239199703731565946760279522772212113964271776964895872170342788213150244935274768
5.542814925978901760169376498149146376260101532239199703731565946760279522772212113964271776964895872170342788213150244935274768
-5.8075814973426153385755805316693945324807993646836135198108933010926760662796031428312472112132946642041677752526020127287283774
5.8075814973426153385755805316693945324807993646836135198108933010926760662796031428312472112132946642041677752526020127287283774
-6.0753050133032715373830671922070737379132192996995580139438238406798726993151099561786139101601023321921498155706142183762591216
6.0753050133032715373830671922070737379132192996995580139438238406798726993151099561786139101601023321921498155706142183762591216
-6.3462682846048745362128370396282888038688508944332448941023127742869373067042677956057202952513242322522900133902394013147971042
6.3462682846048745362128370396282888038688508944332448941023127742869373067042677956057202952513242322522900133902394013147971042
-6.6207898710143065552097090297202649527306721557746902410902691984221676634630916360306725470068278944949496381511507671906754118
6.6207898710143065552097090297202649527306721557746902410902691984221676634630916360306725470068278944949496381511507671906754118
-6.8992314496242602104610686671874727635339684280407455324297238452321260290482011538575464037576391475083235467387432411584595743
6.8992314496242602104610686671874727635339684280407455324297238452321260290482011538575464037576391475083235467387432411584595743
-7.1820072377109717155755265185292226987213156089812378601226420222542217809101426182914896486121831983703444062439904424122025936
7.1820072377109717155755265185292226987213156089812378601226420222542217809101426182914896486121831983703444062439904424122025936
-7.4695962264936558237390422390372923229998854452534383214723297907144028747583291968111634348428696632126072821331669053258148969
7.4695962264936558237390422390372923229998854452534383214723297907144028747583291968111634348428696632126072821331669053258148969
-7.7625583367306140755395980725530873414691239333712667801681434727577446892195769645881509942377744526947613724019158252907673504
7.7625583367306140755395980725530873414691239333712667801681434727577446892195769645881509942377744526947613724019158252907673504
-8.0615561695659030191305497099202956473826653882455395888647337675786898455535657658116846817768428955817475867646440184434399331
8.0615561695659030191305497099202956473826653882455395888647337675786898455535657658116846817768428955817475867646440184434399331
-8.3673849469719070321329984437218093613522911674103617464355544081469608938927185545250017666118829504124887787722500966777168824
8.3673849469719070321329984437218093613522911674103617464355544081469608938927185545250017666118829504124887787722500966777168824
-8.6810147998900302084379468155467884560759179611735194588521119940286978724397547318559151353573792244637246962353255520444501366
8.6810147998900302084379468155467884560759179611735194588521119940286978724397547318559151353573792244637246962353255520444501366
-9.003652332563805490299194134210680800425752556186402016972689519515282930561092459724810872601764458910854840788804499879390772
9.003652332563805490299194134210680800425752556186402016972689519515282930561092459724810872601764458910854840788804499879390772
-9.3368335519365674673006240066226536764993226943634014540206668125189024458352860606253205730308644477543007204807128693731081395
9.3368335519365674673006240066226536764993226943634014540206668125189024458352860606253205730308644477543007204807128693731081395
-9.6825704596576451790683709838762059808156853195836691892498781953690588467968799321523321561958103282952634010529609126086308195
9.6825704596576451790683709838762059808156853195836691892498781953690588467968799321523321561958103282952634010529609126086308195
-10.043595347880535941053693001825516021542184528019699650283256756161782407577398783710570579043676864584135416574585554345938821
10.043595347880535941053693001825516021542184528019699650283256756161782407577398783710570579043676864584135416574585554345938821
-10.423797670745446528206034231935418644920644818772311917472456152466943785456587621384147284347628406889915634291121722729643001
10.423797670745446528206034231935418644920644818772311917472456152466943785456587621384147284347628406889915634291121722729643001
-10.829082575898251395719228075591379174662850979841034076621340515572932546324608521540869754628799416778518403885012568492250302
10.829082575898251395719228075591379174662850979841034076621340515572932546324608521540869754628799416778518403885012568492250302
-11.269299347041693650078814809821302201420813529866055815277887959214735995787564095732561190710271973103191158909996611983664869
11.269299347041693650078814809821302201420813529866055815277887959214735995787564095732561190710271973103191158909996611983664869
-11.763573078389516625637591991683324839061091614781737892176210792995872016163452586411906199231077677782907253084623027587903386
11.763573078389516625637591991683324839061091614781737892176210792995872016163452586411906199231077677782907253084623027587903386
-12.362007131968512584397455227111795515281613787618560508568537862098661328814968231798743593322086923865431917970244952870148836
12.362007131968512584397455227111795515281613787618560508568537862098661328814968231798743593322086923865431917970244952870148836