0
-0.22498237681566590871368860253473511729335073682404479367635673076217449572693431315439661085110732182565370551951350063399964512
0.22498237681566590871368860253473511729335073682404479367635673076217449572693431315439661085110732182565370551951350063399964512
-0.45002319163025311724223584289090822545318753163486049524261143386800592395533840761580930013660701859604599741453706259396039415
0.45002319163025311724223584289090822545318753163486049524261143386800592395533840761580930013660701859604599741453706259396039415
-0.67518108007869281983844891112126042974132933883596908177414658155197513927498585583186912371826191873243426329663181575505824278
0.67518108007869281983844891112126042974132933883596908177414658155197513927498585583186912371826191873243426329663181575505824278
-0.90051507502248327139936599288636599623582050649868448675711570823564899745755752503997129166217619252996082241454188342988649424
0.90051507502248327139936599288636599623582050649868448675711570823564899745755752503997129166217619252996082241454188342988649424
-1.1260848100881036123791345849402313323478483101411830118389082916781359043720556910420289552196774597621147130805293181077799647
1.1260848100881036123791345849402313323478483101411830118389082916781359043720556910420289552196774597621147130805293181077799647
-1.3519507292254075702353868211763366022974168217041766448849744106278093722884625395549951105149458467421723854798223836079189206
1.3519507292254075702353868211763366022974168217041766448849744106278093722884625395549951105149458467421723854798223836079189206
-1.5781743044796298468833975672810787810992887560653777854812713983989300853132127052388947438825645469683002483283701534826971901
1.5781743044796298468833975672810787810992887560653777854812713983989300853132127052388947438825645469683002483283701534826971901
-1.8048182643389761333042155903381423917155839335732381282450137262222064082622096610654482849813466036422071631838189586704746574
1.8048182643389761333042155903381423917155839335732381282450137262222064082622096610654482849813466036422071631838189586704746574
-2.0319468352407692560990574279654594743363288892358277299174822864899932692339439734338522407885062134882665189945473987942105635
2.0319468352407692560990574279654594743363288892358277299174822864899932692339439734338522407885062134882665189945473987942105635
-2.2596259991006340451007914140567913777240814037080511015808398752451737802713980432100304996122647383220357535138796100770819824
2.2596259991006340451007914140567913777240814037080511015808398752451737802713980432100304996122647383220357535138796100770819824
-2.4879237700815033259175833307743798924399425735430798812572348823818633237086782535074248820806344516619223317297498383646428956
2.4879237700815033259175833307743798924399425735430798812572348823818633237086782535074248820806344516619223317297498383646428956
-2.7169104942556110880176301539458990770034715734193224150535002563193908460456416862499976077727693389230825724489068903027781306
2.7169104942556110880176301539458990770034715734193224150535002563193908460456416862499976077727693389230825724489068903027781306
-2.9466591763501873219240253726586352363346197132650835640278612455569199744545020140403692326549052266800766201765219331801086383
2.9466591763501873219240253726586352363346197132650835640278612455569199744545020140403692326549052266800766201765219331801086383
-3.1772458384281860374781552223097441233565319283910442957913334566434593628887431709957105128891969239542724235504266130651989728
3.1772458384281860374781552223097441233565319283910442957913334566434593628887431709957105128891969239542724235504266130651989728
-3.4087499161671787174242057210196342759418862141979047279991364343216906823372885846245406965874348650258621105064680163885037258
3.4087499161671787174242057210196342759418862141979047279991364343216906823372885846245406965874348650258621105064680163885037258
-3.6412546993987249256800829604414286364770007485480297033355013795392438125325254317925360520364082035638859417058303307049767837
3.6412546993987249256800829604414286364770007485480297033355013795392438125325254317925360520364082035638859417058303307049767837
-3.8748478248038932963978440432875995389229490078149697419864232087929174260639089879733527658653485706096648485129740906991719092
3.8748478248038932963978440432875995389229490078149697419864232087929174260639089879733527658653485706096648485129740906991719092
-4.1096218301890064419836231241209147991280071947261591858883031195843635727948074387230944537451228589080923510603389656882767694
4.1096218301890064419836231241209147991280071947261591858883031195843635727948074387230944537451228589080923510603389656882767694
-4.3456747816687635885751804306088072619119390229501001260702035783688095765094231847231466535305109833950866363196463525346989996
4.3456747816687635885751804306088072619119390229501001260702035783688095765094231847231466535305109833950866363196463525346989996
-4.5831109874666335002571437849686257017994112591334852632716454201749724130027340489856609002373412202876306078202706546291179904
4.5831109874666335002571437849686257017994112591334852632716454201749724130027340489856609002373412202876306078202706546291179904
-4.8220418150442855895352242376672184802477393254210355231692492781246938491793406864228809622254466326633803356059191434686411805
4.8220418150442855895352242376672184802477393254210355231692492781246938491793406864228809622254466326633803356059191434686411805
-5.0625866320797569806500539249151025899181908881528321697122056986951538275564452157313388585770560990580825783347344190808532174
5.0625866320797569806500539249151025899181908881528321697122056986951538275564452157313388585770560990580825783347344190808532174
-5.3048738966808706062283392116693037402614502033307681698203589053083668730150526145891109041294165675874120138135339745072802141
5.3048738966808706062283392116693037402614502033307681698203589053083668730150526145891109041294165675874120138135339745072802141
-5.5490424284915569734158566280529812825283622486110131139218184189799054366633145340432794209426197166900826351435538749002936139
5.5490424284915569734158566280529812825283622486110131139218184189799054366633145340432794209426197166900826351435538749002936139
-5.7952429005012474330551000469007544352660568828737795782603424157740416553223570673665943781670804746984775915380549299390058297
5.7952429005012474330551000469007544352660568828737795782603424157740416553223570673665943781670804746984775915380549299390058297
-6.0436396020679180750804243759304648928536222587575503569564268300298083023981522292479155743514239590297022893367225694483978583
6.0436396020679180750804243759304648928536222587575503569564268300298083023981522292479155743514239590297022893367225694483978583
-6.2944125378566033225565505000404190405486700171878970022815248294268713496280802816703767087138751076757026929136804075072728076
6.2944125378566033225565505000404190405486700171878970022815248294268713496280802816703767087138751076757026929136804075072728076
-6.5477599464293749318777339691231268311021623679109966677014010545730147768798085965112848495111346635763639101280144810640877762
6.5477599464293749318777339691231268311021623679109966677014010545730147768798085965112848495111346635763639101280144810640877762
-6.8039013480672899503706332234116049634467306814226614328419240698784217576939827678084119208754134450283962936510267753543807049
6.8039013480672899503706332234116049634467306814226614328419240698784217576939827678084119208754134450283962936510267753543807049
-7.0630812669681538835964118766209710261248636335948376397181795217421461990182031845207892225246697905993369356568006431333572962
7.0630812669681538835964118766209710261248636335948376397181795217421461990182031845207892225246697905993369356568006431333572962
-7.3255738226210265242474782039384174008793829172042051162281028294950697532920993857311722988336470979986016882025131780036093836
7.3255738226210265242474782039384174008793829172042051162281028294950697532920993857311722988336470979986016882025131780036093836
-7.5916884556157713614084026001459865066079945178269260018650708393263269648288315041085331511623634285492087602587103269025527647
7.5916884556157713614084026001459865066079945178269260018650708393263269648288315041085331511623634285492087602587103269025527647
-7.8617771549009935923907001580934167938183874020167123019656565233680193870150097611540582608357700106294983150210429598188083535
7.8617771549009935923907001580934167938183874020167123019656565233680193870150097611540582608357700106294983150210429598188083535
-8.1362437033700728215331254286509347849500900614518114303768730969829041046541376806844225014563075568664689654340591644619813152
8.1362437033700728215331254286509347849500900614518114303768730969829041046541376806844225014563075568664689654340591644619813152
-8.4155556842608690927156620581586546033224455447127749757279580239423316248907865954321923181678399477910584808121108938587069074
8.4155556842608690927156620581586546033224455447127749757279580239423316248907865954321923181678399477910584808121108938587069074
-8.7002603389157798346000633636666618530038898564625608241925945153649815047551127217324716624167332835069781519149085056351037588
8.7002603389157798346000633636666618530038898564625608241925945153649815047551127217324716624167332835069781519149085056351037588
-8.9910059185401374575494217270679476636005917708629650051472354682512432219407533583734383338487549885021907055460206942518977875
8.9910059185401374575494217270679476636005917708629650051472354682512432219407533583734383338487549885021907055460206942518977875
-9.2885710764670693533248926706209334438739892591544928158956375039045285641967843929764058962839087380800398118420393620640703302
9.2885710764670693533248926706209334438739892591544928158956375039045285641967843929764058962839087380800398118420393620640703302
-9.5939063821323533571255562318233189088934843426890599424125901154898186726980810123323163331734867467162775518853747527369612559
9.5939063821323533571255562318233189088934843426890599424125901154898186726980810123323163331734867467162775518853747527369612559
-9.9081947567061555836856441637336760886525209628522184115283190568490534537290882765282808914369969236788713628534307852836714443
9.9081947567061555836856441637336760886525209628522184115283190568490534537290882765282808914369969236788713628534307852836714443
-10.232942694191875776248534113501808287660073224597473784232850879848819439001784001283309773989449483536857782204303997902978151
10.232942694191875776248534113501808287660073224597473784232850879848819439001784001283309773989449483536857782204303997902978151
-10.570124148913190214863914006078079975599833701587216179616525152706371081282089925801739648030276120221591062035511834142430106
10.570124148913190214863914006078079975599833701587216179616525152706371081282089925801739648030276120221591062035511834142430106
-10.92242030455677654959011224595145040024262403893953677048012906932852338500779534759126304121913187488796320084479831512304742
10.92242030455677654959011224595145040024262403893953677048012906932852338500779534759126304121913187488796320084479831512304742
-11.293648310231409234549857424418097212843259334532204776365790381894045634550363626981583058800679399190156031643713836102394772
11.293648310231409234549857424418097212843259334532204776365790381894045634550363626981583058800679399190156031643713836102394772
-11.689603736290560106352990234775991599740299480439371062327145546160019296011182098910637438073794125128008214770887191257093103
11.689603736290560106352990234775991599740299480439371062327145546160019296011182098910637438073794125128008214770887191257093103
-12.119952689615966599164742927714334820328103519438564435240250829217378006401635268417670939997608544286630979010029712327232289
12.119952689615966599164742927714334820328103519438564435240250829217378006401635268417670939997608544286630979010029712327232289
-12.603462387096408783121915616069023970767902528670499862321909896838875389835908509292315582562471491406848179169605589332259791
12.603462387096408783121915616069023970767902528670499862321909896838875389835908509292315582562471491406848179169605589332259791
-13.189289029708118034069240695587895362894313057941205496105651237513115800126586966998102402042800864008521916518401055027820373
13.189289029708118034069240695587895362894313057941205496105651237513115800126586966998102402042800864008521916518401055027820373