-0.10762957335551563187168297330618731681279639466663748349052835603617064943432700952949032369238734060216714887118769003899279377
0.10762957335551563187168297330618731681279639466663748349052835603617064943432700952949032369238734060216714887118769003899279377
-0.32291214052800010947258354912764545203343417185825962986106858614915553240689158859636431861941050351925252579201229306402105639
0.32291214052800010947258354912764545203343417185825962986106858614915553240689158859636431861941050351925252579201229306402105639
-0.53826503540107026770772795212023649440412761242279460949486570467106387961764696856979463580460016885923691464996858813552585403
0.53826503540107026770772795212023649440412761242279460949486570467106387961764696856979463580460016885923691464996858813552585403
-0.75373536471122922874384481802275424250680139834438388704999386332853327592709194887246968986459441137489925325334612335561315398
0.75373536471122922874384481802275424250680139834438388704999386332853327592709194887246968986459441137489925325334612335561315398
-0.96937056952866863778527601729012968932423435492527484365011089502764830397636743626664993299990616926397008039500286454549600912
0.96937056952866863778527601729012968932423435492527484365011089502764830397636743626664993299990616926397008039500286454549600912
-1.1852185628827800870352827656071807189541736178195355141084852856901805198307675186948943292679283541422920598267183588559623254
1.1852185628827800870352827656071807189541736178195355141084852856901805198307675186948943292679283541422920598267183588559623254
-1.4013278713576325899250989335217351196857213858627892742801090322303523836809986077495590640528653756945360409567936121554677316
1.4013278713576325899250989335217351196857213858627892742801090322303523836809986077495590640528653756945360409567936121554677316
-1.6177477819054704037930759960379441319668897630764935149469065005225763658437145599763397041396482313489397570507967161998137236
1.6177477819054704037930759960379441319668897630764935149469065005225763658437145599763397041396482313489397570507967161998137236
-1.8345284952160184776867613170371712737655268367291696019516338914662732262231492915079644760925489930225209818528154777811308033
1.8345284952160184776867613170371712737655268367291696019516338914662732262231492915079644760925489930225209818528154777811308033
-2.0517212870941763529183773158525938702898534929959394342673688679695815614404208684341165151724300089106138255909808736874299568
2.0517212870941763529183773158525938702898534929959394342673688679695815614404208684341165151724300089106138255909808736874299568
-2.2693786794419482542193036080850292800426294191400700366111378333458998874582290384171636375953160308451779481504615790562274519
2.2693786794419482542193036080850292800426294191400700366111378333458998874582290384171636375953160308451779481504615790562274519
-2.4875546226165686275215530040599943601155920592317632235780861089510122422310077413949553087591493038262020021270382533942200009
2.4875546226165686275215530040599943601155920592317632235780861089510122422310077413949553087591493038262020021270382533942200009
-2.7063046911512728631210965800710840870233661165288039195811758817110577839606106024372643201319916629333271786152759209365444956
2.7063046911512728631210965800710840870233661165288039195811758817110577839606106024372643201319916629333271786152759209365444956
-2.9256862950849977816305766371750229954873745644940559611396646553916052317231382146038985371086750573993461957149706568960457281
2.9256862950849977816305766371750229954873745644940559611396646553916052317231382146038985371086750573993461957149706568960457281
-3.1457589094612219070896426207810947637230220786698707632072872070219882233403052340633469946756954712637707720686230288564252068
3.1457589094612219070896426207810947637230220786698707632072872070219882233403052340633469946756954712637707720686230288564252068
-3.366584324935155739738442934057010800547621359798898054039374898959987256393286419936681608330786798510366002694882975965652501
3.366584324935155739738442934057010800547621359798898054039374898959987256393286419936681608330786798510366002694882975965652501
-3.588226922886387867872254002714716430786623968632661538721449283839527356868054240937423547249626488821481623138893409441423255
3.588226922886387867872254002714716430786623968632661538721449283839527356868054240937423547249626488821481623138893409441423255
-3.8107539789883286473787793601799422755483316380104224674217536106609175656049039976514349725551962206887997633506027440051877238
3.8107539789883286473787793601799422755483316380104224674217536106609175656049039976514349725551962206887997633506027440051877238
-4.0342359998584797797669960258511070012118741823684957523118346194548145327853880085884850670071764673932558321033287107441688485
4.0342359998584797797669960258511070012118741823684957523118346194548145327853880085884850670071764673932558321033287107441688485
-4.25874709823285725628361282377412721576804694965138212606808122648987046031347924285837805281031611839937624554282802515116162
4.25874709823285725628361282377412721576804694965138212606808122648987046031347924285837805281031611839937624554282802515116162
-4.484365413109876298872963026016977806100793606648725848747571815198084957438038301211719410307251714434237779483799300282351459
4.484365413109876298872963026016977806100793606648725848747571815198084957438038301211719410307251714434237779483799300282351459
-4.7111735825401523185705647204790565912058781530168661159224590309236746614779968800033629491012472080850166001236075683635819054
4.7111735825401523185705647204790565912058781530168661159224590309236746614779968800033629491012472080850166001236075683635819054
-4.9392592782592838427361712313632900652320219849197607212836832150091584594984044543974620751729344438795434270965857313345818957
4.9392592782592838427361712313632900652320219849197607212836832150091584594984044543974620751729344438795434270965857313345818957
-5.1687158132495585344181629685060018987771658109964130728545569635409300909736017100482980513205964728414563044160052558688513726
5.1687158132495585344181629685060018987771658109964130728545569635409300909736017100482980513205964728414563044160052558688513726
-5.3996428356774232643273226616864470145502833098583103658932515662947434822694767281303678703097860093749222785233577587971805194
5.3996428356774232643273226616864470145502833098583103658932515662947434822694767281303678703097860093749222785233577587971805194
-5.6321471256242529307165053510811599283190037732063122907763633862018741669703720196393285011282700253820699486603694043791304935
5.6321471256242529307165053510811599283190037732063122907763633862018741669703720196393285011282700253820699486603694043791304935
-5.8663435147929862896016897871494823300296664739943126252748771245600402573814636719715488394111870266650072067164810238157301008
5.8663435147929862896016897871494823300296664739943126252748771245600402573814636719715488394111870266650072067164810238157301008
-6.1023559541821207008335500785525570517612631767148627124057277526531724322157342958517413794733585872897666834163559943859067896
6.1023559541821207008335500785525570517612631767148627124057277526531724322157342958517413794733585872897666834163559943859067896
-6.3403187609122507415800066088153364366924279183745555528510083980314212694342308141843531103383958012140844829626550421911722688
6.3403187609122507415800066088153364366924279183745555528510083980314212694342308141843531103383958012140844829626550421911722688
-6.580378083439501893629459970846975699515378183105459978597871799703768165514776256703954737656219850069774495995591732788899854
6.580378083439501893629459970846975699515378183105459978597871799703768165514776256703954737656219850069774495995591732788899854
-6.8226936349524274146603138340825702314871958947459774355398993409857766026844326351699579148704774100166340870858954518250049267
6.8226936349524274146603138340825702314871958947459774355398993409857766026844326351699579148704774100166340870858954518250049267
-7.0674407587544212918837390992826395661054388091958890383945968045182082906379887892917220170791165045933327136576318757374847283
7.0674407587544212918837390992826395661054388091958890383945968045182082906379887892917220170791165045933327136576318757374847283
-7.314812908216254884944051184180293149105322820876342857587000673692170985663506704008979808953582797078969146588153835529042762
7.314812908216254884944051184180293149105322820876342857587000673692170985663506704008979808953582797078969146588153835529042762
-7.5650246493836417951942212005197965789968738348568304396202124036738759682311771647149870839922690243690514389740875373144569132
7.5650246493836417951942212005197965789968738348568304396202124036738759682311771647149870839922690243690514389740875373144569132
-7.8183153294116647108781018791376509990190278055263658732528105402003424680294077055429188011463209859931894719744648355816443573
7.8183153294116647108781018791376509990190278055263658732528105402003424680294077055429188011463209859931894719744648355816443573
-8.0749536029866302051693052706700063082593339718710495125406354038538408954111332847893507999424171669734470978301462174350422177
8.0749536029866302051693052706700063082593339718710495125406354038538408954111332847893507999424171669734470978301462174350422177
-8.3352430784012271079769472843220484055947457146598895724402624658173332471743070452640058385398925808900680968339502316802828048
8.3352430784012271079769472843220484055947457146598895724402624658173332471743070452640058385398925808900680968339502316802828048
-8.5995294453241534383717948350033667371378724240905454019816257152489795985578469320949434288635414985214603192638062116762094396
8.5995294453241534383717948350033667371378724240905454019816257152489795985578469320949434288635414985214603192638062116762094396
-8.8682095941331818192405625633752109199151760411276511908086743094087342906215915576825571090502260769949469017513168018615751609
8.8682095941331818192405625633752109199151760411276511908086743094087342906215915576825571090502260769949469017513168018615751609
-9.1417434592085591553962275316259946034589398027276211285876188347341520313452050075382086305113534733238061908853096677298698433
9.1417434592085591553962275316259946034589398027276211285876188347341520313452050075382086305113534733238061908853096677298698433
-9.4206696618824573070503119350006039580288173344358572555547246739127899862129777901594430810584683526558665055278458197051421512
9.4206696618824573070503119350006039580288173344358572555547246739127899862129777901594430810584683526558665055278458197051421512
-9.7056265732561928262086799778866982530889075391012833561839731425543450706872012140528016253354315841100566522867687911062942351
9.7056265732561928262086799778866982530889075391012833561839731425543450706872012140528016253354315841100566522867687911062942351
-9.9973813085297902851587508945613220111610731597944009195711346602306833855917999952563034748864709894213797681814325290458521408
9.9973813085297902851587508945613220111610731597944009195711346602306833855917999952563034748864709894213797681814325290458521408
-10.296870678005965769858216296321624513960029365859646771678355198966839491592221087126678097551537486762298150228542997355511333
10.296870678005965769858216296321624513960029365859646771678355198966839491592221087126678097551537486762298150228542997355511333
-10.605260801047601244637216163632147124257949518684489132426297973790653365590311758526016619131959436052324764398163980229829317
10.605260801047601244637216163632147124257949518684489132426297973790653365590311758526016619131959436052324764398163980229829317
-10.924037082840368965849239677188011022165883164175832487181340430537375554836215538395649841999730161004445165252682181062796486
10.924037082840368965849239677188011022165883164175832487181340430537375554836215538395649841999730161004445165252682181062796486
-11.255146131451046786403274743556863142443009411794669132773654619609661326535459333051145023594885083525558332589499733739088104
11.255146131451046786403274743556863142443009411794669132773654619609661326535459333051145023594885083525558332589499733739088104
-11.60123222893414013439549487290844034730314765229655453075453851385450295797452356874208307756410567198613074768465243360719657
11.60123222893414013439549487290844034730314765229655453075453851385450295797452356874208307756410567198613074768465243360719657
-11.9660601416867935316851463212865999571958117935420024409446206428069347266182976902093614041720843809700578808656043002552562
11.9660601416867935316851463212865999571958117935420024409446206428069347266182976902093614041720843809700578808656043002552562
-12.355345871125123193620676800722583425845597608206511505394344149292807321659185877223313088112815234129795640203867298819434092
12.355345871125123193620676800722583425845597608206511505394344149292807321659185877223313088112815234129795640203867298819434092
-12.778622330019754115176956456898700158954468656820182847471803590891625614940664226578675410114897853055652628132977455974062595
12.778622330019754115176956456898700158954468656820182847471803590891625614940664226578675410114897853055652628132977455974062595
-13.254396373973803018395324313912491800789888569480038854736187743098474629863017888133471743590694022540821663579707032794963518
13.254396373973803018395324313912491800789888569480038854736187743098474629863017888133471743590694022540821663579707032794963518
-13.831135289582965880275161826241677077835850105671846359448237985477344653743785125668945273742297720138927142171105110975870291
13.831135289582965880275161826241677077835850105671846359448237985477344653743785125668945273742297720138927142171105110975870291