0
-0.25567482833134799806303325397791064114982024013486154640652852369366019668872395937483576542667431203833561061086751410460086573
0.25567482833134799806303325397791064114982024013486154640652852369366019668872395937483576542667431203833561061086751410460086573
-0.51146046221189689802394689170518417967165047737808415458139683741537874976763401081643204648996042403805490261921805138937916985
0.51146046221189689802394689170518417967165047737808415458139683741537874976763401081643204648996042403805490261921805138937916985
-0.76746833310481623460461046853666804626511648173286375086707932116028877735168579205543530677720275650738341893626462722913681581
0.76746833310481623460461046853666804626511648173286375086707932116028877735168579205543530677720275650738341893626462722913681581
-1.0238111346569745485413921078569093584019775639349478869876646042056450867723027625059821712720988203442365278664230125373066222
1.0238111346569745485413921078569093584019775639349478869876646042056450867723027625059821712720988203442365278664230125373066222
-1.2806034800245348638570321421140230063247411323341646774600471922663131621756961214927404344457120047932197347629576334771366509
1.2806034800245348638570321421140230063247411323341646774600471922663131621756961214927404344457120047932197347629576334771366509
-1.5379625916624639516882545523184138550355368851419098892217595443797368911151506537999052824475588837439669456735862914728446523
1.5379625916624639516882545523184138550355368851419098892217595443797368911151506537999052824475588837439669456735862914728446523
-1.7960090360977112959410185619262028220348830683602113980385122629180611892782635144709546958896218424781492038242047492460861159
1.7960090360977112959410185619262028220348830683602113980385122629180611892782635144709546958896218424781492038242047492460861159
-2.0548675177858017900229207201820965017668693394528268563648166833014199581638885510764948207847198940541240985038125567247533144
2.0548675177858017900229207201820965017668693394528268563648166833014199581638885510764948207847198940541240985038125567247533144
-2.3146677482934548558839185137492820789966467957465787669937171204340631078103189455212769614686094562554706476026262762898482399
2.3146677482934548558839185137492820789966467957465787669937171204340631078103189455212769614686094562554706476026262762898482399
-2.5755454098889713412854024733225703239526515900597820612073498025672555234558767338040830713833333227056732532807272267838134091
2.5755454098889713412854024733225703239526515900597820612073498025672555234558767338040830713833333227056732532807272267838134091
-2.8376432363425030718423495352675217502371158640679289557067383991852019856719965921240446408841655358200615720226218115985254345
2.8376432363425030718423495352675217502371158640679289557067383991852019856719965921240446408841655358200615720226218115985254345
-3.1011122385952585393966807174156596516183687340461268627761597367842116778310743383649089828216173896940463148881208671932836772
3.1011122385952585393966807174156596516183687340461268627761597367842116778310743383649089828216173896940463148881208671932836772
-3.3661131093032384297822897463369776588505647073223391878760111001577976845472011857909240163843000254203721533848917797416756119
3.3661131093032384297822897463369776588505647073223391878760111001577976845472011857909240163843000254203721533848917797416756119
-3.632817848588291493101533848414751108815399090698048823926263797045446584453134948894044071561048622358078255915129070433710572
3.632817848588291493101533848414751108815399090698048823926263797045446584453134948894044071561048622358078255915129070433710572
-3.9014116643261456799063128326072524627230865019434934631436841277232917885792092660695976665571682406738223046688759434047883624
3.9014116643261456799063128326072524627230865019434934631436841277232917885792092660695976665571682406738223046688759434047883624
-4.1720952149448501977012226524846382714971405277032228751138708158241437356947348809754886701523530327294148836742419688582166783
4.1720952149448501977012226524846382714971405277032228751138708158241437356947348809754886701523530327294148836742419688582166783
-4.445087282401232337523768980868699354608978193794027547064090670540340208073296856868190959175600606071246733105222836940847739
4.445087282401232337523768980868699354608978193794027547064090670540340208073296856868190959175600606071246733105222836940847739
-4.7206279897915652585573814141849271744311649409054167332048826112481636668591329439290222839895075316415335015128008921483818987
4.7206279897915652585573814141849271744311649409054167332048826112481636668591329439290222839895075316415335015128008921483818987
-4.9989827149592104257690486661670962926102559692241559118089263819408484048313444097810052451361522229997974999543477428593694817
4.9989827149592104257690486661670962926102559692241559118089263819408484048313444097810052451361522229997974999543477428593694817
-5.2804469030361733376923789315661296249535529465838317041953387772875966967595970321218894176300684216796030087313246447123075358
5.2804469030361733376923789315661296249535529465838317041953387772875966967595970321218894176300684216796030087313246447123075358
-5.5653520540734329259074069580867953029861304021890136137749182007355312076016470253179432357435006722648040802864911753862211761
5.5653520540734329259074069580867953029861304021890136137749182007355312076016470253179432357435006722648040802864911753862211761
-5.8540732676978864666277652808136623190884716966346802038824368114533670726537736679566872870353548976427424409551734988453681304
5.8540732676978864666277652808136623190884716966346802038824368114533670726537736679566872870353548976427424409551734988453681304
-6.1470388825769429486589457791563884831880328876410649766518284120791728026867272697718116841318885612671950685966271814240463463
6.1470388825769429486589457791563884831880328876410649766518284120791728026867272697718116841318885612671950685966271814240463463
-6.4447429831267426062212945161438037884004071179825961288425432484060575178108161163458066535726422458753683937065905692555936572
6.4447429831267426062212945161438037884004071179825961288425432484060575178108161163458066535726422458753683937065905692555936572
-6.7477619079872564197520273361227167419832740901599203990024772565072600764101702887254774049395651290589961952690548759356179513
6.7477619079872564197520273361227167419832740901599203990024772565072600764101702887254774049395651290589961952690548759356179513
-7.0567764692174773906267521002399742904223974904605506615662738172080853808808096467324399102277412396095478947157806617957336815
7.0567764692174773906267521002399742904223974904605506615662738172080853808808096467324399102277412396095478947157806617957336815
-7.3726025317424623165320078005705274987050998826515961885891741009126968431945805354430300239326525436288031441940303490751683323
7.3726025317424623165320078005705274987050998826515961885891741009126968431945805354430300239326525436288031441940303490751683323
-7.6962341998287289118721498853864693258348839668736117439650591859457649062630622113932290258679326901911791311385021177395195552
7.6962341998287289118721498853864693258348839668736117439650591859457649062630622113932290258679326901911791311385021177395195552
-8.0289066873027559309041041313466549612310142272713463316577102130750956474172312731765112589611184806031893280311076412960396652
8.0289066873027559309041041313466549612310142272713463316577102130750956474172312731765112589611184806031893280311076412960396652
-8.3721912199266994284004674293363516619330141590499350466483529494010290754685066665897350572244845455120942782123910330496991862
8.3721912199266994284004674293363516619330141590499350466483529494010290754685066665897350572244845455120942782123910330496991862
-8.7281447480576210416672521139339446401942639169725392295952580290795764028858071000845107883896254232952574270756287128986763606
8.7281447480576210416672521139339446401942639169725392295952580290795764028858071000845107883896254232952574270756287128986763606
-9.0995594639401111915745877634532929321111801807288570828694019886301989317986386638538722763837322177607019744784371860310439962
9.0995594639401111915745877634532929321111801807288570828694019886301989317986386638538722763837322177607019744784371860310439962
-9.4904090577984018240815054804866116480511422685201533209667220796846839652769085278296292448196210022445477677653059873442192057
9.4904090577984018240815054804866116480511422685201533209667220796846839652769085278296292448196210022445477677653059873442192057
-9.9067257997991215233250118814083967111096259435162715717232134110987701683094828667389026665808885820681414428428879382144204135
9.9067257997991215233250118814083967111096259435162715717232134110987701683094828667389026665808885820681414428428879382144204135
-10.358570924603207177811971898934861428584140461627203083338908615170449399325491918482535524654309580740734608134917721825374462
10.358570924603207177811971898934861428584140461627203083338908615170449399325491918482535524654309580740734608134917721825374462
-10.865483112083049680698985001515242827119910095468024969101123052531379594597091935627571055838846536478816734757232751141261021
10.865483112083049680698985001515242827119910095468024969101123052531379594597091935627571055838846536478816734757232751141261021
-11.478660318722641591675948420437034065395897111808134937666110295765743128305541251668295513532016765736842483667336014261008743
11.478660318722641591675948420437034065395897111808134937666110295765743128305541251668295513532016765736842483667336014261008743