-0.069624366420849334880068982406805972126512128678170567883560209065981190997647017509370628051809572936945609803104337956296025303
0.069624366420849334880068982406805972126512128678170567883560209065981190997647017509370628051809572936945609803104337956296025303
-0.2088757517114305738416129872523375703504185527755495892601191504610472503134567298776755775017527924596772524570405186155898228
0.2088757517114305738416129872523375703504185527755495892601191504610472503134567298776755775017527924596772524570405186155898228
-0.34813509566251967636427816125534498710530252389633343177793041441860237175679138328944944981644326675915829735760909646964816295
0.34813509566251967636427816125534498710530252389633343177793041441860237175679138328944944981644326675915829735760909646964816295
-0.48740770842922146230567927800218272731578792069016952734990690775724253417066977365219582693829482787196298750297530231382847182
0.48740770842922146230567927800218272731578792069016952734990690775724253417066977365219582693829482787196298750297530231382847182
-0.62669890674544230813165504521527004802104704017256898651942825158902656467412507244909881987010698002535819028749536077849781078
0.62669890674544230813165504521527004802104704017256898651942825158902656467412507244909881987010698002535819028749536077849781078
-0.7660140165687349361183415279878793489755750173769630984829672506946232143485693479953585333579742578069125377317156451073843328
0.7660140165687349361183415279878793489755750173769630984829672506946232143485693479953585333579742578069125377317156451073843328
-0.90535837573851363438505490304083870992001060122310882162165376765522708098660741156143294505300237799346541169557932897223763163
0.90535837573851363438505490304083870992001060122310882162165376765522708098660741156143294505300237799346541169557932897223763163
-1.0447373366515263739009810634498364219787554972424204059612239294903501869505182807181314400586235112940737117155482965232316657
1.0447373366515263739009810634498364219787554972424204059612239294903501869505182807181314400586235112940737117155482965232316657
-1.1841562689585204875317319020113672756776483746314375591212042714926920587117653893261270078116513846659575177996070504141930443
1.1841562689585204875317319020113672756776483746314375591212042714926920587117653893261270078116513846659575177996070504141930443
-1.3236205622861004251239219384864152946181406841319664196593137035869193828100853816396842341417327875412825005672824335358520141
1.3236205622861004251239219384864152946181406841319664196593137035869193828100853816396842341417327875412825005672824335358520141
-1.4631356289878499000098171733169597455710358995588945775933024040149835021339967568055284218505809389677454936115518526503162194
1.4631356289878499000098171733169597455710358995588945775933024040149835021339967568055284218505809389677454936115518526503162194
-1.6027069069288768587763553217413694161324088659713304866615263622660389720944400530394446894324735206501744356048683460704460101
1.6027069069288768587763553217413694161324088659713304866615263622660389720944400530394446894324735206501744356048683460704460101
-1.7423398623080385631839366927555536293448876569121345404825617193046372917537258201833858871722060511137333059246310199426623583
1.7423398623080385631839366927555536293448876569121345404825617193046372917537258201833858871722060511137333059246310199426623583
-1.8820399925222161622923862303520107310540231430923906574409192754834344321419136592296653771731879333979456362235732434055354685
1.8820399925222161622923862303520107310540231430923906574409192754834344321419136592296653771731879333979456362235732434055354685
-2.0218128290771340154564303515658175591610937353563778916227901654189748210909822606364525721019831536089405379415713646394522536
2.0218128290771340154564303515658175591610937353563778916227901654189748210909822606364525721019831536089405379415713646394522536
-2.1616639405493593382015463159328813439511000205477617591624846557094283578220436164745509353607740350965773465096338039042554791
2.1616639405493593382015463159328813439511000205477617591624846557094283578220436164745509353607740350965773465096338039042554791
-2.3015989356042731972667561487595763366417348912897193512031830626344064446680565096047474910223157780381063501938918551137905658
2.3015989356042731972667561487595763366417348912897193512031830626344064446680565096047474910223157780381063501938918551137905658
-2.4416234660749752768834168634968955057405574941004783245296686016251342733785952918090455094087145517890192432704625246788518274
2.4416234660749752768834168634968955057405574941004783245296686016251342733785952918090455094087145517890192432704625246788518274
-2.581743230107273064865784136024446945532381296410546037745248094970167223802617110838912085719763370091647015893290701499497356
2.581743230107273064865784136024446945532381296410546037745248094970167223802617110838912085719763370091647015893290701499497356
-2.7219639753761121512057379905584683808167378527352339774753459715412893279288390142763519132225409305248347542824472549459660402
2.7219639753761121512057379905584683808167378527352339774753459715412893279288390142763519132225409305248347542824472549459660402
-2.8622915023790292860418317737678104753384880869335359695155440189910273371653687065261867299610245157856102631521848037664829998
2.8622915023790292860418317737678104753384880869335359695155440189910273371653687065261867299610245157856102631521848037664829998
-3.0027316678124549149832778294082872839714280577103514207638824947949191931004352745875745594230233646370371861393389611727452766
3.0027316678124549149832778294082872839714280577103514207638824947949191931004352745875745594230233646370371861393389611727452766
-3.1432903880369584290183432076990775425880469319733104651049863365062889899006726645279074679230596720029960155035072302164611817
3.1432903880369584290183432076990775425880469319733104651049863365062889899006726645279074679230596720029960155035072302164611817
-3.2839736426378188002533110413369236807768431537056755962597948375177462308084154637323475834503791615120867406503978060980792801
3.2839736426378188002533110413369236807768431537056755962597948375177462308084154637323475834503791615120867406503978060980792801
-3.4247874780876172379626686784199835068391307270734506820728514842827237741382505626549248632055985744733319175749358411777013968
3.4247874780876172379626686784199835068391307270734506820728514842827237741382505626549248632055985744733319175749358411777013968
-3.5657380115178887680082345496343667037363290109296617659610376049165909525010287159675579424137756082305929576849746141130703465
3.5657380115178887680082345496343667037363290109296617659610376049165909525010287159675579424137756082305929576849746141130703465
-3.70683143460723816588551207006161956924968012935048963645952696246168342010528246001244148433740298320527193794192869819626516
3.70683143460723816588551207006161956924968012935048963645952696246168342010528246001244148433740298320527193794192869819626516
-3.8480740175937246072191962779559833222271408096005629683806321832606128239526564755334596899457471142587746608719704865325103226
3.8480740175937246072191962779559833222271408096005629683806321832606128239526564755334596899457471142587746608719704865325103226
-3.9894721134197511009974486769153617881780567437314744870890501502031492624226375949815102659946015289274257711899849178904798465
3.9894721134197511009974486769153617881780567437314744870890501502031492624226375949815102659946015289274257711899849178904798465
-4.1310321620181618371823690349021640369178027112982040434081120193265546511294210164272323553401949820755385684853263101839898137
4.1310321620181618371823690349021640369178027112982040434081120193265546511294210164272323553401949820755385684853263101839898137
-4.2727606947487558681823379758836377392355372073100154661685528007063576757430606818004206845567410985342121550473393672030217474
4.2727606947487558681823379758836377392355372073100154661685528007063576757430606818004206845567410985342121550473393672030217474
-4.414664338994972196394421726554789251629212028173025050595481838206248645345224270573276625844385194364727337230318458818230726
4.414664338994972196394421726554789251629212028173025050595481838206248645345224270573276625844385194364727337230318458818230726
-4.556749822931092818128962314454451990676511599386260927015591634645978219106888925067216556554454543958689947415359398940018903
4.556749822931092818128962314454451990676511599386260927015591634645978219106888925067216556554454543958689947415359398940018903
-4.6990239804709503894274761127539427001695334857800567928178445923654433872603284099309921706098715991003232772458796505300653582
4.6990239804709503894274761127539427001695334857800567928178445923654433872603284099309921706098715991003232772458796505300653582
-4.841493756409820132749501997057803504801933830470859007123598496680813341824995467268741621416747906243518820928005732302817563
4.841493756409820132749501997057803504801933830470859007123598496680813341824995467268741621416747906243518820928005732302817563
-4.9841662117719260288423650991530378854239565379259349134622529099464072135509259533788809308774120798028141269575325521166839551
4.9841662117719260288423650991530378854239565379259349134622529099464072135509259533788809308774120798028141269575325521166839551
-5.1270485293768043497125287033778039376106790703283012404274610104265122072289215751748718723298780220781266127493201824100482377
5.1270485293768043497125287033778039376106790703283012404274610104265122072289215751748718723298780220781266127493201824100482377
-5.2701480196386488361054712792636231586873462140838863758507493248023855330306068979198377327468438208735268338826499961600549191
5.2701480196386488361054712792636231586873462140838863758507493248023855330306068979198377327468438208735268338826499961600549191
-5.4134721266137175524860326069603792991481240367946537736762069419507603375411518564018465257454387674996683474798386649395348975
5.4134721266137175524860326069603792991481240367946537736762069419507603375411518564018465257454387674996683474798386649395348975
-5.5570284343119185762682379475936586654930521983436732795105924315778728976088847831599083527155622107845039221501980332716336045
5.5570284343119185762682379475936586654930521983436732795105924315778728976088847831599083527155622107845039221501980332716336045
-5.7008246732898178521817037326849308960050672224305998439762357691307973461116361714712653934263492430129778629010497897869582416
5.7008246732898178521817037326849308960050672224305998439762357691307973461116361714712653934263492430129778629010497897869582416
-5.8448687275435362560825190536873145651029634053643747733639568030502281945838652680390146323384752680883614440331714945624447282
5.8448687275435362560825190536873145651029634053643747733639568030502281945838652680390146323384752680883614440331714945624447282
-5.9891686417213335871431565398410431512358046095633311652964041067939932663613558779270259804110168635939756363748123732904261178
5.9891686417213335871431565398410431512358046095633311652964041067939932663613558779270259804110168635939756363748123732904261178
-6.1337326286771253119480903560810198568432755724076494961661461340897618463045878147911365686564704310399435260483856939787996976
6.1337326286771253119480903560810198568432755724076494961661461340897618463045878147911365686564704310399435260483856939787996976
-6.2785690773877550634670224375689265583353980034365350218980689428013251849512475550436334967055106235886026836760420903005598502
6.2785690773877550634670224375689265583353980034365350218980689428013251849512475550436334967055106235886026836760420903005598502
-6.4236865612585651202723932799322543290027332297726174103779038284730429055956014900506754237754782449487639697685440710300234252
6.4236865612585651202723932799322543290027332297726174103779038284730429055956014900506754237754782449487639697685440710300234252
-6.569093846843682815578349857205716737131292968480701264577686434319749909765063052484162960000907746511569663587737299332430279
6.569093846843682815578349857205716737131292968480701264577686434319749909765063052484162960000907746511569663587737299332430279
-6.7147999030094891925182747648812233551648573783831493071949177310581555927622735457504966185344121645953293523745205915256153401
6.7147999030094891925182747648812233551648573783831493071949177310581555927622735457504966185344121645953293523745205915256153401
-6.860813910571975272766408485407400944351416573324108849079547879150274610565411824974894131842401193005021104231651832515895236
6.860813910571975272766408485407400944351416573324108849079547879150274610565411824974894131842401193005021104231651832515895236
-7.0071452724411412317935507725577135638882501030063593579127241491975148660823216839989644132136766841395512641076631950216333745
7.0071452724411412317935507725577135638882501030063593579127241491975148660823216839989644132136766841395512641076631950216333745
-7.1538036243082772044144770461445018680480174468816317507788825048524513462795121185601895052629179987057809290823483712707515665
7.1538036243082772044144770461445018680480174468816317507788825048524513462795121185601895052629179987057809290823483712707515665
-7.3007988459149067736598281437360025187522133919908944097018387830123346747051449606777025276593064385671681231227876928811156964
7.3007988459149067736598281437360025187522133919908944097018387830123346747051449606777025276593064385671681231227876928811156964
-7.4481410729454039638729386862466067457671326084098900878985488827387118165534661159775744707591576137160779760460421020390289861
7.4481410729454039638729386862466067457671326084098900878985488827387118165534661159775744707591576137160779760460421020390289861
-7.5958407095888438855703643602740508308731144527602649993947729544708424607319509940923781983354216709690366794881896242067332603
7.5958407095888438855703643602740508308731144527602649993947729544708424607319509940923781983354216709690366794881896242067332603
-7.7439084418195522694913981470787302604435895074709177897298665286099196735243978274312158846589401763347385405323438513076271317
7.7439084418195522694913981470787302604435895074709177897298665286099196735243978274312158846589401763347385405323438513076271317
-7.8923552514501208511994311683757227762334973408925017972782231493046209705615909655453208634636508548328716586573648780338914965
7.8923552514501208511994311683757227762334973408925017972782231493046209705615909655453208634636508548328716586573648780338914965
-8.0411924310154001371369235152137789884391640442635911865982254414291809818546339294187586184128679824982236968359585095835776964
8.0411924310154001371369235152137789884391640442635911865982254414291809818546339294187586184128679824982236968359585095835776964
-8.1904315995512208333388971116162599412243182366567485943909744460509410316122537000669150781885685852168379352231586655416250367
8.1904315995512208333388971116162599412243182366567485943909744460509410316122537000669150781885685852168379352231586655416250367
-8.3400847193373895184036938973973035139334598813662414322802589167208717711757750249854649636881458640860640512719374259601227086
8.3400847193373895184036938973973035139334598813662414322802589167208717711757750249854649636881458640860640512719374259601227086
-8.4901641136809204575195366342386880692979421233168911164514549715446842879526186097317230759510195193907442753514863090267779983
8.4901641136809204575195366342386880692979421233168911164514549715446842879526186097317230759510195193907442753514863090267779983
-8.6406824858225805838836616105856550157036701853114691477170870064856930635046527435949125112148592532602633323395472155423103277
8.6406824858225805838836616105856550157036701853114691477170870064856930635046527435949125112148592532602633323395472155423103277
-8.7916529390577262027561529256268876143205026508379320826601370585030893950443034088763228974539774622582883041970413934773790919
8.7916529390577262027561529256268876143205026508379320826601370585030893950443034088763228974539774622582883041970413934773790919
-8.9430889981711979738913979741700959609007050108010409779379972306946549129439507535982284778001209116662105885283181269365387823
8.9430889981711979738913979741700959609007050108010409779379972306946549129439507535982284778001209116662105885283181269365387823
-9.0950046322958297603361997834990615795120954942051992867812222790499524850058965492179617164177588960125040360479342383744327854
9.0950046322958297603361997834990615795120954942051992867812222790499524850058965492179617164177588960125040360479342383744327854
-9.2474142793150484014568356801689645066348429143240168931627733452943295281648624440999327073380102204408380180172528212667652222
9.2474142793150484014568356801689645066348429143240168931627733452943295281648624440999327073380102204408380180172528212667652222
-9.4003328719422464125254007740449638224957757467197910888761923962791093767208747135603030367616163119583291449736526096043643494
9.4003328719422464125254007740449638224957757467197910888761923962791093767208747135603030367616163119583291449736526096043643494
-9.5537758656232719989362012337209865649941208162859724218289025281305373441298036801258928604362927262789331402416449330547616371
9.5537758656232719989362012337209865649941208162859724218289025281305373441298036801258928604362927262789331402416449330547616371
-9.7077592684237014130321362289335404437649424777133505462978753560765862450650664568256853472712351752569840080850591742703444965
9.7077592684237014130321362289335404437649424777133505462978753560765862450650664568256853472712351752569840080850591742703444965
-9.8622996730797698971590139064639518469627531191090048488480181277944486068017047547503093175663519715001200713161950832712641295
9.8622996730797698971590139064639518469627531191090048488480181277944486068017047547503093175663519715001200713161950832712641295
-10.017414291411208643765595899609913724049812932105868386636998319054217934252355879616616315944569940807607826258195541750401045
10.017414291411208643765595899609913724049812932105868386636998319054217934252355879616616315944569940807607826258195541750401045
-10.173120991316079494683836873780449316284069700791730664614999780149946923995583099284105780002016914903981083606152204071658191
10.173120991316079494683836873780449316284069700791730664614999780149946923995583099284105780002016914903981083606152204071658191
-10.329438336592381365088642569260064340743325115717040825989781936565005903676779274261520543232080426988150962711163527827363475
10.329438336592381365088642569260064340743325115717040825989781936565005903676779274261520543232080426988150962711163527827363475
-10.486385629859148848067564267453957808619708399934593915508839055624346581550949251188032368429671246152010380973611218604519448
10.486385629859148848067564267453957808619708399934593915508839055624346581550949251188032368429671246152010380973611218604519448
-10.643982958881473369546619778017623965964098414608840312853865276387690360137432090602404164804202105339349800907159233092421301
10.643982958881473369546619778017623965964098414608840312853865276387690360137432090602404164804202105339349800907159233092421301
-10.802251246639936956340279919269841558007895768312973861036889497544450690160210047937722446909395866401871579265733641340024205
10.802251246639936956340279919269841558007895768312973861036889497544450690160210047937722446909395866401871579265733641340024205
-10.961212305526048728477085846230706288810477096399549788475722633487117383350019847139729966288970496063977483184605179915306836
10.961212305526048728477085846230706288810477096399549788475722633487117383350019847139729966288970496063977483184605179915306836
-11.12088889609223035903092246655632754431298240042146564173635736078772744008587032233325264607139252261572872017901126079216709
11.12088889609223035903092246655632754431298240042146564173635736078772744008587032233325264607139252261572872017901126079216709
-11.281304790838675444439279131049407247830191778339977576189326870514223462141610339790931264294344774780349064446710032830792506
11.281304790838675444439279131049407247830191778339977576189326870514223462141610339790931264294344774780349064446710032830792506
-11.442484843581157698889961459715539382686871034726285027047207405863179779275412745419083231671062175338005600134542553940906324
11.442484843581157698889961459715539382686871034726285027047207405863179779275412745419083231671062175338005600134542553940906324
-11.604455065014953863357795617755657092892534111214101376294842001262806032641691624971193809664396266872882733599249625921076224
11.604455065014953863357795617755657092892534111214101376294842001262806032641691624971193809664396266872882733599249625921076224
-11.76724270517211804142804041365337511110350612089248202908616956854061729623046552525403356238934582394662451637485611581470626
11.76724270517211804142804041365337511110350612089248202908616956854061729623046552525403356238934582394662451637485611581470626
-11.930876343564362562259964236225208678037565138392554858904861120626833127622550943768725637691214227580264672881658314998292554
11.930876343564362562259964236225208678037565138392554858904861120626833127622550943768725637691214227580264672881658314998292554
-12.095385987914137697243682337589246970561546201816635186135493454947066675456902842569259009993948960668110117833830944462912048
12.095385987914137697243682337589246970561546201816635186135493454947066675456902842569259009993948960668110117833830944462912048
-12.260803182505027113689379724094573565241726976737875815469945968214785771654022549056164583159378108579391844706770958229179023
12.260803182505027113689379724094573565241726976737875815469945968214785771654022549056164583159378108579391844706770958229179023
-12.427161127332771614848861061160744184498184983673198669459050735900327627756941747346999458991021844273700931368471997689441205
12.427161127332771614848861061160744184498184983673198669459050735900327627756941747346999458991021844273700931368471997689441205
-12.594494809414349087042791855900040821050266005180970289793196485979387277491959805360281330234076355700663731559956935930999188
12.594494809414349087042791855900040821050266005180970289793196485979387277491959805360281330234076355700663731559956935930999188
-12.762841147819777410396273504042564891305222418809436428372581423185255917502726482244885162106271669358340600358469130367615731
12.762841147819777410396273504042564891305222418809436428372581423185255917502726482244885162106271669358340600358469130367615731
-12.932239154236071888901047614384921205476148278215700152660987695467035091531745977210807273756147092773570494567969670197454165
12.932239154236071888901047614384921205476148278215700152660987695467035091531745977210807273756147092773570494567969670197454165
-13.102730111162994179589725094418875912182187451939641789676062300396731150648564837088218429705678187773956172378281778092763903
13.102730111162994179589725094418875912182187451939641789676062300396731150648564837088218429705678187773956172378281778092763903
-13.274357770185708196576293719913814856031745546900978359231931298349146271563798339639296199931716434987889950182621464989582858
13.274357770185708196576293719913814856031745546900978359231931298349146271563798339639296199931716434987889950182621464989582858
-13.447168573182488393702369965573473202631430318207329223970014006141410597301564484452807284990445083505595166472698659274029651
13.447168573182488393702369965573473202631430318207329223970014006141410597301564484452807284990445083505595166472698659274029651
-13.62121189982162345634605829174246966249590705872076540079022761381823265695912275136378386024825558501937111909088407658325547
13.62121189982162345634605829174246966249590705872076540079022761381823265695912275136378386024825558501937111909088407658325547
-13.796540345300090677040517808988429541911559822021593739864680188322853508615015419483980599300521918069530050823392335662827465
13.796540345300090677040517808988429541911559822021593739864680188322853508615015419483980599300521918069530050823392335662827465
-13.973210033002173068412097434649087058422802731569679766062767154553823461826818630195993149294058518989017259229977940338919222
13.973210033002173068412097434649087058422802731569679766062767154553823461826818630195993149294058518989017259229977940338919222
-14.15128096764056765490239611308417857869144140913621972971142066658484510330332960759298206908794081695847593665244649645117813
14.15128096764056765490239611308417857869144140913621972971142066658484510330332960759298206908794081695847593665244649645117813
-14.330817435526376962315387861631407085912477416617256918264807110426019227676263377136852651908109964214803673141571066641820158
14.330817435526376962315387861631407085912477416617256918264807110426019227676263377136852651908109964214803673141571066641820158
-14.51188845995042021063894268784538005652757861387563961270607709660401379624628189409326300513317866496748373688262052940828073
14.51188845995042021063894268784538005652757861387563961270607709660401379624628189409326300513317866496748373688262052940828073
-14.694568321315403537671183914093031290859792600348838682848253707709943734301313896478260400117799131061045148082164996723237623
14.694568321315403537671183914093031290859792600348838682848253707709943734301313896478260400117799131061045148082164996723237623
-14.8789371537272734672488078566755695048288220560088454295806334848073367844696630938665866848799911076962889074996883106990765
14.8789371537272734672488078566755695048288220560088454295806334848073367844696630938665866848799911076962889074996883106990765
-15.065081632354819027760257725127709644061171737706694294382150333597266189041957423741772881240078709620726915041435712835951536
15.065081632354819027760257725127709644061171737706694294382150333597266189041957423741772881240078709620726915041435712835951536
-15.25309576916034031714185252750078249381270318388190254675817803252345053170293508386722369314362016876011684178584176236226848
15.25309576916034031714185252750078249381270318388190254675817803252345053170293508386722369314362016876011684178584176236226848
-15.443081838808685621557372694061510945973754587723475808436838193639177609478615778153534461231384673135831901144071312880784967
15.443081838808685621557372694061510945973754587723475808436838193639177609478615778153534461231384673135831901144071312880784967
-15.635151461974499569493979427986280979009540238153535179856314035321405724664252115217372368849495792373494230125328099036593391
15.635151461974499569493979427986280979009540238153535179856314035321405724664252115217372368849495792373494230125328099036593391
-15.829426880298585158502308974906126721733226139380712975687771246762889330052158382906122114202071727112695875235514255600334462
15.829426880298585158502308974906126721733226139380712975687771246762889330052158382906122114202071727112695875235514255600334462
-16.026042466467157974768889631084654038802643766253115923208758213769994122249549068102026510170299235115913545442887208561391163
16.026042466467157974768889631084654038802643766253115923208758213769994122249549068102026510170299235115913545442887208561391163
-16.225146525113279977120808946419804395572291620264409804489888704406539158826832517134617483328528585472800936097065447406222719
16.225146525113279977120808946419804395572291620264409804489888704406539158826832517134617483328528585472800936097065447406222719
-16.426903456630262559889345112421838256278288823703730155711288300985651825289532964170491321584128932780993874785273596898735754
16.426903456630262559889345112421838256278288823703730155711288300985651825289532964170491321584128932780993874785273596898735754
-16.631496378233202004600814811585108618963558802851697257956762480128161869897279650621092857142898768287711623238338856999282077
16.631496378233202004600814811585108618963558802851697257956762480128161869897279650621092857142898768287711623238338856999282077
-16.839130327206161673667948574816506625745007696459764334546368070955417857002180287135487709127130281191666744479824761454217486
16.839130327206161673667948574816506625745007696459764334546368070955417857002180287135487709127130281191666744479824761454217486
-17.050036213987039393971527679583784587445108449865947898102194523294709554051487118132534395158828275878301821522793930580324519
17.050036213987039393971527679583784587445108449865947898102194523294709554051487118132534395158828275878301821522793930580324519
-17.26447575332963540470038245367346963920723555235982037849378582390976353937178639275328408932235478715172827921951391868033806
17.26447575332963540470038245367346963920723555235982037849378582390976353937178639275328408932235478715172827921951391868033806
-17.482747689256134129888024348986167369200543176730260535770375371509083884224574060726799789939194192654693381158759338813631185
17.482747689256134129888024348986167369200543176730260535770375371509083884224574060726799789939194192654693381158759338813631185
-17.70519575830614711384617082182713681086766100373303679629798416565230819978185987813000488140907368324620030663552391664297027
17.70519575830614711384617082182713681086766100373303679629798416565230819978185987813000488140907368324620030663552391664297027
-17.932219029411083389803276011111698090547497752149482686378025874129805041868952657241451640069256182539998396967241561777229286
17.932219029411083389803276011111698090547497752149482686378025874129805041868952657241451640069256182539998396967241561777229286
-18.16428555765609257562771624499487189511588432021882816361829340803913305456990097928347319819022536653895062891615400953630032
18.16428555765609257562771624499487189511588432021882816361829340803913305456990097928347319819022536653895062891615400953630032
-18.401950763207869743730525639254099249316619840248685107644140813960382989610671208842607645130650876045203029616239581455749717
18.401950763207869743730525639254099249316619840248685107644140813960382989610671208842607645130650876045203029616239581455749717
-18.645882722484569620012515137163602279045686962166511264433517570264686097782558661902707303474085757940796196826019097700764527
18.645882722484569620012515137163602279045686962166511264433517570264686097782558661902707303474085757940796196826019097700764527
-18.896897875451038217416494781200372324687730419536232949397228577881844120036929111634646993386646833685812505127459028156576275
18.896897875451038217416494781200372324687730419536232949397228577881844120036929111634646993386646833685812505127459028156576275
-19.156012984886219993759426897739599221538056681808878750742327020870150687952360531694129327337790223041698604045205813489421655
19.156012984886219993759426897739599221538056681808878750742327020870150687952360531694129327337790223041698604045205813489421655
-19.42452352542097446809846157046895732869925948209758779195104130134625483908104608024785806523212053557949196071819312341347721
19.42452352542097446809846157046895732869925948209758779195104130134625483908104608024785806523212053557949196071819312341347721
-19.704127266127486746575641779282731504762531334448638651201365718798003248673595832429573913575864208288945932394784323813602787
19.704127266127486746575641779282731504762531334448638651201365718798003248673595832429573913575864208288945932394784323813602787
-19.997130089920126856110560040312370268576063249334787006435214923494391540882337933596980192553948693418804714321646882705667304
19.997130089920126856110560040312370268576063249334787006435214923494391540882337933596980192553948693418804714321646882705667304
-20.306813806099961014855051430196325596831727960250175587390496849063031425104875838564751013441552986353905557354685840706826968
20.306813806099961014855051430196325596831727960250175587390496849063031425104875838564751013441552986353905557354685840706826968
-20.63815843764793118546462487687535145453625092205556891069321983059203723065136160385571901309749889420498729333313254640113235
20.63815843764793118546462487687535145453625092205556891069321983059203723065136160385571901309749889420498729333313254640113235
-20.999463347233008138742002558949454701074209994010018608097928477510984892169672103825323087514171357957931997207441333457174184
20.999463347233008138742002558949454701074209994010018608097928477510984892169672103825323087514171357957931997207441333457174184
-21.406825392198579958557133896714430925251165170681807877076340370379723808286427713413424474522219441944206504903299381521161436
21.406825392198579958557133896714430925251165170681807877076340370379723808286427713413424474522219441944206504903299381521161436
-21.902349549385686954455853969737555958551362451145691897601533140670594842655878573069364201945501888313239082849677404232379136
21.902349549385686954455853969737555958551362451145691897601533140670594842655878573069364201945501888313239082849677404232379136