-0.074462947851832083465102340079061164154168928997136627285243577437586763716445321402406812358363465991416866590305907153345949556
0.074462947851832083465102340079061164154168928997136627285243577437586763716445321402406812358363465991416866590305907153345949556
-0.22339255504460635510877099614487083923807816148427108648184351297434405423682777971915407910494642584000813261270259731103826786
0.22339255504460635510877099614487083923807816148427108648184351297434405423682777971915407910494642584000813261270259731103826786
-0.37233329911015366820972965627452915522023712840368313909092331408015479431437710203308401072292379088601950540783409900264571633
0.37233329911015366820972965627452915522023712840368313909092331408015479431437710203308401072292379088601950540783409900264571633
-0.52129261265301468481585265009402307513253488504557579938985784425155901967437585538829104612030881129279148029024187962253290826
0.52129261265301468481585265009402307513253488504557579938985784425155901967437585538829104612030881129279148029024187962253290826
-0.67027794032770862861359822530197754650429581550476358156639442217855276253983610882220726678006932022646811804487433403567177264
0.67027794032770862861359822530197754650429581550476358156639442217855276253983610882220726678006932022646811804487433403567177264
-0.81929674369066798828513569346760394311096694002017677924512683518082927307723829051862567868452493547631465673431727446757050378
0.81929674369066798828513569346760394311096694002017677924512683518082927307723829051862567868452493547631465673431727446757050378
-0.96835650608426170313163347167395716624223119130287733587918158794297153536282898318795280121212545345372190703437861250463367836
0.96835650608426170313163347167395716624223119130287733587918158794297153536282898318795280121212545345372190703437861250463367836
-1.1174647375622834349503056636698669201842340632334331643317687666496878945569934046000483435775004046848900337253468699344490183
1.1174647375622834349503056636698669201842340632334331643317687666496878945569934046000483435775004046848900337253468699344490183
-1.266628979866439697404205453051963607870345146199647210862760322792203047943859798460107062384253752770185943043233134645932745
1.266628979866439697404205453051963607870345146199647210862760322792203047943859798460107062384253752770185943043233134645932745
-1.4158568114635679707030500223505457021209715566588972261835002337989134233617054532509624202697437609883027639217463161294521939
1.4158568114635679707030500223505457021209715566588972261835002337989134233617054532509624202697437609883027639217463161294521939
-1.5651558526535487303735499562491861187800098078059621968507285592931205692775719883827983688669566460351439098567560246967769131
1.5651558526535487303735499562491861187800098078059621968507285592931205692775719883827983688669566460351439098567560246967769131
-1.714533770758149075697985863629677908638787020513123890296765684434071166678540134798482335596027968996740310074215416253115123
1.714533770758149075697985863629677908638787020513123890296765684434071166678540134798482335596027968996740310074215416253115123
-1.8639982854013511386758111405939099536005977600894995275315371526031669349732634016083985749225407675657134369209988118468686755
1.8639982854013511386758111405939099536005977600894995275315371526031669349732634016083985749225407675657134369209988118468686755
-2.0135571738920777594974506858146418355080318770496048860653944265122255438867816867559800671548634675031765128912834367436060707
2.0135571738920777594974506858146418355080318770496048860653944265122255438867816867559800671548634675031765128912834367436060707
-2.1632182767206334102568041196519511043481177369745665420365333558534724344571994822797348945869622789682190838942515912006946044
2.1632182767206334102568041196519511043481177369745665420365333558534724344571994822797348945869622789682190838942515912006946044
-2.3129895031806327490257845489982559617045217435129864364672575661180267609438683032103187088877358507037239913081206266303180531
2.3129895031806327490257845489982559617045217435129864364672575661180267609438683032103187088877358507037239913081206266303180531
-2.462878837128695566464990437742797227873460642845322791917912103063964501308966763678020786156300492130292441995524083244687608
2.462878837128695566464990437742797227873460642845322791917912103063964501308966763678020786156300492130292441995524083244687608
-2.6128943428947487144825521122775872754600568357787698151308908040352630978360933601587711763826380719942846489132624749092707483
2.6128943428947487144825521122775872754600568357787698151308908040352630978360933601587711763826380719942846489132624749092707483
-2.7630441713563967775902483678560478526748547942260402142186082202679733329104002262961186428494187881573415984118845218412055356
2.7630441713563967775902483678560478526748547942260402142186082202679733329104002262961186428494187881573415984118845218412055356
-2.9133365661915081292505697118579481470223395388495264419629971618877442342938780438773730166018482734399942970458564448228619217
2.9133365661915081292505697118579481470223395388495264419629971618877442342938780438773730166018482734399942970458564448228619217
-3.0637798703239164915852525184084265207436971574675748106019526602118100857181688917513891394529275076311909107291115239988951224
3.0637798703239164915852525184084265207436971574675748106019526602118100857181688917513891394529275076311909107291115239988951224
-3.2143825325779656419102508186822722346781163151776230902589846442313961530334782029584374229679381894330677660702721635154255838
3.2143825325779656419102508186822722346781163151776230902589846442313961530334782029584374229679381894330677660702721635154255838
-3.3651531145585325696243712603818021562358059720164506345400665325477353333259454961833095621574302763332935842549725106412296735
3.3651531145585325696243712603818021562358059720164506345400665325477353333259454961833095621574302763332935842549725106412296735
-3.5161002977741589682549127530916987733974554668549986941996268257267690917153243187637060852906377819905430281063037554222631688
3.5161002977741589682549127530916987733974554668549986941996268257267690917153243187637060852906377819905430281063037554222631688
-3.6672328910220100147714987406490398263836390564347476691210903619023955112206333705584740248049102074128859316070955534036548991
3.6672328910220100147714987406490398263836390564347476691210903619023955112206333705584740248049102074128859316070955534036548991
-3.8185598380545713739247110223309851728888908993370223822424718911053759831352336979379037059219666276405376028976068365556023333
3.8185598380545713739247110223309851728888908993370223822424718911053759831352336979379037059219666276405376028976068365556023333
-3.9700902255492996701999822111062585302755421921119558638846610152794444767075018119304931052978059608818104478871004343330196565
3.9700902255492996701999822111062585302755421921119558638846610152794444767075018119304931052978059608818104478871004343330196565
-4.1218332914038687783342969200978912702616480787492191621611882430492721618967414431511832643136429690788021325589531722344684125
4.1218332914038687783342969200978912702616480787492191621611882430492721618967414431511832643136429690788021325589531722344684125
-4.2737984333812158938854022540418954531727484746052823610359845431929758152909443659068151713315639225780340794000333134100847363
4.2737984333812158938854022540418954531727484746052823610359845431929758152909443659068151713315639225780340794000333134100847363
-4.4259952181303005201581656319143678176275740813943492390927552748791203312513529379176300314028669232585325113784413938575253725
4.4259952181303005201581656319143678176275740813943492390927552748791203312513529379176300314028669232585325113784413938575253725
-4.5784333906103608424880785464414940254289390684591154614444307045757019328726423176849509754922144826951520054056720330407349485
4.5784333906103608424880785464414940254289390684591154614444307045757019328726423176849509754922144826951520054056720330407349485
-4.731122883948501778869537808018455978277180699675997935578949018057100357517530624928858446068124065941963366261573201494284581
4.731122883948501778869537808018455978277180699675997935578949018057100357517530624928858446068124065941963366261573201494284581
-4.8840738297626955706204428226023773531285131289168381303717583936739109799775720063893275143814281524097499974233699049017969904
4.8840738297626955706204428226023773531285131289168381303717583936739109799775720063893275143814281524097499974233699049017969904
-5.037296568984739586131975947989662736244762449807342707364434401777074197871662839178535964355004277365413312242571609872934451
5.037296568984739586131975947989662736244762449807342707364434401777074197871662839178535964355004277365413312242571609872934451
-5.1908016632204200291305029912876739711513453600830659421772222377468796215996165835535160035811778258198840236418286920959995953
5.1908016632204200291305029912876739711513453600830659421772222377468796215996165835535160035811778258198840236418286920959995953
-5.3445999066871002764254495903710418326327123030862325600099807563189332295126894810387554050222439643086803527044989606185217365
5.3445999066871002764254495903710418326327123030862325600099807563189332295126894810387554050222439643086803527044989606185217365
-5.4987023387722176426276717480298606025223617127111488497192514922354437970309953177815973738649713191076973620774478800084653831
5.4987023387722176426276717480298606025223617127111488497192514922354437970309953177815973738649713191076973620774478800084653831
-5.6531202572597651669709639062230091810481026395133711229946856246278906322421207991798384431820200319619762894304964483389950195
5.6531202572597651669709639062230091810481026395133711229946856246278906322421207991798384431820200319619762894304964483389950195
-5.8078652322757924021723444324661468547630289266581758729295656976739030811340007971275034318153461189541561814198785286572239613
5.8078652322757924021723444324661468547630289266581758729295656976739030811340007971275034318153461189541561814198785286572239613
-5.9629491210083227889659752158183591455189125921515896936922035380092414484196423859678416947453469235448839126971706362122351401
5.9629491210083227889659752158183591455189125921515896936922035380092414484196423859678416947453469235448839126971706362122351401
-6.1183840832619021121641045857504323946980205097101060143367124158075958523026203461190220199727395837442488428924954267549804288
6.1183840832619021121641045857504323946980205097101060143367124158075958523026203461190220199727395837442488428924954267549804288
-6.2741825979123161012612668392215537526674705164354384263068305912164463946834946284856898916608630245459343351077071259158622158
6.2741825979123161012612668392215537526674705164354384263068305912164463946834946284856898916608630245459343351077071259158622158
-6.4303574803329059932626674981622181787069283949986981074649617546263097474736622095707684068425577061864514214740923315380390786
6.4303574803329059932626674981622181787069283949986981074649617546263097474736622095707684068425577061864514214740923315380390786
-6.5869219008704376194886969637633336671349837939413605995361215361225734786462545980139215061467746841823896066293732059286020912
6.5869219008704376194886969637633336671349837939413605995361215361225734786462545980139215061467746841823896066293732059286020912
-6.7438894044557206480447711098810238221012725075685472585681794175902918597910824606330100326852081214591576613480908122057920236
6.7438894044557206480447711098810238221012725075685472585681794175902918597910824606330100326852081214591576613480908122057920236
-6.9012739314422193614141130874952974169156355330375751373093054439596223841665898080528887183470259222341177710676270688216814277
6.9012739314422193614141130874952974169156355330375751373093054439596223841665898080528887183470259222341177710676270688216814277
-7.0590898397748468790075464610314070655851794839880413102429910715057943395035686045182806183285452529283405331531903678181809754
7.0590898397748468790075464610314070655851794839880413102429910715057943395035686045182806183285452529283405331531903678181809754
-7.2173519286011079477543688965490283264670966518958923899414776242001461005502294429633190760724952575538749461315337983684175092
7.2173519286011079477543688965490283264670966518958923899414776242001461005502294429633190760724952575538749461315337983684175092
-7.3760754634478854230451551687073685165963322465776034454325578664964172561359642890863509629640929202735842737276617512355954612
7.3760754634478854230451551687073685165963322465776034454325578664964172561359642890863509629640929202735842737276617512355954612
-7.5352762030996064974560918920295030347029700315506280380793000737671596330745829687466807488538492097681145386569963749031659996
7.5352762030996064974560918920295030347029700315506280380793000737671596330745829687466807488538492097681145386569963749031659996
-7.6949704283274541705716940331087512678264056637457434925765290138924975251986219741072746260432217746230227381227776142561323691
7.6949704283274541705716940331087512678264056637457434925765290138924975251986219741072746260432217746230227381227776142561323691
-7.8551749726349123688825419808419207004794568632259979541698096336467604824707591547728167140393077763460261746670487854989483706
7.8551749726349123688825419808419207004794568632259979541698096336467604824707591547728167140393077763460261746670487854989483706
-8.0159072552024866742609373997780155049106474390287945548220053249105178719932364706990351054543788923225130188776308615693926561
8.0159072552024866742609373997780155049106474390287945548220053249105178719932364706990351054543788923225130188776308615693926561
-8.1771853162342018154327280161345268518094243508619133458048936105806157617125886799569344522550434275907562488551793191650720033
8.1771853162342018154327280161345268518094243508619133458048936105806157617125886799569344522550434275907562488551793191650720033
-8.3390278549307615936421865712288952231163406982039154255254384396099525644380867238630645081128591846252497825967207340022580322
8.3390278549307615936421865712288952231163406982039154255254384396099525644380867238630645081128591846252497825967207340022580322
-8.5014542703394392559573742258738165116701788922312291581612862719129719002902623845832206097395577087854011345168183638506984206
8.5014542703394392559573742258738165116701788922312291581612862719129719002902623845832206097395577087854011345168183638506984206
-8.6644847053592816681643291757109361785486641779807155962932837013573062304213024793389647110432805940919810913027939306675689536
8.6644847053592816681643291757109361785486641779807155962932837013573062304213024793389647110432805940919810913027939306675689536
-8.8281400942125686921317036684786591524944401379184792291955317561726934137886729173897220203148273903802239178195587215062621848
8.8281400942125686921317036684786591524944401379184792291955317561726934137886729173897220203148273903802239178195587215062621848
-8.9924422137302686032687993032335160632946917132654846659370208760506222759251644537279743118215123711588683469148914758474248219
8.9924422137302686032687993032335160632946917132654846659370208760506222759251644537279743118215123711588683469148914758474248219
-9.1574137388411763061919883735217383623838692281307263949106044891196843229983687589684306691208807896855389545459632533760385666
9.1574137388411763061919883735217383623838692281307263949106044891196843229983687589684306691208807896855389545459632533760385666
-9.3230783027023464424108466882261745267180906544062823645047278373559293573370153166323112703219465493793216465503218268333328269
9.3230783027023464424108466882261745267180906544062823645047278373559293573370153166323112703219465493793216465503218268333328269
-9.4894605619633251105682933810105663747269026280724664609112496721406029659041791875730825855991016248252798914411395101842687649
9.4894605619633251105682933810105663747269026280724664609112496721406029659041791875730825855991016248252798914411395101842687649
-9.6565862677197148060116171313998703818263248513191152000421990964772502093296267596754613032927264349333742207991928129094239617
9.6565862677197148060116171313998703818263248513191152000421990964772502093296267596754613032927264349333742207991928129094239617
-9.8244823427841760326490198362130432969874631574746518483317471394535267407693766553113735412485857669297229397118210098998230225
9.8244823427841760326490198362130432969874631574746518483317471394535267407693766553113735412485857669297229397118210098998230225
-9.9931769659867493750992579698594510094083550228995142743074366449563321517150288103602870476649107989531873384399608200714762241
9.9931769659867493750992579698594510094083550228995142743074366449563321517150288103602870476649107989531873384399608200714762241
-10.162699664313383059298849161574763370104867488313904782150762018870245679609790736633654479019924535208235124400156062167537244
10.162699664313383059298849161574763370104867488313904782150762018870245679609790736633654479019924535208235124400156062167537244
-10.333081413804194740474989004900105183619735373197576108167672082092379530858599657553927467174110274929243436996712724690239478
10.333081413804194740474989004900105183619735373197576108167672082092379530858599657553927467174110274929243436996712724690239478
-10.504354750264211830249873873996475001664695252302612472265702077015229283842305392561520768199948499652024329129343993128360516
10.504354750264211830249873873996475001664695252302612472265702077015229283842305392561520768199948499652024329129343993128360516
-10.676553890992679920629082796674552481584605665299065103996640616462461960659323055739270054444531911761458064987758791672826248
10.676553890992679920629082796674552481584605665299065103996640616462461960659323055739270054444531911761458064987758791672826248
-10.849714868916842749242914744225439168143857625266632549729873025270282224459677504868726093623939735476513451754543439739333053
10.849714868916842749242914744225439168143857625266632549729873025270282224459677504868726093623939735476513451754543439739333053
-11.023875680727694229382172717585027417865742875213614838015607442056368830556837626619923817567099701555214474090177570329681002
11.023875680727694229382172717585027417865742875213614838015607442056368830556837626619923817567099701555214474090177570329681002
-11.199076450865122283943791209476824946558435384261502883390198630437913814666695843802774295312013410278809984785690705706417631
11.199076450865122283943791209476824946558435384261502883390198630437913814666695843802774295312013410278809984785690705706417631
-11.37535961349618906605941536308196274413808293051800519747361242827150687925117899236254987150003706087261322244389191394177655
11.37535961349618906605941536308196274413808293051800519747361242827150687925117899236254987150003706087261322244389191394177655
-11.552770114983065006360370912501533122449364506357137618153973088355884052490765684643340558017556930016469899001355418821126213
11.552770114983065006360370912501533122449364506357137618153973088355884052490765684643340558017556930016469899001355418821126213
-11.731355639758895769959027996442396905680834120252884512512843161890797619400889170428824908794221522946454341704340744304739683
11.731355639758895769959027996442396905680834120252884512512843161890797619400889170428824908794221522946454341704340744304739683
-11.911166863036377692927572421533926695256296914562894326833277495836386205391458646123267688513526449592285362727890431925028767
11.911166863036377692927572421533926695256296914562894326833277495836386205391458646123267688513526449592285362727890431925028767
-12.092257734384932361521167924680575402269332071404615775909496038971102448183175341033220038920624023771863482010646362589343541
12.092257734384932361521167924680575402269332071404615775909496038971102448183175341033220038920624023771863482010646362589343541
-12.274685796953364669245718304285166160115682270753440683491269813142359030415594097606961282309062960706965636669641235065860463
12.274685796953364669245718304285166160115682270753440683491269813142359030415594097606961282309062960706965636669641235065860463
-12.458512548018054300946388660402318829949993834421177497637553935586604005766626759647107230156131017278023535767316907168028479
12.458512548018054300946388660402318829949993834421177497637553935586604005766626759647107230156131017278023535767316907168028479
-12.643803847643629524413385231294449195950958646983640264160689270761200693820490363766968858688545856571068004589574895723922969
12.643803847643629524413385231294449195950958646983640264160689270761200693820490363766968858688545856571068004589574895723922969
-12.830630383607571753371891044236181535738909821448279705273106804537520647648509523771431370070758773126842835409409348883540678
12.830630383607571753371891044236181535738909821448279705273106804537520647648509523771431370070758773126842835409409348883540678
-13.019068202432638713284059179909928351661617155644673863916685090835797233303164227496564311384886172430272747889964019419944211
13.019068202432638713284059179909928351661617155644673863916685090835797233303164227496564311384886172430272747889964019419944211
-13.209199318483948969623379699926456480377117868138114646541478291153010994965970345270755873790334376142927199971110849994893344
13.209199318483948969623379699926456480377117868138114646541478291153010994965970345270755873790334376142927199971110849994893344
-13.401112415743908668535841331176587546081596683440044467089795487348530404436551659810162344131143018106967726899915413322487973
13.401112415743908668535841331176587546081596683440044467089795487348530404436551659810162344131143018106967726899915413322487973
-13.594903660242413727130472507130877968584038553204982652502603930626758876150129574484633764420462194420002986324967181240087172
13.594903660242413727130472507130877968584038553204982652502603930626758876150129574484633764420462194420002986324967181240087172
-13.790677645414352322477420999217947247827724001745993466323334723589662496106290192619799905487409595750351362192915566265500745
13.790677645414352322477420999217947247827724001745993466323334723589662496106290192619799905487409595750351362192915566265500745
-13.988548498185118409868517361876079045047719331213429199703309715838214151040784627717041183086587615684934901542959828518314862
13.988548498185118409868517361876079045047719331213429199703309715838214151040784627717041183086587615684934901542959828518314862
-14.188641180766978513744686026747481973748474604928649382365614186510792823842944664348361489260107016887468081556825741671341088
14.188641180766978513744686026747481973748474604928649382365614186510792823842944664348361489260107016887468081556825741671341088
-14.391093032570432733067941013977710992606891335471400534642564974552991354441590928280921331609091336120680387068888509010236941
14.391093032570432733067941013977710992606891335471400534642564974552991354441590928280921331609091336120680387068888509010236941
-14.596055609123589118310982158708719829948572567794006614009410691365836366458765780365948767982804838822450045333170332972511577
14.596055609123589118310982158708719829948572567794006614009410691365836366458765780365948767982804838822450045333170332972511577
-14.803696891636637693988366008050518871814048593856892811052516536285208058367901898579165176674161569316083057480474433517871303
14.803696891636637693988366008050518871814048593856892811052516536285208058367901898579165176674161569316083057480474433517871303
-15.014203963575415572388537914003944966942658450234467759201423312462517210373875881483099281594602556999185508402499233310364607
15.014203963575415572388537914003944966942658450234467759201423312462517210373875881483099281594602556999185508402499233310364607
-15.227786281871313783337751175292317548978067555232850904104094841143553194120316044767414979997268383616717472064949811378802111
15.227786281871313783337751175292317548978067555232850904104094841143553194120316044767414979997268383616717472064949811378802111
-15.444679714034499490892302450895746136025366347063988952143750030343912803355989715144726992211734423045209680891376965104599411
15.444679714034499490892302450895746136025366347063988952143750030343912803355989715144726992211734423045209680891376965104599411
-15.66515157433908183868883575487742683273433944027114274419757842399805117828866563002841029014564741705507412369847126763730753
15.66515157433908183868883575487742683273433944027114274419757842399805117828866563002841029014564741705507412369847126763730753
-15.889506981622619567961350747099855356385637516762764581561074906876157369884663161628416098991155416522736897023884768418487106
15.889506981622619567961350747099855356385637516762764581561074906876157369884663161628416098991155416522736897023884768418487106
-16.118096992836969001261524709864998774355785373164546878392830390556130868822295476763091026295005800004649325004817684775950261
16.118096992836969001261524709864998774355785373164546878392830390556130868822295476763091026295005800004649325004817684775950261
-16.351329164532611555723448020469120569299773380376605540559229050205763247120717811550029858576969018467523068197447354163112003
16.351329164532611555723448020469120569299773380376605540559229050205763247120717811550029858576969018467523068197447354163112003
-16.589681499914325104753810278854325127257309341902265926023811219649600265311497493991527508042918490339447194784187719087784182
16.589681499914325104753810278854325127257309341902265926023811219649600265311497493991527508042918490339447194784187719087784182
-16.833721223480302035797993532995981082202526840083985551401153306661488644095411259927899700227087366541463036796974174232488296
16.833721223480302035797993532995981082202526840083985551401153306661488644095411259927899700227087366541463036796974174232488296
-17.084130618034181355398335182575140248329765213512904262077937384074387427172396890048164315947319470320651318321469662953074065
17.084130618034181355398335182575140248329765213512904262077937384074387427172396890048164315947319470320651318321469662953074065
-17.341743504532958292132431194014859692085506645732626290959079141186560566914705907408541890357667150939158132765411099736482891
17.341743504532958292132431194014859692085506645732626290959079141186560566914705907408541890357667150939158132765411099736482891
-17.60759832840217632602074612724268558587689411338330294189704339021300537326968012300183748794614890842850669583431607021847931
17.60759832840217632602074612724268558587689411338330294189704339021300537326968012300183748794614890842850669583431607021847931
-17.883018253402582081571083054524575686710579376128961219771404014773733985832240794040141017511003926409818916499418573343952577
17.883018253402582081571083054524575686710579376128961219771404014773733985832240794040141017511003926409818916499418573343952577
-18.169737439294427542337627938450126333151566111569315502185866376494631770998812172066880807139076670302480846778026502046348518
18.169737439294427542337627938450126333151566111569315502185866376494631770998812172066880807139076670302480846778026502046348518
-18.470111362512344346790403321656147005728363452516870381271183507802700713071335347457680781813030932253927387582419655280648449
18.470111362512344346790403321656147005728363452516870381271183507802700713071335347457680781813030932253927387582419655280648449
-18.787492696722234807483943532986966465605866702567643987980438766964175097258017002892378037817966789336883735406115890725660519
18.787492696722234807483943532986966465605866702567643987980438766964175097258017002892378037817966789336883735406115890725660519
-19.126969493171898202015295182523098713429836185365747517675353678801077564871619240876973490366754057249694271918374022615606414
19.126969493171898202015295182523098713429836185365747517675353678801077564871619240876973490366754057249694271918374022615606414
-19.497022096201475798196279225415207635484089438379847134479372335079676642191480192491396312039557090604293913215344771730432257
19.497022096201475798196279225415207635484089438379847134479372335079676642191480192491396312039557090604293913215344771730432257
-19.914100516754089116743835197010270247509258273610471886064260996451429177221412478184147166732151268254360188586976428344268627
19.914100516754089116743835197010270247509258273610471886064260996451429177221412478184147166732151268254360188586976428344268627
-20.421240141524152319577872152474852543884543853186351887951717111959124530848708928905304589219281437772126341049259269539573997
20.421240141524152319577872152474852543884543853186351887951717111959124530848708928905304589219281437772126341049259269539573997