0
-0.27040594535031911636253212382274699751538543513296449332286910372204467129506673640560722789365270189810582262140643546705440459
0.27040594535031911636253212382274699751538543513296449332286910372204467129506673640560722789365270189810582262140643546705440459
-0.54095854971511490061182129939778376434825744544275959086446316134047891723180518310823992492112939666931416383974001388392688637
0.54095854971511490061182129939778376434825744544275959086446316134047891723180518310823992492112939666931416383974001388392688637
-0.81180550955890364356825136551481575619298516670244819705696711283305266779985127970517449222066616531827829390271588546513840041
0.81180550955890364356825136551481575619298516670244819705696711283305266779985127970517449222066616531827829390271588546513840041
-1.0830966177633831296024487532059432101643287257998007441447700384809838787395833771614486667958388476286584212663074403686558545
1.0830966177633831296024487532059432101643287257998007441447700384809838787395833771614486667958388476286584212663074403686558545
-1.3549848665269234558762157100657335844982489308439160941421672413961509401731631620491047356237047709520919866432924858961128428
1.3549848665269234558762157100657335844982489308439160941421672413961509401731631620491047356237047709520919866432924858961128428
-1.6276276184711236641456376195867677166092168567440425560316185287006276624989939648398062878948558762303084156357466703869251954
1.6276276184711236641456376195867677166092168567440425560316185287006276624989939648398062878948558762303084156357466703869251954
-1.9011878731830645867196255912969980595896564310953887949201572041749973760998590303176946154158410845499604903020501363130364984
1.9011878731830645867196255912969980595896564310953887949201572041749973760998590303176946154158410845499604903020501363130364984
-2.1758356606878358047449029195072308439618492567217638429717366671304238842439473908978161577666041731879911505808413637669414099
2.1758356606878358047449029195072308439618492567217638429717366671304238842439473908978161577666041731879911505808413637669414099
-2.4517495992505411743656873312391052863576000725482781692659567372092867583633591046959636422273429441769155759171471942491122003
2.4517495992505411743656873312391052863576000725482781692659567372092867583633591046959636422273429441769155759171471942491122003
-2.7291186629246001574064647087406177451479987621752475616207321380290876677303205317262488491204679350909791725511186738232037033
2.7291186629246001574064647087406177451479987621752475616207321380290876677303205317262488491204679350909791725511186738232037033
-3.0081442150749433553879708419868837067554816994868171791078257607246386724960221601161184522826153770090667525088704440400466603
3.0081442150749433553879708419868837067554816994868171791078257607246386724960221601161184522826153770090667525088704440400466603
-3.2890423786892447590516249772007778591845426850462190775129198432304971571443308190962888442267249360061126993418584727658578763
3.2890423786892447590516249772007778591845426850462190775129198432304971571443308190962888442267249360061126993418584727658578763
-3.5720468340630475012683981638744353464289943917796837656234908506274705921932271202072810456737891311262003080659531620043245506
3.5720468340630475012683981638744353464289943917796837656234908506274705921932271202072810456737891311262003080659531620043245506
-3.8574121614750751951591753180356020030454321711252315464413537484326574936412542132622014025960272323668591919103764292695212308
3.8574121614750751951591753180356020030454321711252315464413537484326574936412542132622014025960272323668591919103764292695212308
-4.1454178838251632997273113228320623762803713303836678198820899185954806322241107868578221847344553687394425505316928727081608002
4.1454178838251632997273113228320623762803713303836678198820899185954806322241107868578221847344553687394425505316928727081608002
-4.4363734165111919383564898088871834752288545890663528550844944030196936339235026292704117447122747774580040598568727548238141412
4.4363734165111919383564898088871834752288545890663528550844944030196936339235026292704117447122747774580040598568727548238141412
-4.7306242061652039546478801815251856572067168060219675899717107572826047649964700979324968227927958434995146035539900710209162756
4.7306242061652039546478801815251856572067168060219675899717107572826047649964700979324968227927958434995146035539900710209162756
-5.0285594473595789011137911268838491627490374164002770891499603561989508258170189623276466391806384418236611440227979343391726848
5.0285594473595789011137911268838491627490374164002770891499603561989508258170189623276466391806384418236611440227979343391726848
-5.3306219248283470660145920740908623308378082188250232345252457263898580896933221089451336145305994021335995648147206639438311239
5.3306219248283470660145920740908623308378082188250232345252457263898580896933221089451336145305994021335995648147206639438311239
-5.6373207673775578810548642379736955323795639053877836031051552378328592442622741396384082027786638932564042976132762898188482521
5.6373207673775578810548642379736955323795639053877836031051552378328592442622741396384082027786638932564042976132762898188482521
-5.9492482679521009309474516799535125533580736825596595596704033351013994673831442893638904696163442768966748480590116093389020028
5.9492482679521009309474516799535125533580736825596595596704033351013994673831442893638904696163442768966748480590116093389020028
-6.2671025086846094480768163746637408626057408641249887858509182459669978420493341191951426116904714045616979733221253752495588105
6.2671025086846094480768163746637408626057408641249887858509182459669978420493341191951426116904714045616979733221253752495588105
-6.5917184866891135900618213849470566598026107599229584956272827004483396200787790378788651852182242859618183181478078718718923357
6.5917184866891135900618213849470566598026107599229584956272827004483396200787790378788651852182242859618183181478078718718923357
-6.9241120615277027966766227138091128465533598211315236471240408177685698533605054973623613389037463273283119745898069648657942295
6.9241120615277027966766227138091128465533598211315236471240408177685698533605054973623613389037463273283119745898069648657942295
-7.2655439249082009263784449881336717911303696555913378925040108268856485561024464386612290933403847959748015667450185946604602546
7.2655439249082009263784449881336717911303696555913378925040108268856485561024464386612290933403847959748015667450185946604602546
-7.6176161578278200638711742562562002777235495874804578787053274404156024295694034127818477796127012744782645487209320741236608736
7.6176161578278200638711742562562002777235495874804578787053274404156024295694034127818477796127012744782645487209320741236608736
-7.9824245547615579574500111301192473542499330440812578946102697236779431702522440433194622789520615136587917078714152233318395256
7.9824245547615579574500111301192473542499330440812578946102697236779431702522440433194622789520615136587917078714152233318395256
-8.3628125057261163875558943697960644285744848689298517093491759151712085570003371249496383582608774177174040352442284878683989864
8.3628125057261163875558943697960644285744848689298517093491759151712085570003371249496383582608774177174040352442284878683989864
-8.7628250943199566498080703188224277316724267902306800604323318773267196465057681730963873735363257682067149336613336208887872497
8.7628250943199566498080703188224277316724267902306800604323318773267196465057681730963873735363257682067149336613336208887872497
-9.1886016826884831590926009020438949830131338064375734680309670054046223692954041951440990589383208822367470266795486422819290987
9.1886016826884831590926009020438949830131338064375734680309670054046223692954041951440990589383208822367470266795486422819290987
-9.6503813634446366131944940752469833739939996903688309785394359262309459365641306836202058586159198055100523162127139326638749626
9.6503813634446366131944940752469833739939996903688309785394359262309459365641306836202058586159198055100523162127139326638749626
-10.168049165614174934164016904607307448596039785732980455475577312829420761157098209320311769087260487860837464240454977112935932
10.168049165614174934164016904607307448596039785732980455475577312829420761157098209320311769087260487860837464240454977112935932
-10.7937192854612864369719527212458620422501534626401400838587733824006978512888313193419539500434830370605765071205162626418684
10.7937192854612864369719527212458620422501534626401400838587733824006978512888313193419539500434830370605765071205162626418684