0
-0.2122953333314339777925313679789940356343640599968100563454127051186389942910801004748847716593416135679011997501996577564183188
0.2122953333314339777925313679789940356343640599968100563454127051186389942910801004748847716593416135679011997501996577564183188
-0.42463437886846974485224728395482866843308022796396009540872288454725685065138053441643546446784781087257273266038561103793409573
0.42463437886846974485224728395482866843308022796396009540872288454725685065138053441643546446784781087257273266038561103793409573
-0.63706096596817292619056178571298004891640296081160071526937241846790757479655194882032428159913238667610845418617819749333750709
0.63706096596817292619056178571298004891640296081160071526937241846790757479655194882032428159913238667610845418617819749333750709
-0.84961915920820163504305180125683263321948077352178035788500374123099064104894934184895459748691775583029998579284545864243224229
0.84961915920820163504305180125683263321948077352178035788500374123099064104894934184895459748691775583029998579284545864243224229
-1.0623533783056695130443200443470516189157250600463037074139780305192271075185618437345772133296704272952984354928771396542535501
1.0623533783056695130443200443470516189157250600463037074139780305192271075185618437345772133296704272952984354928771396542535501
-1.2753085208470012374474856886009174348469806136796935628252906743926234212435451479553956511673884702757362321284507324790516503
1.2753085208470012374474856886009174348469806136796935628252906743926234212435451479553956511673884702757362321284507324790516503
-1.4885300888347838922616547010726690482733184474847411960048485492191340854349504498774761339237323157949954605297433348949748545
1.4885300888347838922616547010726690482733184474847411960048485492191340854349504498774761339237323157949954605297433348949748545
-1.7020643201191177900032742189945811321980147611743658882431009918044680294024285729554918439959725995163644934937579785629635352
1.7020643201191177900032742189945811321980147611743658882431009918044680294024285729554918439959725995163644934937579785629635352
-1.9159583258608970649502949364494191135710319863557915697633404702804835991544028452935212193398785218059474431774044073926543019
1.9159583258608970649502949364494191135710319863557915697633404702804835991544028452935212193398785218059474431774044073926543019
-2.1302602352750179553813776577104827385894290773533479731476844716491727201532319138398459760423519784950990695832897483368670419
2.1302602352750179553813776577104827385894290773533479731476844716491727201532319138398459760423519784950990695832897483368670419
-2.3450193490255716325173348845102734830305696697043110981111040409854589796757094624863930882409491387640160994283842486646934283
2.3450193490255716325173348845102734830305696697043110981111040409854589796757094624863930882409491387640160994283842486646934283
-2.560286302796238978576381293804492823337911445723737118412935555305079778518310280443755883267014056442200546789571386495518875
2.560286302796238978576381293804492823337911445723737118412935555305079778518310280443755883267014056442200546789571386495518875
-2.7761132427418982727268888335023568953764867035130563200029183663203902209506727846381274399575414975462168512141452270494130511
2.7761132427418982727268888335023568953764867035130563200029183663203902209506727846381274399575414975462168512141452270494130511
-2.9925540147475453098359734620273918817289009481026477222751251593176077335015277120559644807763590173458055397052624877781460857
2.9925540147475453098359734620273918817289009481026477222751251593176077335015277120559644807763590173458055397052624877781460857
-3.2096643696850730669384816743544563400567163750617800596940993243107291830630308958926548270263955972173113694177696109391059357
3.2096643696850730669384816743544563400567163750617800596940993243107291830630308958926548270263955972173113694177696109391059357
-3.4275021871760828218585952786873510747574706550054883216807925123791789600465348988571365554450264242852495042548818275122541744
3.4275021871760828218585952786873510747574706550054883216807925123791789600465348988571365554450264242852495042548818275122541744
-3.6461277207507311648803628014990055832627087883452158135756594262486824932910019147160660573193763672687097422083202580045605711
3.6461277207507311648803628014990055832627087883452158135756594262486824932910019147160660573193763672687097422083202580045605711
-3.8656038677524992738569389188043423362729133456079233186053607739242320462313772791015559747038836282652599614428851922308802725
3.8656038677524992738569389188043423362729133456079233186053607739242320462313772791015559747038836282652599614428851922308802725
-4.0859964678941412448317206865007253210308920069310566590670615337709549785262212185864053497525145356185177429871206459856291216
4.0859964678941412448317206865007253210308920069310566590670615337709549785262212185864053497525145356185177429871206459856291216
-4.3073746350430025846199189105562632387360456397111906391828313517468931403225439049727981129634791817554213439494624707904805238
4.3073746350430025846199189105562632387360456397111906391828313517468931403225439049727981129634791817554213439494624707904805238
-4.5298111276324912029638635341023125782397405561782927132080799181087858669466921636000836410756434904487121481333898503118134426
4.5298111276324912029638635341023125782397405561782927132080799181087858669466921636000836410756434904487121481333898503118134426
-4.7533827640966916579709320465527801122262540840758570192686574461173494606549593604030882028836153892423756634538135215393357239
4.7533827640966916579709320465527801122262540840758570192686574461173494606549593604030882028836153892423756634538135215393357239
-4.9781708909532619000662482021271436155983767081318776387052153063612024620307535213453057420442501141440128953519605308498811865
4.9781708909532619000662482021271436155983767081318776387052153063612024620307535213453057420442501141440128953519605308498811865
-5.2042619126759195469130270651109804369259035542062921144678678158950103703139599793214679310940986413347901911183166225264616326
5.2042619126759195469130270651109804369259035542062921144678678158950103703139599793214679310940986413347901911183166225264616326
-5.4317478943805023473217842188704055699299547363967387376920123660309501102801018545585364823840182074820663882114228148646184614
5.4317478943805023473217842188704055699299547363967387376920123660309501102801018545585364823840182074820663882114228148646184614
-5.6607272507011200380287169131513928078488844785297877187295384350785112158757380945911783711457300164805362456697988016596389763
5.6607272507011200380287169131513928078488844785297877187295384350785112158757380945911783711457300164805362456697988016596389763
-5.891305537192506666795474875606698313290983638692048741321093478675971159887934555017890622221804057174850790599206772615681401
5.891305537192506666795474875606698313290983638692048741321093478675971159887934555017890622221804057174850790599206772615681401
-6.1235963643451118107142010905614115188280396142591867533160403809379093684629122161617776923343720863120790863893120622032508302
6.1235963643451118107142010905614115188280396142591867533160403809379093684629122161617776923343720863120790863893120622032508302
-6.3577224590892373778896289624294452591904152907440574695839934287470412172637840961283652824154017398379999529599509068076264337
6.3577224590892373778896289624294452591904152907440574695839934287470412172637840961283652824154017398379999529599509068076264337
-6.5938169048330700909787231573925678678286791006327245278829348784654909838980185906255422872983880691119089959683641042289295033
6.5938169048330700909787231573925678678286791006327245278829348784654909838980185906255422872983880691119089959683641042289295033
-6.8320245990954787987005242156718235425186395088767645292771129163854210042954974275606549573292483500119615439518795651976923124
6.8320245990954787987005242156718235425186395088767645292771129163854210042954974275606549573292483500119615439518795651976923124
-7.0725039783127077890314695227824982189802109018180409993054153672510771174670223630050285424003975072995304056948361657860459463
7.0725039783127077890314695227824982189802109018180409993054153672510771174670223630050285424003975072995304056948361657860459463
-7.3154290733448312742932817581092910315453029178132455541014305499227209120293505867458756759386993609609450405364619533076682834
7.3154290733448312742932817581092910315453029178132455541014305499227209120293505867458756759386993609609450405364619533076682834
-7.5609919779111077913392631397619872054182723626566083683053687037099751518184783925026348517835661508130213733962722956270807626
7.5609919779111077913392631397619872054182723626566083683053687037099751518184783925026348517835661508130213733962722956270807626
-7.809405837575494722985191976460882102763354558036933734222463142966705468070701214769458947141426903949873079182581079936010609
7.809405837575494722985191976460882102763354558036933734222463142966705468070701214769458947141426903949873079182581079936010609
-8.060908501841050210713671719521422708979271127137838797978324653654493267637115668355560890225201770228850386131374607465206199
8.060908501841050210713671719521422708979271127137838797978324653654493267637115668355560890225201770228850386131374607465206199
-8.3157670306912535036536970228737319267630826285660036383174753710947569261870821115901002370022635149333066419155458701607129201
8.3157670306912535036536970228737319267630826285660036383174753710947569261870821115901002370022635149333066419155458701607129201
-8.5742833161234957068061583241863347825600256649707227036030597485252556129693314900060737532363697618968863422633619426917440563
8.5742833161234957068061583241863347825600256649707227036030597485252556129693314900060737532363697618968863422633619426917440563
-8.8368011791635289124739567537089352043041614757789317516003239721463525166200409964448407307589275639753948600062957799420657102
8.8368011791635289124739567537089352043041614757789317516003239721463525166200409964448407307589275639753948600062957799420657102
-9.1037154500398185567967559089832811749060785887551311467039444693187134776949572512965835310402262452164543558448466051654810617
9.1037154500398185567967559089832811749060785887551311467039444693187134776949572512965835310402262452164543558448466051654810617
-9.3754837607621949422145535738920845107436225639834600955585749453110466454916958174951085970412310294629907863316052750522389699
9.3754837607621949422145535738920845107436225639834600955585749453110466454916958174951085970412310294629907863316052750522389699
-9.6526421211592031345342239308569417476578160290635629769650407413889388915181870236818596516021340881852713491456235913309004245
9.6526421211592031345342239308569417476578160290635629769650407413889388915181870236818596516021340881852713491456235913309004245
-9.9358258915767607770764719963442623990271594211408914010316415960457800542202881341417243294259742344610626041681025063603370551
9.9358258915767607770764719963442623990271594211408914010316415960457800542202881341417243294259742344610626041681025063603370551
-10.225798652986767686629765930245841594470415878732743778396503139380668984244558166895888440487086997320649161779613925808571216
10.225798652986767686629765930245841594470415878732743778396503139380668984244558166895888440487086997320649161779613925808571216
-10.523492982154454652073969874035312929702309270409991495743941707834948396232593154130589798287264794510395491209311059834199875
10.523492982154454652073969874035312929702309270409991495743941707834948396232593154130589798287264794510395491209311059834199875
-10.830069808875092091558995628031581924194120365891670893781667040472994586986817082735017925917314631523983052118140290231989314
10.830069808875092091558995628031581924194120365891670893781667040472994586986817082735017925917314631523983052118140290231989314
-11.147008003906419015159349890678174028679520921019868481363881071384281967316585468983816472550258183842487029541343781558386415
11.147008003906419015159349890678174028679520921019868481363881071384281967316585468983816472550258183842487029541343781558386415
-11.47624568030145644560388910222013068824752379152231602550680052341006259433849709441763803191149331894290297159354365223549726
11.47624568030145644560388910222013068824752379152231602550680052341006259433849709441763803191149331894290297159354365223549726
-11.820415634054808796028100253461535399480831177521229202170955729856130464955300079622512508588708794297312045137307050774209
11.820415634054808796028100253461535399480831177521229202170955729856130464955300079622512508588708794297312045137307050774209
-12.183266303224141415066004949400503621847426870902485975309417044176114149242989719610824555371509770054249888550488330649437111
12.183266303224141415066004949400503621847426870902485975309417044176114149242989719610824555371509770054249888550488330649437111
-12.570488862595591983716271661852446775191282951861956338614201857909332587934562288106463192264311324081757697777779643261659794
12.570488862595591983716271661852446775191282951861956338614201857909332587934562288106463192264311324081757697777779643261659794
-12.991574644085650941633400112344424103153695694875329749637857114818303493145499082295417536873304834555511658909449407135270458
12.991574644085650941633400112344424103153695694875329749637857114818303493145499082295417536873304834555511658909449407135270458
-13.464949210295045754141414217984174120270485204810946828260750633941262971160962181109021163203607194094003249977941389644288784
13.464949210295045754141414217984174120270485204810946828260750633941262971160962181109021163203607194094003249977941389644288784
-14.038864788757729721873187977496733938109494974838225981482982687992374076077513870410491412651384902864138342015714076987453647
14.038864788757729721873187977496733938109494974838225981482982687992374076077513870410491412651384902864138342015714076987453647