-0.11306888315145194642073339250275363925233998121832452657673673639028343242966486497714433349407203929252750716838896101460068076
0.11306888315145194642073339250275363925233998121832452657673673639028343242966486497714433349407203929252750716838896101460068076
-0.3392366188788852431330228130345213115327880681722021003771196113196090080584012920812260110972822795096087816914511690696548303
0.3392366188788852431330228130345213115327880681722021003771196113196090080584012920812260110972822795096087816914511690696548303
-0.56549436626674888560150502468762715758833758958931480923172864568539214007824928480966970476668210380610826705675749967857915001
0.56549436626674888560150502468762715758833758958931480923172864568539214007824928480966970476668210380610826705675749967857915001
-0.79190247875401673436634130548591442692522990411374501749064090096207156547962036743716706393940963850409326630988611574381286399
0.79190247875401673436634130548591442692522990411374501749064090096207156547962036743716706393940963850409326630988611574381286399
-1.0185218319476799014316780817319870446159503895254646838326538680978019903180155437820743511016982408661576039070412787478879459
1.0185218319476799014316780817319870446159503895254646838326538680978019903180155437820743511016982408661576039070412787478879459
-1.2454140399065080452230479041348299518036172138277635778309842823316163321808778042923525899282151601048776871836120999980406715
1.2454140399065080452230479041348299518036172138277635778309842823316163321808778042923525899282151601048776871836120999980406715
-1.4726416790227095416965899212690019232308686357206884523115304275728862304181483880345434303561064711218715661001389469694993832
1.4726416790227095416965899212690019232308686357206884523115304275728862304181483880345434303561064711218715661001389469694993832
-1.700268521938350560224392728815014000266347491258248145999841153620989808153550668203671616468588339584146501940095313192554822
1.700268521938350560224392728815014000266347491258248145999841153620989808153550668203671616468588339584146501940095313192554822
-1.9283597841455024719183447427662192391193218036619985815344918450823726856966327021670608203068351167422208892022864120900737144
1.9283597841455024719183447427662192391193218036619985815344918450823726856966327021670608203068351167422208892022864120900737144
-2.156982386193128502909893278506921049650476534475649188144908352159143181663346649805579151682155898812627549806108009163818402
2.156982386193128502909893278506921049650476534475649188144908352159143181663346649805579151682155898812627549806108009163818402
-2.386205234769779884885538396077285717067117719941103833423564872521342738658047907401627031758811832691868940493239847839156492
2.386205234769779884885538396077285717067117719941103833423564872521342738658047907401627031758811832691868940493239847839156492
-2.6160995263623888241147535737177552649343984612826265958184836084550929558088494814690516446986663833143650287057983857554828803
2.6160995263623888241147535737177552649343984612826265958184836084550929558088494814690516446986663833143650287057983857554828803
-2.8467390777247827675489329404416131334886028718791247384955705655743156207225032794974429545111048895214752580937047620037589317
2.8467390777247827675489329404416131334886028718791247384955705655743156207225032794974429545111048895214752580937047620037589317
-3.078200688046818667302886397298495535005730995839111019170160102289033436013219740109750671962040953982506964068584767241085028
3.078200688046818667302886397298495535005730995839111019170160102289033436013219740109750671962040953982506964068584767241085028
-3.3105645385243051897860134723335588715115003632960327859411242134294104628058880134130009628518259846651951334848278491725186227
3.3105645385243051897860134723335588715115003632960327859411242134294104628058880134130009628518259846651951334848278491725186227
-3.5439146360273119148125874009354085433207619535217246953755714409986152204817101163704919063269483916291427804051914476724224048
3.5439146360273119148125874009354085433207619535217246953755714409986152204817101163704919063269483916291427804051914476724224048
-3.7783393087968628324878482512623559678001569717373381518986454265149823479977544264731087323356573293750635574293712247094442129
3.7783393087968628324878482512623559678001569717373381518986454265149823479977544264731087323356573293750635574293712247094442129
-4.0139317636282689080516063350392516369696254808616015880476508466821136407911623021454933546958949646408737500036632077288119324
4.0139317636282689080516063350392516369696254808616015880476508466821136407911623021454933546958949646408737500036632077288119324
-4.2507907159031864542796583531335534492856473600997265497261792657964961930942244600295456686404973603337704347264115223772339257
4.2507907159031864542796583531335534492856473600997265497261792657964961930942244600295456686404973603337704347264115223772339257
-4.4890211062169949334111877868372727497803956673838391242583553292106481693309068115139922670112712701682862369837989503084114083
4.4890211062169949334111877868372727497803956673838391242583553292106481693309068115139922670112712701682862369837989503084114083
-4.7287349203529306027917087904478407800975097078796630020982598733711235249737799533855757523459997886660869984783404553155985345
4.7287349203529306027917087904478407800975097078796630020982598733711235249737799533855757523459997886660869984783404553155985345
-4.9700521331667725277217259141127350807504319368950532424475586551729846774404171356136032852106986835199970874208249380322350955
4.9700521331667725277217259141127350807504319368950532424475586551729846774404171356136032852106986835199970874208249380322350955
-5.2131018018189604301611523613793264450595594624492159952327299479963317317661787390189900650098646268538605439478538150375604265
5.2131018018189604301611523613793264450595594624492159952327299479963317317661787390189900650098646268538605439478538150375604265
-5.4580233400707860681032157552487908977792303666511504998696062220911561405799959139319869915959752267715555637912743109897331223
5.4580233400707860681032157552487908977792303666511504998696062220911561405799959139319869915959752267715555637912743109897331223
-5.7049680135255352580795664274769782121337462608040372290320175616265466303494141424411423177448067463963259409764380217238182878
5.7049680135255352580795664274769782121337462608040372290320175616265466303494141424411423177448067463963259409764380217238182878
-5.9541007064117262475202007956081942003531289778908617262816651668741779281051852775833502557708177282601010767931387898039179604
5.9541007064117262475202007956081942003531289778908617262816651668741779281051852775833502557708177282601010767931387898039179604
-6.2056020247183101673606288916664504512843599355391476362486031827044732596990245510346208048052452560856516398412416313193074189
6.2056020247183101673606288916664504512843599355391476362486031827044732596990245510346208048052452560856516398412416313193074189
-6.4596708195551216814381359962474906616862455972021925000025942064449416414042187334309476982836339360173235062730982222367717004
6.4596708195551216814381359962474906616862455972021925000025942064449416414042187334309476982836339360173235062730982222367717004
-6.7165272404965189623679426102676178011680962606981294990262185536283623954226381783076186732013309475483295659974040086632378678
6.7165272404965189623679426102676178011680962606981294990262185536283623954226381783076186732013309475483295659974040086632378678
-6.976416464285181344951829666521022871346806579943597789919114999237197344353132112983559779618482748177708870298481917228852203
6.976416464285181344951829666521022871346806579943597789919114999237197344353132112983559779618482748177708870298481917228852203
-7.2396132940083528798100334140617036393497377732156488167802555025396217624029639240102020494329281547169714845013979186227029378
7.2396132940083528798100334140617036393497377732156488167802555025396217624029639240102020494329281547169714845013979186227029378
-7.5064278944277565919051665935670645128976885901764748678821880637766167032926211023100239271571503080448019035148410801797254036
7.5064278944277565919051665935670645128976885901764748678821880637766167032926211023100239271571503080448019035148410801797254036
-7.7772130310612382128828163309203645733993060597122808287601621512788301173215753821368728145690528131777761562686608376686219214
7.7772130310612382128828163309203645733993060597122808287601621512788301173215753821368728145690528131777761562686608376686219214
-8.0523733307197117293707497793243444173565695553758488630449394917323217221865578792766417850157227724042326398749262572970747625
8.0523733307197117293707497793243444173565695553758488630449394917323217221865578792766417850157227724042326398749262572970747625
-8.3323773071700595513030267499101591084801689285377410710148148151078834807167044277876997852259123729418243097157074653510766893
8.3323773071700595513030267499101591084801689285377410710148148151078834807167044277876997852259123729418243097157074653510766893
-8.6177732442147464551489295584611224295331493272568548443100937918530758305808348833917748595164945420169720364103523710486746133
8.6177732442147464551489295584611224295331493272568548443100937918530758305808348833917748595164945420169720364103523710486746133
-8.909210581459598039225820828944099262998749529501122499060600773554610939097713946736669518060100967862968310974109567513522256
8.909210581459598039225820828944099262998749529501122499060600773554610939097713946736669518060100967862968310974109567513522256
-9.2074693533717608243311486885509228659944624395680057342360915636636370062532719220925879759948130738078502714614169375534971934
9.2074693533717608243311486885509228659944624395680057342360915636636370062532719220925879759948130738078502714614169375534971934
-9.5135017694124247964654674985561870269419724558372732500596485518721496700428347820493478061401927432274598888803043230105752899
9.5135017694124247964654674985561870269419724558372732500596485518721496700428347820493478061401927432274598888803043230105752899
-9.8284927461917126646373526028730718186201490220863078766782583518804749685987235861618647089724332622413822420157525536016059512
9.8284927461917126646373526028730718186201490220863078766782583518804749685987235861618647089724332622413822420157525536016059512
-10.153951274713687791621781575502378158027070326454897212001703202224988066988973011205464189266663804648609032644443250316113217
10.153951274713687791621781575502378158027070326454897212001703202224988066988973011205464189266663804648609032644443250316113217
-10.491854539276538969447677408082809587299888346364892271688864773599547255245277513904889281570226831151336704572390465981645431
10.491854539276538969447677408082809587299888346364892271688864773599547255245277513904889281570226831151336704572390465981645431
-10.844888073853587392008735807531694699759439114079508507427516789282481409934315711751583920296022755440713601477331375605052181
10.844888073853587392008735807531694699759439114079508507427516789282481409934315711751583920296022755440713601477331375605052181
-11.216875194202161904486618730163013661497058830989133232953506653738026235754487139165372723227782104011865653644593538400028276
11.216875194202161904486618730163013661497058830989133232953506653738026235754487139165372723227782104011865653644593538400028276
-11.613620828842913616255261224336588066849354861891206460072334155420661083670386532737686917711079584770875772444250948826738289
11.613620828842913616255261224336588066849354861891206460072334155420661083670386532737686917711079584770875772444250948826738289
-12.04480674113492242213328105968281308738026385425026116802377299426929183731140749855262274965665903598867836288251703580692107
12.04480674113492242213328105968281308738026385425026116802377299426929183731140749855262274965665903598867836288251703580692107
-12.529230746683542519513849934188210700750125842515941115820887174234041501559704285051372892039185758617362145618107316219004575
12.529230746683542519513849934188210700750125842515941115820887174234041501559704285051372892039185758617362145618107316219004575
-13.116130021662877165244239335281310849696734508876251627234342761384417212244634573701566684515418270773514129906856211264803883
13.116130021662877165244239335281310849696734508876251627234342761384417212244634573701566684515418270773514129906856211264803883