-0.13620655703952734000441775813997997182647696318169375844113513237650196433580828243292174896636132427207906886843952715533564973
0.13620655703952734000441775813997997182647696318169375844113513237650196433580828243292174896636132427207906886843952715533564973
-0.4086957231472108185833443511598780164500635495916289798101023170575791096730981581957656694030812793145630327039144451843259642
0.4086957231472108185833443511598780164500635495916289798101023170575791096730981581957656694030812793145630327039144451843259642
-0.68141359873982057879841506363016174057738106916415003712721813043843959033768940132217483629027685225675430619763496027087610198
0.68141359873982057879841506363016174057738106916415003712721813043843959033768940132217483629027685225675430619763496027087610198
-0.95451451326831399804301242004366646478996755328664594260483011012513430496526167616745722606868924411204572973262248059965107963
0.95451451326831399804301242004366646478996755328664594260483011012513430496526167616745722606868924411204572973262248059965107963
-1.2281556226723448355781117396151591205670916209658045259217120246891886573547352807178783841362479162732599931953346400964056025
1.2281556226723448355781117396151591205670916209658045259217120246891886573547352807178783841362479162732599931953346400964056025
-1.5024981254275005024438954788333863877385132908528626465470806154021678444521273673460962530848014834660178809080559468574313822
1.5024981254275005024438954788333863877385132908528626465470806154021678444521273673460962530848014834660178809080559468574313822
-1.7777085685161122351790163018476567443059600089698415873951143474714488271981866202426685886648618703149007100565018829151468101
1.7777085685161122351790163018476567443059600089698415873951143474714488271981866202426685886648618703149007100565018829151468101
-2.0539602757725314071774827061465761574980812630078758378042162780045542533659272031732788235466726486488598068159525942487842746
2.0539602757725314071774827061465761574980812630078758378042162780045542533659272031732788235466726486488598068159525942487842746
-2.3314349368154354893269139080329549814990424958635280705653259918431710725863644705665391971192332209992958717738966475939931685
2.3314349368154354893269139080329549814990424958635280705653259918431710725863644705665391971192332209992958717738966475939931685
-2.6103244026894508703937750819452222308718768168598890977206974224863268481140855871348551282864401729781659658082647762646897235
2.6103244026894508703937750819452222308718768168598890977206974224863268481140855871348551282864401729781659658082647762646897235
-2.8908327450724006833023431831788608716044964304211054643925307110609734170428544242752394214074914333500993877625881097650643735
2.8908327450724006833023431831788608716044964304211054643925307110609734170428544242752394214074914333500993877625881097650643735
-3.1731786504386262649886624830010333107203280093986258101211673904865278519014550215935708641218269695089898489126428444857013437
3.1731786504386262649886624830010333107203280093986258101211673904865278519014550215935708641218269695089898489126428444857013437
-3.4575982403178413564453854809153658636212305377506389550777162226153742898266096640041354744834841967115517259884597503416661485
3.4575982403178413564453854809153658636212305377506389550777162226153742898266096640041354744834841967115517259884597503416661485
-3.7443484358240939094601192275330354184791724615603298301771021033430678495702238999889595677126944532363075905741055188572789097
3.7443484358240939094601192275330354184791724615603298301771021033430678495702238999889595677126944532363075905741055188572789097
-4.0337110220232312250583614572469813750976875399585268431804443723779011870773255491404349893710243650112604707397872239734592371
4.0337110220232312250583614572469813750976875399585268431804443723779011870773255491404349893710243650112604707397872239734592371
-4.325997620090557728180290444125291834216695248066755203802108339969291709160578668599163261911909811817872461949052473150701883
4.325997620090557728180290444125291834216695248066755203802108339969291709160578668599163261911909811817872461949052473150701883
-4.6215558496899154002548288140512584098170918388793110343952163340763236073590586591921255874273879104600144086920653229750484855
4.6215558496899154002548288140512584098170918388793110343952163340763236073590586591921255874273879104600144086920653229750484855
-4.9207770717124944630301664734414975249692511385199314884819945388087883069024991893829796489841383123376154212212080927456152682
4.9207770717124944630301664734414975249692511385199314884819945388087883069024991893829796489841383123376154212212080927456152682
-5.2241062602848637396044358005198351487887523828959233215701253019647546101755432066547339048646608256637832252967789585536152673
5.2241062602848637396044358005198351487887523828959233215701253019647546101755432066547339048646608256637832252967789585536152673
-5.5320547921086872713975463314460698110443888165651749799294437337283539989412350808288955871450614123387834963303163888851567465
5.5320547921086872713975463314460698110443888165651749799294437337283539989412350808288955871450614123387834963303163888851567465
-5.8452173103130356916457282591938698515177622812259252502554080192515706023960084165716729746181261054256624451392215979505261562
5.8452173103130356916457282591938698515177622812259252502554080192515706023960084165716729746181261054256624451392215979505261562
-6.1642944056838218827794242744909492418432879439085222998989226354901130076901382957205318291749275035364058931996117050187048661
6.1642944056838218827794242744909492418432879439085222998989226354901130076901382957205318291749275035364058931996117050187048661
-6.4901238172609477946947482237174357792614286485360669942122273754571962519445541654683565797627981324785044063562939169432328635
6.4901238172609477946947482237174357792614286485360669942122273754571962519445541654683565797627981324785044063562939169432328635
-6.823724483200614019817859714129264186651247883795563904012598649512787827551244240340338841789008913004294191825917060927919724
6.823724483200614019817859714129264186651247883795563904012598649512787827551244240340338841789008913004294191825917060927919724
-7.1663606590936658627129153989505090881917033858958391463765580341075763753721983258548832562745251543007018168980723261613098915
7.1663606590936658627129153989505090881917033858958391463765580341075763753721983258548832562745251543007018168980723261613098915
-7.5196386980596550785436461958372462846742313792870143339508283473638346299493113063138986550591395273249183870401043304877971255
7.5196386980596550785436461958372462846742313792870143339508283473638346299493113063138986550591395273249183870401043304877971255
-7.8856597261055062306130244160599833767894727220700128317612538247521251333481094139303174465353892752496266473846744840771514123
7.8856597261055062306130244160599833767894727220700128317612538247521251333481094139303174465353892752496266473846744840771514123
-8.2672741104998504350380077360708300476026257867235431468673766451631034204265600570407289191178129397609364593276199210470402063
8.2672741104998504350380077360708300476026257867235431468673766451631034204265600570407289191178129397609364593276199210470402063
-8.6685366107264807686117886567502224624574374849584693300492321932708466240230408755267420254020926853083661309755973715732634392
8.6685366107264807686117886567502224624574374849584693300492321932708466240230408755267420254020926853083661309755973715732634392
-9.0956010448419288677676103702387860943434090750223733564917527452929152539472903742748729131647302771118022777110722959799428546
9.0956010448419288677676103702387860943434090750223733564917527452929152539472903742748729131647302771118022777110722959799428546
-9.5587304502592988517552493104218197406562829809222834601932940997935123480037149773751132851789164480991483445599520213628602305
9.5587304502592988517552493104218197406562829809222834601932940997935123480037149773751132851789164480991483445599520213628602305
-10.07785641657930245660942350975336745061429703558026358445213314185518810956655376301856846789033070495510600373808512683295249
10.07785641657930245660942350975336745061429703558026358445213314185518810956655376301856846789033070495510600373808512683295249
-10.70521625788316060922437762768887620866508069361632630116482522587816244379264799625679436101012329736839702212606670917688591
10.70521625788316060922437762768887620866508069361632630116482522587816244379264799625679436101012329736839702212606670917688591