-0.17453721459758238348945068835884531872903974795420091066018289525493008147079814609158231681887558082290976016677693408709647324
0.17453721459758238348945068835884531872903974795420091066018289525493008147079814609158231681887558082290976016677693408709647324
-0.52387471383227719261491711165465674591655953342784772542015299511719221412102927408689523225306420749417708524272998293268699218
0.52387471383227719261491711165465674591655953342784772542015299511719221412102927408689523225306420749417708524272998293268699218
-0.87400661235708807743789879817524989268743615719010939173616850579312534131563596776260840625728542506075698977011361047038597127
0.87400661235708807743789879817524989268743615719010939173616850579312534131563596776260840625728542506075698977011361047038597127
-1.2254801090462890309490863830460385618165976626906174196484431713915683066980110825545631576294060083739996104215720679681518454
1.2254801090462890309490863830460385618165976626906174196484431713915683066980110825545631576294060083739996104215720679681518454
-1.5788698949316138862584512814687415071154993234948815349845832210423038323473614686802868913503475376840161047103669902988839377
1.5788698949316138862584512814687415071154993234948815349845832210423038323473614686802868913503475376840161047103669902988839377
-1.9347914722822957932979370652209982676235065775804880021785030323018477311057926163021088882486021281445189420907632743243245541
1.9347914722822957932979370652209982676235065775804880021785030323018477311057926163021088882486021281445189420907632743243245541
-2.2939171418750834218850495645276828751185935391695405210890762619701857755162348001184839251367371218272474947790940823248483046
2.2939171418750834218850495645276828751185935391695405210890762619701857755162348001184839251367371218272474947790940823248483046
-2.6569959984428957949808471006826969983518444487154239000682491378860154664824241034762527497302210297208462794267144193026549719
2.6569959984428957949808471006826969983518444487154239000682491378860154664824241034762527497302210297208462794267144193026549719
-3.0248798839012844376770493253417842669083271179630409513429456650120551587964687631673024274997741102573415623729182001790726649
3.0248798839012844376770493253417842669083271179630409513429456650120551587964687631673024274997741102573415623729182001790726649
-3.3985582658596283462937862596982787619977026521078495534986176735481537775051685509973491505864243734688690671944170909054887396
3.3985582658596283462937862596982787619977026521078495534986176735481537775051685509973491505864243734688690671944170909054887396
-3.7792067534352234931193561158429276184901994210494071004232584656280272693553744188348601174811300375900416021665774002416111481
3.7792067534352234931193561158429276184901994210494071004232584656280272693553744188348601174811300375900416021665774002416111481
-4.1682570668325002015364923207359804227827976573906119225622890814196452958950241299308437364118358711870032993128217066808156647
4.1682570668325002015364923207359804227827976573906119225622890814196452958950241299308437364118358711870032993128217066808156647
-4.5675020728443948551694822935779381748548434898719896634597882619707009909521457767105065578834081797882863230266949499566165656
4.5675020728443948551694822935779381748548434898719896634597882619707009909521457767105065578834081797882863230266949499566165656
-4.9792609785452558716265182296182638236429580903587160573433968486445917481695166073199183635868962177352787563593107795369434613
4.9792609785452558716265182296182638236429580903587160573433968486445917481695166073199183635868962177352787563593107795369434613
-5.406654247970127608400173980753063275682274386631950672258408789733780395947932798914421210809898794789143602223533569766097449
5.406654247970127608400173980753063275682274386631950672258408789733780395947932798914421210809898794789143602223533569766097449
-5.854095056030400108042705588326751929221618756058704378336096364745594898638138558490186441915162224626612988562929999814197689
5.854095056030400108042705588326751929221618756058704378336096364745594898638138558490186441915162224626612988562929999814197689
-6.3282553512200819556569910907660684038833769829979434615293658377977600845802938067847500023885747622664800054631468244293435084
6.3282553512200819556569910907660684038833769829979434615293658377977600845802938067847500023885747622664800054631468244293435084
-6.8402373052493554178458239138344048541844776615676286589357989669578484361251783390759851745841940955127356196801516290439412186
6.8402373052493554178458239138344048541844776615676286589357989669578484361251783390759851745841940955127356196801516290439412186
-7.4115825314854688094393004346606137838517548859765785582777649886737411956897018380628057767579662918339102504537628480938794278
7.4115825314854688094393004346606137838517548859765785582777649886737411956897018380628057767579662918339102504537628480938794278
-8.0987611392508500520126363696305362031598785584110955197997789646001619080453988843629404309352885929863317312751849884399054531
8.0987611392508500520126363696305362031598785584110955197997789646001619080453988843629404309352885929863317312751849884399054531