-0.083605160756706527270746214520002892479088286983571709069314799957874530196190235924286020843102660682368351027151408391734546981
0.083605160756706527270746214520002892479088286983571709069314799957874530196190235924286020843102660682368351027151408391734546981
-0.25082210486674752339350022386148927643842452230225635307398690401401722526448435984605421399489844287388535867018496958564568257
0.25082210486674752339350022386148927643842452230225635307398690401401722526448435984605421399489844287388535867018496958564568257
-0.41805892358878170838862450507486093346184713221429330630631622052048497017102649251468232106740910934224113851679286136551174101
0.41805892358878170838862450507486093346184713221429330630631622052048497017102649251468232106740910934224113851679286136551174101
-0.5853288894250155899690933640151274123494500988118805757016568812297977520423029025184411149285800326851815144216013985906973182
0.5853288894250155899690933640151274123494500988118805757016568812297977520423029025184411149285800326851815144216013985906973182
-0.75264530909089172757739213643633294292899968605053809559324176804045770086654013704846947060193166860037109416953443005528887422
0.75264530909089172757739213643633294292899968605053809559324176804045770086654013704846947060193166860037109416953443005528887422
-0.92002153734466755980658540349074554146598919729063631889319054823816612405595999835749334028773393714023146855122425599533578205
0.92002153734466755980658540349074554146598919729063631889319054823816612405595999835749334028773393714023146855122425599533578205
-1.0874709909623225893851380640143093994403445592616477702418257203888665785638571517753317662691850686442059582169175410513995653
1.0874709909623225893851380640143093994403445592616477702418257203888665785638571517753317662691850686442059582169175410513995653
-1.2550071629008194952097023613896168999515293409166024141628639105181755298884369440134647943309994153179247854898311369490727198
1.2550071629008194952097023613896168999515293409166024141628639105181755298884369440134647943309994153179247854898311369490727198
-1.4226436366938930125671053876942988377291941949487172551661844136962393216164321771552579337375170933276008544063317095362766468
1.4226436366938930125671053876942988377291941949487172551661844136962393216164321771552579337375170933276008544063317095362766468
-1.5903941011259674657361351157818118332630436721261465172869800965236063749694261164836997694883865785889675799776887399508201457
1.5903941011259674657361351157818118332630436721261465172869800965236063749694261164836997694883865785889675799776887399508201457
-1.7582723652315243727938659211424900498067226371584461871577796907861411629174146461507849389301555815859939659761079118363982416
1.7582723652315243727938659211424900498067226371584461871577796907861411629174146461507849389301555815859939659761079118363982416
-1.9262923736692734950926885209191056027514787261831259318626625232549552249653430718430782719838531659428923320169142135036657827
1.9262923736692734950926885209191056027514787261831259318626625232549552249653430718430782719838531659428923320169142135036657827
-2.0944682225228454842604764247780291818192054662652889061379374122452445986453086502935391050002047776240818258523632262170029565
2.0944682225228454842604764247780291818192054662652889061379374122452445986453086502935391050002047776240818258523632262170029565
-2.262814175582447127447151179970948133961143079835101310155573822760119139468627189356905761585673950172370058692188093965303176
2.262814175582447127447151179970948133961143079835101310155573822760119139468627189356905761585673950172370058692188093965303176
-2.4313446811650305856996034101292326584019714537751292053785823186834459361764933249060835002432754044802463712862069926062152013
2.4313446811650305856996034101292326584019714537751292053785823186834459361764933249060835002432754044802463712862069926062152013
-2.6000743895340601655544040340748329887620030598834976084188373533854429095082065232500325216442905779295458798847048942336006738
2.6000743895340601655544040340748329887620030598834976084188373533854429095082065232500325216442905779295458798847048942336006738
-2.7690181709839535660782701651135798241849838780043729737254278979854622593486408487069226024052540309146275109608183354307336612
2.7690181709839535660782701651135798241849838780043729737254278979854622593486408487069226024052540309146275109608183354307336612
-2.9381911346587746868884684702866261414978252949005736691580213645100453767480760544731627101747492352167560800736211089907945958
2.9381911346587746868884684702866261414978252949005736691580213645100453767480760544731627101747492352167560800736211089907945958
-3.1076086481798142255742958953022870929484865240965852566458022633732918009047779788362335072931902970001672381898674351804946324
3.1076086481798142255742958953022870929484865240965852566458022633732918009047779788362335072931902970001672381898674351804946324
-3.2772863581623724024396443634702016193264525673512947732467326229052447196402733622433950015298056391393915334773505366715301023
3.2772863581623724024396443634702016193264525673512947732467326229052447196402733622433950015298056391393915334773505366715301023
-3.4472402117084239991071343394392962409355139253854044176491554701629017451757799944577986007119011298399140828819396929501509871
3.4472402117084239991071343394392962409355139253854044176491554701629017451757799944577986007119011298399140828819396929501509871
-3.6174864789689783514398399026142198919455948632420615701043113092618918045961896308382908214685859476105567180490975277745727334
3.6174864789689783514398399026142198919455948632420615701043113092618918045961896308382908214685859476105567180490975277745727334
-3.7880417768779364704173238587573538092070400161873031590455334099411266718121487842627702515690824472935605026640352988704826129
3.7880417768779364704173238587573538092070400161873031590455334099411266718121487842627702515690824472935605026640352988704826129
-3.9589230941681979407486985578453245602170255071550976392808590623963825245452219632932221563868671434165998512961814061143685792
3.9589230941681979407486985578453245602170255071550976392808590623963825245452219632932221563868671434165998512961814061143685792
-4.1301478177908010198512772734602704879456899261546195823360601031407316311390661299105281432144904361680493402502609776313853655
4.1301478177908010198512772734602704879456899261546195823360601031407316311390661299105281432144904361680493402502609776313853655
-4.3017337608691277530820017728851883405601381828048351524460225504760616318238625400783774956478953512696338824075027708623029865
4.3017337608691277530820017728851883405601381828048351524460225504760616318238625400783774956478953512696338824075027708623029865
-4.4736991923328301624627402798413012131939957027978691320870830054571051596258351392508046712567691561058227397987608425949228876
4.4736991923328301624627402798413012131939957027978691320870830054571051596258351392508046712567691561058227397987608425949228876
-4.6460628683903162658802563153305268346372123597546676170095975458410114588318299379141419721022968724607300388272136363071263704
4.6460628683903162658802563153305268346372123597546676170095975458410114588318299379141419721022968724607300388272136363071263704
-4.8188440660145869686713823664283078276433142594927503691239663481682963721423300307796793669976587049602186989490043004486395254
4.8188440660145869686713823664283078276433142594927503691239663481682963721423300307796793669976587049602186989490043004486395254
-4.9920626186351813075704463114632883310144785785583860167944219003055076881672598582248640866313148089174877761519937184051074241
4.9920626186351813075704463114632883310144785785583860167944219003055076881672598582248640866313148089174877761519937184051074241
-5.1657389542492520090098708436091900927072624443408862589606459632132535221103988930952361253563849767764212079109380717929623278
5.1657389542492520090098708436091900927072624443408862589606459632132535221103988930952361253563849767764212079109380717929623278
-5.3398941361876861071966685069405367927805448603409487381092981308070051492740517520936884517754036560666091696092830769095895888
5.3398941361876861071966685069405367927805448603409487381092981308070051492740517520936884517754036560666091696092830769095895888
-5.5145499067980915356231253943862359892088471861349958766979969901289873620586857768296764052728689351473269786760659070896931798
5.5145499067980915356231253943862359892088471861349958766979969901289873620586857768296764052728689351473269786760659070896931798
-5.6897287343358402570040750298749305886486649192611051193349802038275705425573307379307897891997005464007034998102229657874357934
5.6897287343358402570040750298749305886486649192611051193349802038275705425573307379307897891997005464007034998102229657874357934
-5.865453863387719054183496326035574849914042084767699460304585345454102067436296060290860057727302164553011142771904791808125351
5.865453863387719054183496326035574849914042084767699460304585345454102067436296060290860057727302164553011142771904791808125351
-6.0417493691907102357736175307419499862794419883725480161302568775964280336848639019371792244997033466558544656013077004213672547
6.0417493691907102357736175307419499862794419883725480161302568775964280336848639019371792244997033466558544656013077004213672547
-6.2186402162517362688667097156225732597397867833380782720145723602979789570853630286445286508266871450995739609687316657367577681
6.2186402162517362688667097156225732597397867833380782720145723602979789570853630286445286508266871450995739609687316657367577681
-6.3961523217237173127074494287791940722527170161333247823338625112526302038968082612399046549478543178973772322749364664195307265
6.3961523217237173127074494287791940722527170161333247823338625112526302038968082612399046549478543178973772322749364664195307265
-6.5743126240500309938228981199957258486286256819954719966739565342205697226170066957979001879690275498868219715563692732005486175
6.5743126240500309938228981199957258486286256819954719966739565342205697226170066957979001879690275498868219715563692732005486175
-6.7531491574546446743856265578272452035502449886707098596478134727736746049936196556007082011333537260605185469440603298312623893
6.7531491574546446743856265578272452035502449886707098596478134727736746049936196556007082011333537260605185469440603298312623893
-6.9326911329302610939817495701287192146031925757124994421726278274110909208222561067671215080531147166753978763846612368383140659
6.9326911329302610939817495701287192146031925757124994421726278274110909208222561067671215080531147166753978763846612368383140659
-7.1129690264635127159118435148320619242594756550701625427256771305500874137761278320963629341957028324854772898098379607603855274
7.1129690264635127159118435148320619242594756550701625427256771305500874137761278320963629341957028324854772898098379607603855274
-7.2940146753366407258074408142394594357315035267701312213348628787456887074823095656919291512371830784898749996180734345060811802
7.2940146753366407258074408142394594357315035267701312213348628787456887074823095656919291512371830784898749996180734345060811802
-7.4758613834617110640480547726297160687891360600071278209706931420606408411611771681387571378419881895070103080676594461644161756
7.4758613834617110640480547726297160687891360600071278209706931420606408411611771681387571378419881895070103080676594461644161756
-7.6585440368392882880802867862817564535777317150078255573754126684367023247803533733635715312244105387403953839431501921512571611
7.6585440368392882880802867862817564535777317150078255573754126684367023247803533733635715312244105387403953839431501921512571611
-7.8420992303922961770125134062281208404513026730908685494866243666056709993477252730903540831058780570350107888732338763502426204
7.8420992303922961770125134062281208404513026730908685494866243666056709993477252730903540831058780570350107888732338763502426204
-8.0265654076120394664477675563082152272335913080611620815387405964358843581934498175856654105040645827951523291377329180796123835
8.0265654076120394664477675563082152272335913080611620815387405964358843581934498175856654105040645827951523291377329180796123835
-8.2119830146725531494626873051356727590038356679945959378434654644156448235648054178693381345915407017582612676560679013827896255
8.2119830146725531494626873051356727590038356679945959378434654644156448235648054178693381345915407017582612676560679013827896255
-8.3983946709283631864393126843460820622353664780201908997812639133366959993314596083289283920018023177458810434622940525928585057
8.3983946709283631864393126843460820622353664780201908997812639133366959993314596083289283920018023177458810434622940525928585057
-8.5858453580177656112102667471250093506248904593992896108949760738352502223653079890605149953689657920159893024107708640447490555
8.5858453580177656112102667471250093506248904593992896108949760738352502223653079890605149953689657920159893024107708640447490555
-8.7743826301592715893431295160962735659312610352158321376069452201652856711403107288024705161722213230857587350879201018271206312
8.7743826301592715893431295160962735659312610352158321376069452201652856711403107288024705161722213230857587350879201018271206312
-8.9640568486659264905501679762892030859962116669479467940731591522773391059013829476096009390523003957691841996955966858583313723
8.9640568486659264905501679762892030859962116669479467940731591522773391059013829476096009390523003957691841996955966858583313723
-9.154921444227117990692956236323516432355924657343799393887038366012010188002635320905920484185757464107819359558334036817114814
9.154921444227117990692956236323516432355924657343799393887038366012010188002635320905920484185757464107819359558334036817114814
-9.3470332111408592269479090243330396084018609463875697462318729029461163541553736010286900815226312701067749559144039793549658123
9.3470332111408592269479090243330396084018609463875697462318729029461163541553736010286900815226312701067749559144039793549658123
-9.5404526384475614113674400458186400691236992734477787708876514269781634378451181068006817230422541064784965882067104368810711053
9.5404526384475614113674400458186400691236992734477787708876514269781634378451181068006817230422541064784965882067104368810711053
-9.7352442838524840360419537808481152030441985177905386822164939143428203733733261174198385339002514370703263380738072754980789848
9.7352442838524840360419537808481152030441985177905386822164939143428203733733261174198385339002514370703263380738072754980789848
-9.9314771974714704809240911027552728411526221021198649735937895978391080499231064728332023899271129874662237031477249187729476203
9.9314771974714704809240911027552728411526221021198649735937895978391080499231064728332023899271129874662237031477249187729476203
-10.129225403849107081243672994324237823220365201912260888207830329485405139884740899255243999159858144072294718456430483856459581
10.129225403849107081243672994324237823220365201912260888207830329485405139884740899255243999159858144072294718456430483856459581
-10.328568452453034697929515650027551752975753897506809285184595861521011927828344008805830184174669817879864476039321873258766374
10.328568452453034697929515650027551752975753897506809285184595861521011927828344008805830184174669817879864476039321873258766374
-10.529592049038809815884794161867586103089582687699006735618494209834165313553994442538066191388388222536644443493251993651611362
10.529592049038809815884794161867586103089582687699006735618494209834165313553994442538066191388388222536644443493251993651611362
-10.732388783033896357297526322204652960423337906442699240523627077974584689232424053981697014828141746152048273721146457693618147
10.732388783033896357297526322204652960423337906442699240523627077974584689232424053981697014828141746152048273721146457693618147
-10.937058969577729870680363740629637077551230253400508803721589558012334326097786263150637608824669198073816572598315059567495948
10.937058969577729870680363740629637077551230253400508803721589558012334326097786263150637608824669198073816572598315059567495948
-11.143711629308052935302758227963629743042072655215884413455289273913251081939974406733625130907091546146709723843388657670115255
11.143711629308052935302758227963629743042072655215884413455289273913251081939974406733625130907091546146709723843388657670115255
-11.352465634716971870918614365579860257606188543697392481763762514043044007540323841439523968458066988098704156228161852784278848
11.352465634716971870918614365579860257606188543697392481763762514043044007540323841439523968458066988098704156228161852784278848
-11.563451059348459243152796846539796956300282399361849063036473718631940566518327333287884322781531088822082575397162496094905354
11.563451059348459243152796846539796956300282399361849063036473718631940566518327333287884322781531088822082575397162496094905354
-11.776810775879970175616557293876535016924754677158391098420368936705199858804315470788335445817782339712984376066483971847880456
11.776810775879970175616557293876535016924754677158391098420368936705199858804315470788335445817782339712984376066483971847880456
-11.992702362083912588171763244468254314937477356031464978502404154306793505348947554337701604841767205472939578756520680866284429
11.992702362083912588171763244468254314937477356031464978502404154306793505348947554337701604841767205472939578756520680866284429
-12.211300391032086495675131235761062299971387335387707245467556086881396291159743969553014917841998378833657219120205470915889209
12.211300391032086495675131235761062299971387335387707245467556086881396291159743969553014917841998378833657219120205470915889209
-12.432799205480446844169033706083429018216721278386937237130588635194035914045059555020783471860455693207357244842105620624240015
12.432799205480446844169033706083429018216721278386937237130588635194035914045059555020783471860455693207357244842105620624240015
-12.65741630880222976568456857577807603949889729541167451684451618888784150940468427166998705221259061058798113824493283045001499
12.65741630880222976568456857577807603949889729541167451684451618888784150940468427166998705221259061058798113824493283045001499
-12.885396550109380809311394592723092191281881839082974679055044418284774334639625550050896954556555376143547346195918825613093567
12.885396550109380809311394592723092191281881839082974679055044418284774334639625550050896954556555376143547346195918825613093567
-13.117017345422803250812749482874395726719010506734486375091343969073448466565013353198928574441108854531868863389096751765092723
13.117017345422803250812749482874395726719010506734486375091343969073448466565013353198928574441108854531868863389096751765092723
-13.35259526947926446111500950631631763694281100038004710274737014375194204392375161945014206116289157821638949986516470236452591
13.35259526947926446111500950631631763694281100038004710274737014375194204392375161945014206116289157821638949986516470236452591
-13.592494489303405544133470979278024929621509893073281252203278266004337995855958786160030400592196951528176765798855905740488218
13.592494489303405544133470979278024929621509893073281252203278266004337995855958786160030400592196951528176765798855905740488218
-13.837137716174603731605862516472173569073313986783957027811532757125295928236732555669168760475630395386756930082382775268704084
13.837137716174603731605862516472173569073313986783957027811532757125295928236732555669168760475630395386756930082382775268704084
-14.087020669594040730809024200427418421055099048000502837203924581247045556672334750773792849177492864161942171780217743317905531
14.087020669594040730809024200427418421055099048000502837203924581247045556672334750773792849177492864161942171780217743317905531
-14.342731549531273301873395924188879253246964669491898449943572704636102852967990411785735335408939069750217170695426951130454616
14.342731549531273301873395924188879253246964669491898449943572704636102852967990411785735335408939069750217170695426951130454616
-14.60497783601200194484202168795291730749384879600716603213578017099490567330221219227238146720975861135089842142122883105183608
14.60497783601200194484202168795291730749384879600716603213578017099490567330221219227238146720975861135089842142122883105183608
-14.874624131806941597553896677256537672472772702271326097433112943717834302962669126504791231931603231021646046333381092313807863
14.874624131806941597553896677256537672472772702271326097433112943717834302962669126504791231931603231021646046333381092313807863
-15.152747237684544941846698798699138912762635313478827941883157817571364423817307292108565356280921151285916636144651710312274946
15.152747237684544941846698798699138912762635313478827941883157817571364423817307292108565356280921151285916636144651710312274946
-15.440719256044482965750401512384692414436965497024690359483788824758982612589058385714628169763773114940446007423609143741974138
15.440719256044482965750401512384692414436965497024690359483788824758982612589058385714628169763773114940446007423609143741974138
-15.740338628583727783356522270446529150526178935513246908086520829182474809257657450021867592194335920337405950813165489767713892
15.740338628583727783356522270446529150526178935513246908086520829182474809257657450021867592194335920337405950813165489767713892
-16.054048410627542185472201669439853604195610621442284844462833629847051063770617983544842867278508285599654098153697581183194598
16.054048410627542185472201669439853604195610621442284844462833629847051063770617983544842867278508285599654098153697581183194598
-16.385326414471711670691222983837601212620688954537888928710262260904343363590782057806124586379435838235312618519214732645300581
16.385326414471711670691222983837601212620688954537888928710262260904343363590782057806124586379435838235312618519214732645300581
-16.739451499952981528353276260466699075119853272725748444895713172668259260669573788002201658522422848779381048856656766920058637
16.739451499952981528353276260466699075119853272725748444895713172668259260669573788002201658522422848779381048856656766920058637
-17.125223825336109802552658298443689616202258515913395574585524500269618460442844852101074742438045202651068333417357365554305877
17.125223825336109802552658298443689616202258515913395574585524500269618460442844852101074742438045202651068333417357365554305877
-17.559717906645617062708480604021858694846112966843075650986261918886152492179594089525649736940881081217324304644232670008188772
17.559717906645617062708480604021858694846112966843075650986261918886152492179594089525649736940881081217324304644232670008188772
-18.08761607379089126617385558501346966454127216882785706526342389225961947459643095510158687723858081913285794605405423276662647
18.08761607379089126617385558501346966454127216882785706526342389225961947459643095510158687723858081913285794605405423276662647