0
-0.40916463639492873677830190369976551866544113806163455716543786315433146576426793699701917724036088135225727893419567008720577622
0.40916463639492873677830190369976551866544113806163455716543786315433146576426793699701917724036088135225727893419567008720577622
-0.81949868127091157929870117011461486627659581347811606136466862369390499636665473456091812625662288653120978101056395725672154924
0.81949868127091157929870117011461486627659581347811606136466862369390499636665473456091812625662288653120978101056395725672154924
-1.2322157550847529038085922545646698935118477122470676141970443882177777485071887993412644225163970102615770255581598849101594582
1.2322157550847529038085922545646698935118477122470676141970443882177777485071887993412644225163970102615770255581598849101594582
-1.6486229138923164114109474858074410908807984652615242683463944783954056530399742395017115729492171301234459936019595385181139614
1.6486229138923164114109474858074410908807984652615242683463944783954056530399742395017115729492171301234459936019595385181139614
-2.0701810760534277408002174964832165787699879190007733545213512307067694635622448470287955768288364505505426829447463657927350316
2.0701810760534277408002174964832165787699879190007733545213512307067694635622448470287955768288364505505426829447463657927350316
-2.4985856910194042425665492100138301664414274300644807189727262319092616043591444499603999242895425859904918215445904903334914629
2.4985856910194042425665492100138301664414274300644807189727262319092616043591444499603999242895425859904918215445904903334914629
-2.9358825042901264848559595984296730914786438877260588954161314945769187879983473759740478351041389139105467600927447481969552576
2.9358825042901264848559595984296730914786438877260588954161314945769187879983473759740478351041389139105467600927447481969552576
-3.3846451410922140749372574795891727929983234860860823587091284456555025003033512584133298153955423789104418948088887640960718708
3.3846451410922140749372574795891727929983234860860823587091284456555025003033512584133298153955423789104418948088887640960718708
-3.8482667922136200802000234678369081123912810369428905603829658302063410997021265475260122091594128482471603575902830866224375385
3.8482667922136200802000234678369081123912810369428905603829658302063410997021265475260122091594128482471603575902830866224375385
-4.3314782938191503921920460723886614760659420565229862653873416550799132864760127506897527518641441287900043821891698486236144837
4.3314782938191503921920460723886614760659420565229862653873416550799132864760127506897527518641441287900043821891698486236144837
-4.841363651059164067515635198171676308015729830753973988494542334024763188002601373137383832050570923440624578536318501468475411
4.841363651059164067515635198171676308015729830753973988494542334024763188002601373137383832050570923440624578536318501468475411
-5.3896405219667516537422420619982905990945098118284105898425338825765335018981784365945886533841560898879381162049940224685267119
5.3896405219667516537422420619982905990945098118284105898425338825765335018981784365945886533841560898879381162049940224685267119
-5.9989712894638202106470388719934372957796597269159460795224754749729512077950815612754834856971092941733992991760239708586608954
5.9989712894638202106470388719934372957796597269159460795224754749729512077950815612754834856971092941733992991760239708586608954
-6.7286951986088499628227509011343648754946036379401799723373507284720613030291505296573804178158093506523528788645719439657359585
6.7286951986088499628227509011343648754946036379401799723373507284720613030291505296573804178158093506523528788645719439657359585