-0.27348104613815245215828040196501503392981788032790318851677586864489791217757979152839339786043851483489185648368756817498169384
0.27348104613815245215828040196501503392981788032790318851677586864489791217757979152839339786043851483489185648368756817498169384
-0.82295144914465589258245449673394264076350817254126706358070229477476220569166789297595944812372162273410341573417932875719173651
0.82295144914465589258245449673394264076350817254126706358070229477476220569166789297595944812372162273410341573417932875719173651
-1.3802585391988807963720896696945820384406817699700456418598759164537204019731700334047695247842713521004040229895338090772243018
1.3802585391988807963720896696945820384406817699700456418598759164537204019731700334047695247842713521004040229895338090772243018
-1.9517879909162539774346554149598874927683260586599159355412632133021254112322213440643807735063855545498625328216111510866753121
1.9517879909162539774346554149598874927683260586599159355412632133021254112322213440643807735063855545498625328216111510866753121
-2.5462021578474813621593287054458941245194651994058460198969319878509048294629438382072298089924003634147583774444432320839749907
2.5462021578474813621593287054458941245194651994058460198969319878509048294629438382072298089924003634147583774444432320839749907
-3.1769991619799560268139945592636964767916673727419112354280637047755214047201867501071641137626245022021214480328310383867996415
3.1769991619799560268139945592636964767916673727419112354280637047755214047201867501071641137626245022021214480328310383867996415
-3.86944790486012269871942409801481239700659947024969827324130996157348782298920738023260282235122731259393742103517581543732302
3.86944790486012269871942409801481239700659947024969827324130996157348782298920738023260282235122731259393742103517581543732302
-4.6887389393058183646884986487456108906323917275435418159601813626711477685329218421647663687688207646302718941721918348181446975
4.6887389393058183646884986487456108906323917275435418159601813626711477685329218421647663687688207646302718941721918348181446975