0
-0.32938389969666915384226159530616381239985579500108125133944445875752176188734897424032685949472471003702853681337678502505487598
0.32938389969666915384226159530616381239985579500108125133944445875752176188734897424032685949472471003702853681337678502505487598
-0.65916168887413517200547611928564107150780496090568227948946290391929895442030038282455958894772758875119793309451279416143124075
0.65916168887413517200547611928564107150780496090568227948946290391929895442030038282455958894772758875119793309451279416143124075
-0.98973342486571132626456398907321927275071194738481653387624789804570038798620749039308778761126447038648072720840229738469552019
0.98973342486571132626456398907321927275071194738481653387624789804570038798620749039308778761126447038648072720840229738469552019
-1.3215117856392311608996576943327864463514207071358265658736174145721430841096680469096966118608173899545493588211933867859732944
1.3215117856392311608996576943327864463514207071358265658736174145721430841096680469096966118608173899545493588211933867859732944
-1.6549291191547923420782729585911728874077461467817368440649742791306637918131122065603532184165723769995855960958758670127674206
1.6549291191547923420782729585911728874077461467817368440649742791306637918131122065603532184165723769995855960958758670127674206
-1.9904454586466384433660965966121070614108203206434259846611947150606400030754576229712104308458412710586052169675840270751568988
1.9904454586466384433660965966121070614108203206434259846611947150606400030754576229712104308458412710586052169675840270751568988
-2.3285579714531896165181632003411472558959944558988705022328204231654721329426024392894045282387993389170618492931752980520646696
2.3285579714531896165181632003411472558959944558988705022328204231654721329426024392894045282387993389170618492931752980520646696
-2.6698124652513463097287370790748856604962091357266186604553220690218273569631315481663506281934602551824199257814521861315633919
2.6698124652513463097287370790748856604962091357266186604553220690218273569631315481663506281934602551824199257814521861315633919
-3.0148178197492258368142427593062733535894817066884466989041950044266345348960506139353333313861105599698405248466638508204437098
3.0148178197492258368142427593062733535894817066884466989041950044266345348960506139353333313861105599698405248466638508204437098
-3.3642645958565403212237766984434753848903062949178156939950225224977512221191453711203152217129107576069530943683558863473166716
3.3642645958565403212237766984434753848903062949178156939950225224977512221191453711203152217129107576069530943683558863473166716
-3.7189496893415633288332964947135436795504701056622381990088671249091289229434798009588288324381005770099905715847333964128905987
3.7189496893415633288332964947135436795504701056622381990088671249091289229434798009588288324381005770099905715847333964128905987
-4.0798099079253934537134759612344650889793155740244272519980963780455613698396414479915004568863838740172956407917786229541827831
4.0798099079253934537134759612344650889793155740244272519980963780455613698396414479915004568863838740172956407917786229541827831
-4.4479690736019315509014497129031317360375968195160204138577008987964575137285540159593508968349847389555396431215616831884728643
4.4479690736019315509014497129031317360375968195160204138577008987964575137285540159593508968349847389555396431215616831884728643
-4.8248063087032578863347958889145129145284379862281284664461618502567979482841176131901787088443261050541360165013916729291479332
4.8248063087032578863347958889145129145284379862281284664461618502567979482841176131901787088443261050541360165013916729291479332
-5.2120588631620083271109920356336657912342500060895618382688410192444667588203159291334226573355298555223512192252837659236650001
5.2120588631620083271109920356336657912342500060895618382688410192444667588203159291334226573355298555223512192252837659236650001
-5.6119841218396651048394168371412027965410287623385321065959092644305477535396920907484648191700714895792511383653590048024171475
5.6119841218396651048394168371412027965410287623385321065959092644305477535396920907484648191700714895792511383653590048024171475
-6.0276294722536947303973303837645845859660877864878079631024304657261778995401699061643096424661077657908864827402435406732888529
6.0276294722536947303973303837645845859660877864878079631024304657261778995401699061643096424661077657908864827402435406732888529
-6.4633149436642537851047456371473597658633077422169854988783948662305322273735791174285994834146208189431169580971309761465151059
6.4633149436642537851047456371473597658633077422169854988783948662305322273735791174285994834146208189431169580971309761465151059
-6.9255820732775951489571190212738272336611424281779087149822036264345704129326186969827727600599664854992318592959008855686262654
6.9255820732775951489571190212738272336611424281779087149822036264345704129326186969827727600599664854992318592959008855686262654
-7.4253266258561949354519828758381435062549788019261024025863675925297686285739236181761003018225241537639856996990937894410013557
7.4253266258561949354519828758381435062549788019261024025863675925297686285739236181761003018225241537639856996990937894410013557
-7.9836998162220029719125170950123817070877687364482043528897799586599361527902927327870922580013690535300687986244951777736117025
7.9836998162220029719125170950123817070877687364482043528897799586599361527902927327870922580013690535300687986244951777736117025
-8.6561523259903277651348438768277804514067370059012110578021431550477099382385901358358153996953133813088352633140367258956007848
8.6561523259903277651348438768277804514067370059012110578021431550477099382385901358358153996953133813088352633140367258956007848