0
-0.14663795841312761686544957187199013329784820103231832838643216666794928750800151878247915110440021724025503861580258331234326573
0.14663795841312761686544957187199013329784820103231832838643216666794928750800151878247915110440021724025503861580258331234326573
-0.29328278716019088803875156664169372314580645512760913947102677956474779080074282006699411744754569319657688357859340358360277809
0.29328278716019088803875156664169372314580645512760913947102677956474779080074282006699411744754569319657688357859340358360277809
-0.43994136076089487560903021636804904438275130485434578753066143284340975532701294782270451372838247769908563419379668748401991244
0.43994136076089487560903021636804904438275130485434578753066143284340975532701294782270451372838247769908563419379668748401991244
-0.58662056211392600689064070013630160176552383501384757117626373070386307898549601560377803883318080016492138977842777280648189515
0.58662056211392600689064070013630160176552383501384757117626373070386307898549601560377803883318080016492138977842777280648189515
-0.73332728670507559693618794902382271192033718836085877636174501742051483572497837974985971016250855876562856968634726416801579645
0.73332728670507559693618794902382271192033718836085877636174501742051483572497837974985971016250855876562856968634726416801579645
-0.88006844683779704035961729410696029498810262008381998872987738938569628046918997335985463656741962239029417753408947951330840013
0.88006844683779704035961729410696029498810262008381998872987738938569628046918997335985463656741962239029417753408947951330840013
-1.0268509758937988047385605618133905703147110285544467394630897977681621430203125585877980803555644753873384411833016782096426441
1.0268509758937988047385605618133905703147110285544467394630897977681621430203125585877980803555644753873384411833016782096426441
-1.1736818326313828027784797287492691173407238714939653065689842709433945565586549418924452729778569883056262433926976057687648085
1.1736818326313828027784797287492691173407238714939653065689842709433945565586549418924452729778569883056262433926976057687648085
-1.3205680055293732257956290349761285085460845620397629601605161142285344092686362919980533083561294446962156904294023510120634293
1.3205680055293732257956290349761285085460845620397629601605161142285344092686362919980533083561294446962156904294023510120634293
-1.4675165171846453021825816322385547285710739927852883843078074281972116547340358414572340793198589923622657653217115034428807969
1.4675165171846453021825816322385547285710739927852883843078074281972116547340358414572340793198589923622657653217115034428807969
-1.6145344287714576957257927800688089502453881228478775187200127378310492007392696548848970946132994668597433877568510859935625999
1.6145344287714576957257927800688089502453881228478775187200127378310492007392696548848970946132994668597433877568510859935625999
-1.7616288445710175624963107761289415127965443251055806607096226190653376150585034696881083644046065532360890953706410707720606726
1.7616288445710175624963107761289415127965443251055806607096226190653376150585034696881083644046065532360890953706410707720606726
-1.9088069165799650231449591433628906989587745273078045041630202343032912168806414358448871898206210185435783353267775770578759735
1.9088069165799650231449591433628906989587745273078045041630202343032912168806414358448871898206210185435783353267775770578759735
-2.0560758492067555733085315688880172867521066375418146322067383521903679450379081338552728619080052780321925107601449677392042669
2.0560758492067555733085315688880172867521066375418146322067383521903679450379081338552728619080052780321925107601449677392042669
-2.203442904065246568812684532540206465890398607222640617426609992734019423039199592857477707968535558785342032702648244814822421
2.203442904065246568812684532540206465890398607222640617426609992734019423039199592857477707968535558785342032702648244814822421
-2.3509154048751594488591925905151188284290185030361481220252104234023252243429383030664247883607470647877102131592403117437188594
2.3509154048751594488591925905151188284290185030361481220252104234023252243429383030664247883607470647877102131592403117437188594
-2.4985007424794951276967251561511655962267050599287335477163852076679921920867767426887233763991779938700411332174975335674403105
2.4985007424794951276967251561511655962267050599287335477163852076679921920867767426887233763991779938700411332174975335674403105
-2.6462063799894286081468531090212064580456850999289237090208564225496023583392967421576545040919387482636278638872077196432103738
2.6462063799894286081468531090212064580456850999289237090208564225496023583392967421576545040919387482636278638872077196432103738
-2.7940398580677032757249878163659618321546403418409875291381980812797165832154110760181741088055804255701816684944705483836217022
2.7940398580677032757249878163659618321546403418409875291381980812797165832154110760181741088055804255701816684944705483836217022
-2.9420088003620887882753730968715139321159382503248593294113944556782828545319018320813976860933723832794041783964307940051927192
2.9420088003620887882753730968715139321159382503248593294113944556782828545319018320813976860933723832794041783964307940051927192
-3.0901209191010626258221654223975158908237832439595375633939802417042621992734735114306792968773032342229560951831572294713907638
3.0901209191010626258221654223975158908237832439595375633939802417042621992734735114306792968773032342229560951831572294713907638
-3.2383840208645282634616031805649089232298750809267606933789091024396778184726151385350446933727716026507725025619251701016846921
3.2383840208645282634616031805649089232298750809267606933789091024396778184726151385350446933727716026507725025619251701016846921
-3.3868060125430970856571906123139368885435628183436834479851499149575955710971108287989552931606902498172221709760425478339977913
3.3868060125430970856571906123139368885435628183436834479851499149575955710971108287989552931606902498172221709760425478339977913
-3.5353949075002415846134033945996800727387768440451881926929802775804490771783683326248119897692166117031377995724958401467555571
3.5353949075002415846134033945996800727387768440451881926929802775804490771783683326248119897692166117031377995724958401467555571
-3.6841588319524796463855698613732560089170437757805885816133301681244749803183169003345892090878928462198950143827664859366587972
3.6841588319524796463855698613732560089170437757805885816133301681244749803183169003345892090878928462198950143827664859366587972
-3.8331060315836800118267419524737184520979893014864893318497956021990531125154282503687631635624371672468989188430402880998404899
3.8331060315836800118267419524737184520979893014864893318497956021990531125154282503687631635624371672468989188430402880998404899
-3.9822448784105941785429467240645004744819726262298669391137071588929600752272552731942926951361443315736335605993049026184092896
3.9822448784105941785429467240645004744819726262298669391137071588929600752272552731942926951361443315736335605993049026184092896
-4.1315838779178277239634660652276369711571650517929339112278707656265487010055223403995987978571555799070941910525185276735917403
4.1315838779178277239634660652276369711571650517929339112278707656265487010055223403995987978571555799070941910525185276735917403
-4.2811316764816727729575139884054815214768481124325407238353375542154810560792112134831414008308530854795687778473472725546036085
4.2811316764816727729575139884054815214768481124325407238353375542154810560792112134831414008308530854795687778473472725546036085
-4.4308970691035425571918624706342522761452145540639978278170181337971466874572016629143194178278717238042544351967894049346585504
4.4308970691035425571918624706342522761452145540639978278170181337971466874572016629143194178278717238042544351967894049346585504
-4.580889007475189240194220658573384740153619525332038298076416988532986841948048370382139912310648390566843603976607398830387162
4.580889007475189240194220658573384740153619525332038298076416988532986841948048370382139912310648390566843603976607398830387162
-4.7311166083994591367247333253081181643320157243407571344432200477493951092787531398279281361640040091111898281752967827753788635
4.7311166083994591367247333253081181643320157243407571344432200477493951092787531398279281361640040091111898281752967827753788635
-4.8815891625920582136087213986184000637444622840018700043092157198320964541126309734595160410880136075765187831796563898645491391
4.8815891625920582136087213986184000637444622840018700043092157198320964541126309734595160410880136075765187831796563898645491391
-5.0323161438916799186257882640520015425899250929201461749446914366955102112378660706294230685791357093113847065182479167294953491
5.0323161438916799186257882640520015425899250929201461749446914366955102112378660706294230685791357093113847065182479167294953491
-5.1833072189079032560767546119538624791021667261933170377975741837175374139417913365762876346285699776198553460090089198802039547
5.1833072189079032560767546119538624791021667261933170377975741837175374139417913365762876346285699776198553460090089198802039547
-5.3345722571385198602069780819497628481750821080671327029026448797427029333316559264950215479617989014380770915265906544687842377
5.3345722571385198602069780819497628481750821080671327029026448797427029333316559264950215479617989014380770915265906544687842377
-5.4861213415904150485975805925666741735348672311399060418121670397827276921562655154117849191785081816874661030582438437650397134
5.4861213415904150485975805925666741735348672311399060418121670397827276921562655154117849191785081816874661030582438437650397134
-5.6379647799408323855425990777143384787916298548300633593645474276864972948302906687688007037273555001775048465724702418383688427
5.6379647799408323855425990777143384787916298548300633593645474276864972948302906687688007037273555001775048465724702418383688427
-5.790113116278819883713910456955950296165095429096457046219482012322448859511832747170974517074226383222994966658739129001407391
5.790113116278819883713910456955950296165095429096457046219482012322448859511832747170974517074226383222994966658739129001407391
-5.9425771434699175535905885734099589714629237473931142594503194391044884004605555419481728989657506367340353564130184638729809113
5.9425771434699175535905885734099589714629237473931142594503194391044884004605555419481728989657506367340353564130184638729809113
-6.0953679161907331486849915391750478162444783730927037570671531295898162202682391748450306155752811037400028490734766990629091572
6.0953679161907331486849915391750478162444783730927037570671531295898162202682391748450306155752811037400028490734766990629091572
-6.2484967646840023782510308436410712077002508158756969276290879361125067935259888860743366337743531139937214054769486244072682133
6.2484967646840023782510308436410712077002508158756969276290879361125067935259888860743366337743531139937214054769486244072682133
-6.4019753092890830401172094804005829373113689967827819702828549422063089154028758782531449138402775594885664796201543456834117386
6.4019753092890830401172094804005829373113689967827819702828549422063089154028758782531449138402775594885664796201543456834117386
-6.555815475807636366316946781858550867979662691721595299087764732271398773875256179502807788710202540900877264768724319940336506
6.555815475807636366316946781858550867979662691721595299087764732271398773875256179502807788710202540900877264768724319940336506
-6.7100295117695564999117138412111550727631765838368378558826040184439299287309280340552191581701721036850313417835164345148381247
6.7100295117695564999117138412111550727631765838368378558826040184439299287309280340552191581701721036850313417835164345148381247
-6.8646300036700807093510097106052831356018072279090263591113431194741549894561609978888213799642224185889119394870246477297341608
6.8646300036700807093510097106052831356018072279090263591113431194741549894561609978888213799642224185889119394870246477297341608
-7.0196298952555172015254865931464948216913829300064007075433477083095616323193133592922759707077870291396796224677060371090540186
7.0196298952555172015254865931464948216913829300064007075433477083095616323193133592922759707077870291396796224677060371090540186
-7.1750425069422422083925821304928597510091714542132797098196021917587658470394522896277390908581329595621306734072192822432476141
7.1750425069422422083925821304928597510091714542132797098196021917587658470394522896277390908581329595621306734072192822432476141
-7.3308815564616323481408702952343497972432963599104195236233760323695409878391958269985544400506479750133288396203043132098079172
7.3308815564616323481408702952343497972432963599104195236233760323695409878391958269985544400506479750133288396203043132098079172
-7.4871611808325137442823087234756095182194159636578879624579317742151069875466704804775815761598039818831833682740964125023230705
7.4871611808325137442823087234756095182194159636578879624579317742151069875466704804775815761598039818831833682740964125023230705
-7.6438959597726423923180540510714943417893730877792093462318651491143690826668914511329378440499374246065433597484771763725539993
7.6438959597726423923180540510714943417893730877792093462318651491143690826668914511329378440499374246065433597484771763725539993
-7.8011009406718142806517166465577444687221523603296379526304720169873592239378679966863412865771341472763137856249071043949678638
7.8011009406718142806517166465577444687221523603296379526304720169873592239378679966863412865771341472763137856249071043949678638
-7.9587916652615922370340694695605553525455034939788002254697405241769194987233907492573684688086426389689837154572819356355911061
7.9587916652615922370340694695605553525455034939788002254697405241769194987233907492573684688086426389689837154572819356355911061
-8.1169841981305061227720540672400689223011685123378203086551666912704201650190510583879187048099919419535608695386917260721622742
8.1169841981305061227720540672400689223011685123378203086551666912704201650190510583879187048099919419535608695386917260721622742
-8.2756951572491378549688219992190476364745703716463724860435213556565853460556710947278043186659624594448026619577383879836158128
8.2756951572491378549688219992190476364745703716463724860435213556565853460556710947278043186659624594448026619577383879836158128
-8.4349417466869788430753211770686022361480603831043629359712714414072154518988131086465594570384468791918895152141234939219708333
8.4349417466869788430753211770686022361480603831043629359712714414072154518988131086465594570384468791918895152141234939219708333
-8.5947417917226184971484285338269167402753256705538249811999839004503046640529328405679518846371768874167294197562573559196778211
8.5947417917226184971484285338269167402753256705538249811999839004503046640529328405679518846371768874167294197562573559196778211
-8.7551137765710066656187113865498171190102875997160615654956366898569441282399561463358838088524544875685059432243506343204356873
8.7551137765710066656187113865498171190102875997160615654956366898569441282399561463358838088524544875685059432243506343204356873
-8.9160768849766009302427514272573043250770179107470210257998313311765422329586637292519181403939473651305920989697728953150351286
8.9160768849766009302427514272573043250770179107470210257998313311765422329586637292519181403939473651305920989697728953150351286
-9.0776510439495947300845153071254112778502947581842550989235318496214805024554288243247341287222452298150639493501565609929738576
9.0776510439495947300845153071254112778502947581842550989235318496214805024554288243247341287222452298150639493501565609929738576
-9.2398569709546315983168473075577737623093649164826890940389821717627474605346035508200156810333625762539181244487200964706757075
9.2398569709546315983168473075577737623093649164826890940389821717627474605346035508200156810333625762539181244487200964706757075
-9.4027162248980401858278302088333124434178706160966568372105777571114561941681751673862523362517317151749010337152599813338904866
9.4027162248980401858278302088333124434178706160966568372105777571114561941681751673862523362517317151749010337152599813338904866
-9.5662512613013759623809477317683741555788880686607861501158182735073869408390901315874064298370020345687195422712835448304928178
9.5662512613013759623809477317683741555788880686607861501158182735073869408390901315874064298370020345687195422712835448304928178
-9.730485492096757469337973792623579577746371533185133997077003995877907715836421149153174499194289996956320287736308289716544475
9.730485492096757469337973792623579577746371533185133997077003995877907715836421149153174499194289996956320287736308289716544475
-9.8954433505341199016365574204494542614636322675370331453817776532816118086014378000952989633260697599385585621010171308753504939
9.8954433505341199016365574204494542614636322675370331453817776532816118086014378000952989633260697599385585621010171308753504939
-10.061150361753243967517878668484538964042339538085143798156969193726192479786732400681319406112775135955572772471164366610386627
10.061150361753243967517878668484538964042339538085143798156969193726192479786732400681319406112775135955572772471164366610386627
-10.227633219645645401116354694396338946299401127006321785948297582301922379332004984729019014239017329676883481899319125063309607
10.227633219645645401116354694396338946299401127006321785948297582301922379332004984729019014239017329676883481899319125063309607
-10.394919870714795674720273315524300991915517505171251422740218387929028603443408475094996999357850947960998299651246331483209483
10.394919870714795674720273315524300991915517505171251422740218387929028603443408475094996999357850947960998299651246331483209483
-10.563039605739687126638779281134613365289497476396088461849589536322110673683409864423458146809683781608090176802429457304777731
10.563039605739687126638779281134613365289497476396088461849589536322110673683409864423458146809683781608090176802429457304777731
-10.732023160158865794243213657860278201507367880829359389825999083085873348405183651935114783113058951756273937821184089738048953
10.732023160158865794243213657860278201507367880829359389825999083085873348405183651935114783113058951756273937821184089738048953
-10.901902824222647993511220202314830271386907515104815985611971036057692151036796704880604024567592883011478018260185640533456422
10.901902824222647993511220202314830271386907515104815985611971036057692151036796704880604024567592883011478018260185640533456422
-11.072712564113852763366794861422883777196905070732825003623415407421147089953308541517142406823280047644290208168090013279306363
11.072712564113852763366794861422883777196905070732825003623415407421147089953308541517142406823280047644290208168090013279306363
-11.244488155416339709332145277272895016564055837235284584541198937789233605875595808790988534233064126866877091944915536561338489
11.244488155416339709332145277272895016564055837235284584541198937789233605875595808790988534233064126866877091944915536561338489
-11.417267330521229398281947783667635440356358603815381147626632530070419907732048785290800754328854931135720787683114234911083578
11.417267330521229398281947783667635440356358603815381147626632530070419907732048785290800754328854931135720787683114234911083578
-11.591089941809408578358661362932161288875605034244384091201113012838189467209908250495502865266024092458275017576641598819818466
11.591089941809408578358661362932161288875605034244384091201113012838189467209908250495502865266024092458275017576641598819818466
-11.765998142743829465148176348075672094902449264108455811799311377085243801186935328067951924921814181054689174005900008902132054
11.765998142743829465148176348075672094902449264108455811799311377085243801186935328067951924921814181054689174005900008902132054
-11.942036589356194845060157703471174820703380281214921236373184144643228935051235966122038447526926853968347801928156166122993157
11.942036589356194845060157703471174820703380281214921236373184144643228935051235966122038447526926853968347801928156166122993157
-12.119252665032358712159850045229363561466625830680373732122476200579700018353636969803260101064975283034192634816068972056778082
12.119252665032358712159850045229363561466625830680373732122476200579700018353636969803260101064975283034192634816068972056778082
-12.297696732004835142986275894152660893201535272290882766098732499027912295379241577523398040970565245554056163173123963761433066
12.297696732004835142986275894152660893201535272290882766098732499027912295379241577523398040970565245554056163173123963761433066
-12.477422413568983202928046581657043889271011308248793265755664928420389983637206545106244077555460431376964446260672448146798404
12.477422413568983202928046581657043889271011308248793265755664928420389983637206545106244077555460431376964446260672448146798404
-12.658486911776859889701310738485016830604895484356471390649823932064378176971302407327284952230151465121596703987774531117746715
12.658486911776859889701310738485016830604895484356471390649823932064378176971302407327284952230151465121596703987774531117746715
-12.840951366261542477625084521005447554628455033017580727013197257627541594799816157956255424945625794838546684889768506067504044
12.840951366261542477625084521005447554628455033017580727013197257627541594799816157956255424945625794838546684889768506067504044
-13.024881260946274805528087679855114428061148971564329949064586641941822700582991755450961273449514899727008480919864698220260241
13.024881260946274805528087679855114428061148971564329949064586641941822700582991755450961273449514899727008480919864698220260241
-13.210346886750693401735408043500661386247654857271320269623902760553439163162209712690822162798501116180365909660596452373412935
13.210346886750693401735408043500661386247654857271320269623902760553439163162209712690822162798501116180365909660596452373412935
-13.397423870090634241991042975782151466108892407835018738195976147652966263058287749679533653964023468377914823322136097305420298
13.397423870090634241991042975782151466108892407835018738195976147652966263058287749679533653964023468377914823322136097305420298
-13.586193779070732276740880849981920426715606612397096033080061715701562409155886382978144129422429710209772914948846141561931139
13.586193779070732276740880849981920426715606612397096033080061715701562409155886382978144129422429710209772914948846141561931139
-13.776744821912469538178859393886506638934129140512457695549050617624524795637020958354462052006533695922571968604724550034360417
13.776744821912469538178859393886506638934129140512457695549050617624524795637020958354462052006533695922571968604724550034360417
-13.969172655508228193273565607492881526506468802674551963755692591191612688817459563448663804999824426209850264739233957549285709
13.969172655508228193273565607492881526506468802674551963755692591191612688817459563448663804999824426209850264739233957549285709
-14.163581326265595716023168100509191696580820791523167447626907906169565947478080281837740512757629177602509580048143822298859782
14.163581326265595716023168100509191696580820791523167447626907906169565947478080281837740512757629177602509580048143822298859782
-14.360084370907913169259542591320668259085831082867800030880355683161301756694677663041121434954450356122402755568978001336650505
14.360084370907913169259542591320668259085831082867800030880355683161301756694677663041121434954450356122402755568978001336650505
-14.558806112044143355444862259918242648211930565736964923104124683053121979461835183352821996272042222893093276267490811481455959
14.558806112044143355444862259918242648211930565736964923104124683053121979461835183352821996272042222893093276267490811481455959
-14.75988319269640106631952387984514708651947718753262809049682105527703871117630342058736033329591239513280448221876492408413737
14.75988319269640106631952387984514708651947718753262809049682105527703871117630342058736033329591239513280448221876492408413737
-14.963466406401261946965860258469984761779969881956728412551840887994896666692073844930575936073436047452488267011429280269023103
14.963466406401261946965860258469984761779969881956728412551840887994896666692073844930575936073436047452488267011429280269023103
-15.16972289616299871654032596168743738026830970519073789830323737997011602129271426378216906862101483407619832716766687610515576
15.16972289616299871654032596168743738026830970519073789830323737997011602129271426378216906862101483407619832716766687610515576
-15.378838818152298032556797815822594952574626469694433663682063647277593613850085088006337397599334279155926319510799643810860197
15.378838818152298032556797815822594952574626469694433663682063647277593613850085088006337397599334279155926319510799643810860197
-15.591022597153674918381254545805700994362050638753374925431951167465544950091999239709447343485080197445742091621551163852200949
15.591022597153674918381254545805700994362050638753374925431951167465544950091999239709447343485080197445742091621551163852200949
-15.806508944189819647532179968428450831616331529339187485342820144665031372301971428934020896763317437762183036503506691592646697
15.806508944189819647532179968428450831616331529339187485342820144665031372301971428934020896763317437762183036503506691592646697
-16.025563868347775052269047424316744213954767565771696850491193522719288138882998512038111546325455415314242644815132776819765463
16.025563868347775052269047424316744213954767565771696850491193522719288138882998512038111546325455415314242644815132776819765463
-16.248491003764620246092509801712414081177540982184482557970648426914487143899910851675239950047008176319011583093384334846994361
16.248491003764620246092509801712414081177540982184482557970648426914487143899910851675239950047008176319011583093384334846994361
-16.475639703674651419903801006913339050696929137431339433633199405530439600988484787658393907866574524852396869381567832461009639
16.475639703674651419903801006913339050696929137431339433633199405530439600988484787658393907866574524852396869381567832461009639
-16.707415550485052308591800901520236304329854904996894063857982102655836538917361362489478067821352568594688605927999962324151835
16.707415550485052308591800901520236304329854904996894063857982102655836538917361362489478067821352568594688605927999962324151835
-16.944294234788718950069183688458170318558562601437744307602017290293890374082031843050614893016278454513218253167802975017759143
16.944294234788718950069183688458170318558562601437744307602017290293890374082031843050614893016278454513218253167802975017759143
-17.186840238192464142514106106484950895523617920766594577871496091283693898884268154527876489477538116526345744817045492191540952
17.186840238192464142514106106484950895523617920766594577871496091283693898884268154527876489477538116526345744817045492191540952
-17.435732543674117162829980312299891464673444024875496552292730160387410100145352448607592712497575882422470301971092889104255514
17.435732543674117162829980312299891464673444024875496552292730160387410100145352448607592712497575882422470301971092889104255514
-17.691800936153179211785025989044442052469456317345772230838620000783620079430156323270560027693030234540717736188473636442635754
17.691800936153179211785025989044442052469456317345772230838620000783620079430156323270560027693030234540717736188473636442635754
-17.956078827238349301529690942095223697686563104989386770821756633833533367401274004145922491336362324026454875531261013100470734
17.956078827238349301529690942095223697686563104989386770821756633833533367401274004145922491336362324026454875531261013100470734
-18.229882953390896290939891850140189715083140516091748027880751668249326248707934210695894055333229470067009660474196673036208687
18.229882953390896290939891850140189715083140516091748027880751668249326248707934210695894055333229470067009660474196673036208687
-18.514939027970816763906119893511305933748214998464210464617169293237116972529712365767719827650929571210965889288356561864227542
18.514939027970816763906119893511305933748214998464210464617169293237116972529712365767719827650929571210965889288356561864227542
-18.813591016888001027817114522475919078539513248100979174358665590371549817587378649647232511697777803138643814958322860157532442
18.813591016888001027817114522475919078539513248100979174358665590371549817587378649647232511697777803138643814958322860157532442
-19.129175145838059595240734114127360572273272693631215621906350162435483454742054810322330595137332159332945247613507020438979424
19.129175145838059595240734114127360572273272693631215621906350162435483454742054810322330595137332159332945247613507020438979424
-19.466754389931732881867721788758001483236737096302791518972017850570101837554676825036565307475505198002499817359633291077946358
19.466754389931732881867721788758001483236737096302791518972017850570101837554676825036565307475505198002499817359633291077946358
-19.834767076901670934844954963946639109221352619943533751787435212989273234359831381336901429627453392104778095526368292178906761
19.834767076901670934844954963946639109221352619943533751787435212989273234359831381336901429627453392104778095526368292178906761
-20.249581213024743752013955441037961840374257148140321432363163108204759466725396774605604276983729117155557123265750623908882269
20.249581213024743752013955441037961840374257148140321432363163108204759466725396774605604276983729117155557123265750623908882269
-20.754016078607125425065719767733762822324164352012412292499226163148812049622155289308010619813406657477475608154446180459906718
20.754016078607125425065719767733762822324164352012412292499226163148812049622155289308010619813406657477475608154446180459906718