-0.075838827745383509353524153804112374601346867939250757874904349275220103310156301323480360892836799201977505650080295736725316471
0.075838827745383509353524153804112374601346867939250757874904349275220103310156301323480360892836799201977505650080295736725316471
-0.22752055054508318039437101247140265532670692466457972201207637684449447276081416646272582660258043321934086779589649580396179702
0.22752055054508318039437101247140265532670692466457972201207637684449447276081416646272582660258043321934086779589649580396179702
-0.37921447810798966917070277735944500909165170903540973700185833380163429992524328655642860127801878243636672989695541175694781545
0.37921447810798966917070277735944500909165170903540973700185833380163429992524328655642860127801878243636672989695541175694781545
-0.53092875640337629136413233217112887400208595601838723112703842524879322164970096484371343190196345217141609602900447708051417004
0.53092875640337629136413233217112887400208595601838723112703842524879322164970096484371343190196345217141609602900447708051417004
-0.68267154561144700219401404747100833646884309140043590544126194333748865045727347180824134367305031200074301011755175473838957079
0.68267154561144700219401404747100833646884309140043590544126194333748865045727347180824134367305031200074301011755175473838957079
-0.83445102584824836334842367127310171463310186141530816697092988590240193502480376779699146354628239523274982200587672284878996495
0.83445102584824836334842367127310171463310186141530816697092988590240193502480376779699146354628239523274982200587672284878996495
-0.98627540293131954403159836517155658474476283120154262683370312547655678474756817122400544825732256250816206675687757102425835684
0.98627540293131954403159836517155658474476283120154262683370312547655678474756817122400544825732256250816206675687757102425835684
-1.1381529141980046308702655854787909120776018224374034758790916612545901100020418905603500414769624036123116668572433396898149649
1.1381529141980046308702655854787909120776018224374034758790916612545901100020418905603500414769624036123116668572433396898149649
-1.2900918343885678218608247113566038314939767615118789853260974398012639305519005817956218868725552541466914466700217911294902909
1.2900918343885678218608247113566038314939767615118789853260974398012639305519005817956218868725552541466914466700217911294902909
-1.4421004816065194509018002668377108224571934861403988567150849806359198954067158970343550584723649636752056582646488622254212887
1.4421004816065194509018002668377108224571934861403988567150849806359198954067158970343550584723649636752056582646488622254212887
-1.5941872233688810824423270069586465503644586615415071031998357794625455633258888355239803197726456907320523036572046185317821394
1.5941872233688810824423270069586465503644586615415071031998357794625455633258888355239803197726456907320523036572046185317821394
-1.746360482759493362354126822101359632389315664369765809469733053846767518839988419751462410690188315945432524100622344421145738
1.746360482759493362354126822101359632389315664369765809469733053846767518839988419751462410690188315945432524100622344421145738
-1.8986287446989035480533140180499602638168984747163673844489489248491329571203857215090374385147464482508317852197923529429729194
1.8986287446989035480533140180499602638168984747163673844489489248491329571203857215090374385147464482508317852197923529429729194
-2.0510005623448637377389249173157647363359064752652285217816612165414538870136624177182360695847861825827638944549624771184903856
2.0510005623448637377389249173157647363359064752652285217816612165414538870136624177182360695847861825827638944549624771184903856
-2.203484563638029310770717287226785400094354727225945314082858810736738149023557950260914684799581096251846624914066445286242353
2.203484563638029310770717287226785400094354727225945314082858810736738149023557950260914684799581096251846624914066445286242353
-2.3560894580080740183184767160539329035824552338244634949008973879933021168588854743932464102443255987439124708137909531822470188
2.3560894580080740183184767160539329035824552338244634949008973879933021168588854743932464102443255987439124708137909531822470188
-2.5088240432561381138323736673775331072908003013181475633337736990365324575493961108883779902870211747435396044139885571275003879
2.5088240432561381138323736673775331072908003013181475633337736990365324575493961108883779902870211747435396044139885571275003879
-2.6616972126303040748782943185491510577102084793952128653793705873742437648322066825144879792716156427313110067603212783769082446
2.6616972126303040748782943185491510577102084793952128653793705873742437648322066825144879792716156427313110067603212783769082446
-2.8147179621116566883844743143682888744359929773882102282646769420371865840199545267915967281531973166144420463261406090866219532
2.8147179621116566883844743143682888744359929773882102282646769420371865840199545267915967281531973166144420463261406090866219532
-2.9678953979294371231855925639759416694581737256415419995235399721499014818198669468303837097104615244459468892536385523271430764
2.9678953979294371231855925639759416694581737256415419995235399721499014818198669468303837097104615244459468892536385523271430764
-3.1212387443248514724863292878226492491409061131685427027847808603927170303539437810532872833222282384026183001313780498970847391
3.1212387443248514724863292878226492491409061131685427027847808603927170303539437810532872833222282384026183001313780498970847391
-3.2747573515842513804931129182951491675296648712224599927972883488556473640134847591343766483781607617846302844058957401351276397
3.2747573515842513804931129182951491675296648712224599927972883488556473640134847591343766483781607617846302844058957401351276397
-3.4284607043636770284863667220231495410609937735059059261436749893075250238841597334017621178851584689694678444995616644116535049
3.4284607043636770284863667220231495410609937735059059261436749893075250238841597334017621178851584689694678444995616644116535049
-3.5823584303281513072208965158945202005264441458213671573735109072586740741296418563957056681920602271892563914190320564550112033
3.5823584303281513072208965158945202005264441458213671573735109072586740741296418563957056681920602271892563914190320564550112033
-3.7364603091306500409329697767623831033780895795847018214088372861557254540962879689307354871834382038335497404123484239204432166
3.7364603091306500409329697767623831033780895795847018214088372861557254540962879689307354871834382038335497404123484239204432166
-3.8907762817573596333467930176322099033485420318924437002050620363419681200379146549399536661193012149132401661547105472915357025
3.8907762817573596333467930176322099033485420318924437002050620363419681200379146549399536661193012149132401661547105472915357025
-4.0453164602676850116150639296425755566775244003843714917268130116308958184779702705564844687319081581612925337480647107263503347
4.0453164602676850116150639296425755566775244003843714917268130116308958184779702705564844687319081581612925337480647107263503347
-4.2000911379595035319739797405149350469233976389230706169792981445155159379154079451484112827664063282531031547305707509242328464
4.2000911379595035319739797405149350469233976389230706169792981445155159379154079451484112827664063282531031547305707509242328464
-4.3551107999923928336710587303682054093259468342947588005318452130273932103408425946573501752632072579674500584133550013009807123
4.3551107999923928336710587303682054093259468342947588005318452130273932103408425946573501752632072579674500584133550013009807123
-4.5103861345040129639496329986632278286086327185114392342577400091307124923830749247986350720946469872265613779071036961533815103
4.5103861345040129639496329986632278286086327185114392342577400091307124923830749247986350720946469872265613779071036961533815103
-4.6659280442575184437805694539584982807346872811319766440824960955161534662414508826922225517902718077070975911886480347246398075
4.6659280442575184437805694539584982807346872811319766440824960955161534662414508826922225517902718077070975911886480347246398075
-4.8217476588608401541462034310506940627781971202406426654566680798870346536069950506269398502930158887571147478267690799109905477
4.8217476588608401541462034310506940627781971202406426654566680798870346536069950506269398502930158887571147478267690799109905477
-4.9778563476019390912563333919239473139275463043294347128491540757004596693273909326890555405228575277933311959449101063552558404
4.9778563476019390912563333919239473139275463043294347128491540757004596693273909326890555405228575277933311959449101063552558404
-5.1342657329477269507753205318655242141666086541836183195847661880850473252694630110067423553436328027412954269607477814235544917
5.1342657329477269507753205318655242141666086541836183195847661880850473252694630110067423553436328027412954269607477814235544917
-5.2909877047583091458927949601346526944435620310592118487950634068569053899570459253241227703786515547028980890318954014182666268
5.2909877047583091458927949601346526944435620310592118487950634068569053899570459253241227703786515547028980890318954014182666268
-5.4480344352725760338436028507437035864600033788139280731607475949345847481310516470354134855362914449260286873025176149319432545
5.4480344352725760338436028507437035864600033788139280731607475949345847481310516470354134855362914449260286873025176149319432545
-5.6054183949259951058976295215844251348117287046119492767380218728513173127800589742721522543291093896198515550540240009502433011
5.6054183949259951058976295215844251348117287046119492767380218728513173127800589742721522543291093896198515550540240009502433011
-5.7631523690667942692243922197928034900731583870420350339803164403697247853591919052621464138965050008865648308364133788600760169
5.7631523690667942692243922197928034900731583870420350339803164403697247853591919052621464138965050008865648308364133788600760169
-5.9212494756426349286559973598180102030853638042952653307746307070753635041918307832768516704588963195641651952103223852100222472
5.9212494756426349286559973598180102030853638042952653307746307070753635041918307832768516704588963195641651952103223852100222472
-6.0797231839364224954493355959523873305216232428176438181088198076368926475607461749955087441192542815824173551881759539346632964
6.0797231839364224954493355959523873305216232428176438181088198076368926475607461749955087441192542815824173551881759539346632964
-6.2385873344371699339454526514866853512530154107723361809273935638260119912026502838086866966158248390719873461588702365180852914
6.2385873344371699339454526514866853512530154107723361809273935638260119912026502838086866966158248390719873461588702365180852914
-6.3978561599399068119116564101574401469272556916354097699569343629241686576223758314791801393946388817456512390032819631050035731
6.3978561599399068119116564101574401469272556916354097699569343629241686576223758314791801393946388817456512390032819631050035731
-6.5575443079776146807239321896997987945230929089659279851739641965674938992340367574341279982611023983367494911492286366588572718
6.5575443079776146807239321896997987945230929089659279851739641965674938992340367574341279982611023983367494911492286366588572718
-6.7176668646981869938658868549993385601167615952395862569941861693195110412084574823804168459770561467542204804375206093720072726
6.7176668646981869938658868549993385601167615952395862569941861693195110412084574823804168459770561467542204804375206093720072726
-6.8782393803105929958342872446423911553253808826945517547951291848367187347404412549113629187863549968586731115227523155337950431
6.8782393803105929958342872446423911553253808826945517547951291848367187347404412549113629187863549968586731115227523155337950431
-7.0392778962369250606390476622874715494544791678071909502855797194604604348924101171015597431588523374448611043433314975829932375
7.0392778962369250606390476622874715494544791678071909502855797194604604348924101171015597431588523374448611043433314975829932375
-7.2007989741210063618367576262139057149489002142874561936613080811268442305773153551069724550823354899452977266309151407267775204
7.2007989741210063618367576262139057149489002142874561936613080811268442305773153551069724550823354899452977266309151407267775204
-7.3628197268599366183725523142033730057317956917474096840766729365806715576088200524685977528156041196758178082260538737632511324
7.3628197268599366183725523142033730057317956917474096840766729365806715576088200524685977528156041196758178082260538737632511324
-7.5253578518425964460679942180379822033397661423770033426215616727562230232047455231198421455433642522638074182083373769502988192
7.5253578518425964460679942180379822033397661423770033426215616727562230232047455231198421455433642522638074182083373769502988192
-7.6884316665989920923584558768920636792398573621170591660784030732037638243102644190184976977248149566170186973971624537963576265
7.6884316665989920923584558768920636792398573621170591660784030732037638243102644190184976977248149566170186973971624537963576265
-7.8520601470867234983980786580545683613360175661703693165707322974692711594955904023025764662961308896009283694848339370554000384
7.8520601470867234983980786580545683613360175661703693165707322974692711594955904023025764662961308896009283694848339370554000384
-8.0162629688661743067636311016890361293364270853479671765803234025040927434365689861426149323693068761822176035605813510996316949
8.0162629688661743067636311016890361293364270853479671765803234025040927434365689861426149323693068761822176035605813510996316949
-8.1810605514446902280232795659773226751794101607605495505540921391738156436934824063857955960746155403680362543425418451508043743
8.1810605514446902280232795659773226751794101607605495505540921391738156436934824063857955960746155403680362543425418451508043743
-8.3464741061025446823108546248384902358043854781067540132880598442762635785108472377243070561580776767473998704617355548644587811
8.3464741061025446823108546248384902358043854781067540132880598442762635785108472377243070561580776767473998704617355548644587811
-8.5125256875504898834266990257282167170620544523903963119841915232321612680199395893490795738687299751064541561229883758275464294
8.5125256875504898834266990257282167170620544523903963119841915232321612680199395893490795738687299751064541561229883758275464294
-8.6792382498108666329036828546330053146243754479985073579134375458589267535837167375998671634287238753015405051949161732797145632
8.6792382498108666329036828546330053146243754479985073579134375458589267535837167375998671634287238753015405051949161732797145632
-8.8466357067624346786928365722782038723367787938554625604085707151535980576632447123146871374266392779268214610492255503334600994
8.8466357067624346786928365722782038723367787938554625604085707151535980576632447123146871374266392779268214610492255503334600994
-9.0147429978442800440179644276743421028931496748558757612295870488918883564615105208331568772468514867503457504140914749006580709
9.0147429978442800440179644276743421028931496748558757612295870488918883564615105208331568772468514867503457504140914749006580709
-9.1835861594775358793657184111898238152837173607975031334690692728245360742614109279258341145052179519820787549168755021217621317
9.1835861594775358793657184111898238152837173607975031334690692728245360742614109279258341145052179519820787549168755021217621317
-9.3531924028366257929285326822756358420039106707090315422145597849825665769977935270919925123862884080117269838360638206985172124
9.3531924028366257929285326822756358420039106707090315422145597849825665769977935270919925123862884080117269838360638206985172124
-9.5235901986859863351318934546225195117708669934929331626378654666302656332431917183042008651235200076335271052136374691250828784
9.5235901986859863351318934546225195117708669934929331626378654666302656332431917183042008651235200076335271052136374691250828784
-9.6948093700957692291308348531953484940562273901160637857427783942999570125522462111075854912951788122599012961150670763122648078
9.6948093700957692291308348531953484940562273901160637857427783942999570125522462111075854912951788122599012961150670763122648078
-9.8668811939632994457155249276648699489801101899940437003177916419193268381691857076989107124035505030870228754081174372889775323
9.8668811939632994457155249276648699489801101899940437003177916419193268381691857076989107124035505030870228754081174372889775323
-10.039838512399018457280068337201037528945834149572462629122884043115130353476493076462446539500185207134435847066822161195975684
10.039838512399018457280068337201037528945834149572462629122884043115130353476493076462446539500185207134435847066822161195975684
-10.213715855189851145290333540507048520611660688629450276923415853421718202626428536687268292110963966725871276442937264016425208
10.213715855189851145290333540507048520611660688629450276923415853421718202626428536687268292110963966725871276442937264016425208
-10.38854957473376370688483247321043988964712782894015483275439689702299769659024742377752423785915863924125768682754933741579279
10.38854957473376370688483247321043988964712782894015483275439689702299769659024742377752423785915863924125768682754933741579279
-10.564377995052073542785977101026872710692550632741614927234400433823613092258537758942062499838607674157135826608814490944809743
10.564377995052073542785977101026872710692550632741614927234400433823613092258537758942062499838607674157135826608814490944809743
-10.741241576737406997919493284441980911053175837742479093115234795750990943474304640319772530787898887989149904701257053068598838
10.741241576737406997919493284441980911053175837742479093115234795750990943474304640319772530787898887989149904701257053068598838
-10.919183099993206918981697724153749385899393639290703435882863760896523927069568323521416103295469012767888952523851225348329652
10.919183099993206918981697724153749385899393639290703435882863760896523927069568323521416103295469012767888952523851225348329652
-11.098247868275469451994221310311977672098555725943603400054062733121599283172306209605176623618106504924706594383014670913077063
11.098247868275469451994221310311977672098555725943603400054062733121599283172306209605176623618106504924706594383014670913077063
-11.278483935471551324583255928342977734403616516616248220801059006292749535018430258854857070590004505822467149714567948754882177
11.278483935471551324583255928342977734403616516616248220801059006292749535018430258854857070590004505822467149714567948754882177
-11.459942360060271876823911503500029536624276714925254768611228807433152449023730719518193742323523897857532356321186288553489839
11.459942360060271876823911503500029536624276714925254768611228807433152449023730719518193742323523897857532356321186288553489839
-11.642677490312136832409936987261929772550534632295219474970350921305475327917983222722641314686793159717575867210971711835557077
11.642677490312136832409936987261929772550534632295219474970350921305475327917983222722641314686793159717575867210971711835557077
-11.826747285333739133951688092202390894990961546202440676819234693729520312859690859651252363483514906993040640028220546304153765
11.826747285333739133951688092202390894990961546202440676819234693729520312859690859651252363483514906993040640028220546304153765
-12.012213677668726213342211962650903045340665776615198103888344554234501238414649688672906906705013248276910183503620143543699975
12.012213677668726213342211962650903045340665776615198103888344554234501238414649688672906906705013248276910183503620143543699975
-12.19914298428096479727210726665943619256471912526978012694832436100925437006517747145937473430829130692249462787504816876522532
12.19914298428096479727210726665943619256471912526978012694832436100925437006517747145937473430829130692249462787504816876522532
-12.387606374117863248755965056281867804083036647748373863218713243439780225033871827278273844982015541294613859953111291604032411
12.387606374117863248755965056281867804083036647748373863218713243439780225033871827278273844982015541294613859953111291604032411
-12.577680402153974686151702783860594807684373474592310903241621601856563382902246787024287717401215059679429204747018422605691587
12.577680402153974686151702783860594807684373474592310903241621601856563382902246787024287717401215059679429204747018422605691587
-12.769447621940115078566255456314021265848769511107850213552592155466103730898701057481410544165735731772981863808063253924958182
12.769447621940115078566255456314021265848769511107850213552592155466103730898701057481410544165735731772981863808063253924958182
-12.962997291354871065529163463204797373671439509283443620154608762450088404267409883938425726965463991682810892326082899718658374
12.962997291354871065529163463204797373671439509283443620154608762450088404267409883938425726965463991682810892326082899718658374
-13.1584261896390310368491601430569969835402801087301883362167051881819396422890920736754213652636550509324345504747833986931692
13.1584261896390310368491601430569969835402801087301883362167051881819396422890920736754213652636550509324345504747833986931692
-13.355839568112870809774591489761006207540098625937037363192435018740265696115190395575079466613308022856406772133258580491020351
13.355839568112870809774591489761006207540098625937037363192435018740265696115190395575079466613308022856406772133258580491020351
-13.555352262536888727641586912238219358460910804604374341255453659935543251695409203592508588822981598803189422949113757123499518
13.555352262536888727641586912238219358460910804604374341255453659935543251695409203592508588822981598803189422949113757123499518
-13.757090002300314099839635189554627316372095771164260834666128758994642411313140799079268381722148977274143111902883825627333813
13.757090002300314099839635189554627316372095771164260834666128758994642411313140799079268381722148977274143111902883825627333813
-13.961190961097653001500745108417986518629720064178214499380618648738198494684482251502196630144910074686622195199593668765087942
13.961190961097653001500745108417986518629720064178214499380618648738198494684482251502196630144910074686622195199593668765087942
-14.16780760631494689994321861183700699128890462577867499824371118648049087181342508746232413236396068085440893029663405825454439
14.16780760631494689994321861183700699128890462577867499824371118648049087181342508746232413236396068085440893029663405825454439
-14.377108921188869884576827866083416429055371579004856338453386673591513934456052883587143405667539498697453546836044838491869821
14.377108921188869884576827866083416429055371579004856338453386673591513934456052883587143405667539498697453546836044838491869821
-14.589283096661062625497822180076875864572751274282186171515783935336783791619490547684713695954645886450871146719662281755015976
14.589283096661062625497822180076875864572751274282186171515783935336783791619490547684713695954645886450871146719662281755015976
-14.804540821295707663617192713087354486301065051592470230345959179719067602180585378472431985678518711790308518168265116532483987
14.804540821295707663617192713087354486301065051592470230345959179719067602180585378472431985678518711790308518168265116532483987
-15.023119341522980176748086220859334321636391907495970997561931785166904388619624047751629096207660076044322056244071330048488626
15.023119341522980176748086220859334321636391907495970997561931785166904388619624047751629096207660076044322056244071330048488626
-15.245287526734776199789322604519372746688632623571770802935564358456118585989121162919824949402525272751730315123298273124502132
15.245287526734776199789322604519372746688632623571770802935564358456118585989121162919824949402525272751730315123298273124502132
-15.471352263656497423113979476057998061684686327760430442377028698773819422447469889265409543073130835305187351264450534721612985
15.471352263656497423113979476057998061684686327760430442377028698773819422447469889265409543073130835305187351264450534721612985
-15.701666636785415513482081269511167948469299788873541014410501576801551621066790914367607603757401058803553887100205607805010107
15.701666636785415513482081269511167948469299788873541014410501576801551621066790914367607603757401058803553887100205607805010107
-15.936640550895137898203901944010034147978281318674833307891826472626843939851156784663934551236009317799834242698625068921271205
15.936640550895137898203901944010034147978281318674833307891826472626843939851156784663934551236009317799834242698625068921271205
-16.176754758859353315192624094111652691085196710084979069615956767704250795394029249392566416882628105942773972983522114715900383
16.176754758859353315192624094111652691085196710084979069615956767704250795394029249392566416882628105942773972983522114715900383
-16.422579745277947356497793003661856461766980028811107270215917609433047267867686605861254232085193303052275421625814470308138707
16.422579745277947356497793003661856461766980028811107270215917609433047267867686605861254232085193303052275421625814470308138707
-16.674801713847567328921883892117217090697934025237230033883813433390331383002630880937397143366663950814792231388180055563937169
16.674801713847567328921883892117217090697934025237230033883813433390331383002630880937397143366663950814792231388180055563937169
-16.934259280052330687561750691927597128584713333749767354620207757883545217147609262413729095540638581777587229236213121999856503
16.934259280052330687561750691927597128584713333749767354620207757883545217147609262413729095540638581777587229236213121999856503
-17.20199686804053199820264683432825077997180787092923011671382288235867263858579434333308540185438897127684030002419529317050779
17.20199686804053199820264683432825077997180787092923011671382288235867263858579434333308540185438897127684030002419529317050779
-17.479345274347462612708480935820951431805524926490463774892822490092061490169188441806950859634350575961115058163696335187558043
17.479345274347462612708480935820951431805524926490463774892822490092061490169188441806950859634350575961115058163696335187558043
-17.768048688473025252025174486056638755942870488386496209073288386837708968370729581750609016174036485497632178363194178066776007
17.768048688473025252025174486056638755942870488386496209073288386837708968370729581750609016174036485497632178363194178066776007
-18.070476254609613598666716387054059663655495853197465934951892491551031352693449474812271141229681346964569238362444684434452292
18.070476254609613598666716387054059663655495853197465934951892491551031352693449474812271141229681346964569238362444684434452292
-18.390000177115699010543211326647309952977718013107902623217614947928239202574118787027002520900008715869980479327391691658667644
18.390000177115699010543211326647309952977718013107902623217614947928239202574118787027002520900008715869980479327391691658667644
-18.731738284682696773867114705531883683149093300208397950396119660400981750150186124029686810797018401300464007498191519517530489
18.731738284682696773867114705531883683149093300208397950396119660400981750150186124029686810797018401300464007498191519517530489
-19.104220820108878723923376709753752264602836332096128638367547827340631203587455672865899435207513928356391024551696391974008482
19.104220820108878723923376709753752264602836332096128638367547827340631203587455672865899435207513928356391024551696391974008482
-19.523995195135570887037723925539900878710105057252125128740423232494119169110301920062737124366399106028777293102419521991231502
19.523995195135570887037723925539900878710105057252125128740423232494119169110301920062737124366399106028777293102419521991231502
-20.03435352294297025046615943698741785881376597624918976762017781058180740340373248244480783728955126600570772565709193206800426
20.03435352294297025046615943698741785881376597624918976762017781058180740340373248244480783728955126600570772565709193206800426