-0.09370604406137859679599091607382824310133925354291285136792964749707128218068850251654625092900034126985537481011879297136992946
0.09370604406137859679599091607382824310133925354291285136792964749707128218068850251654625092900034126985537481011879297136992946
-0.28112984673230628784015921690335601149945818097262495118241389399854719130760616598352844742369353146707229973245339883229803504
0.28112984673230628784015921690335601149945818097262495118241389399854719130760616598352844742369353146707229973245339883229803504
-0.46858881209649367322189472978440834266898967454899940281645755245627076089171511285156010493929892022140893072665435825295572279
0.46858881209649367322189472978440834266898967454899940281645755245627076089171511285156010493929892022140893072665435825295572279
-0.6561064455357193424542817322150334927555764918757543082719408802788879443638600124406687847626766834442244225111906065277342265
0.6561064455357193424542817322150334927555764918757543082719408802788879443638600124406687847626766834442244225111906065277342265
-0.84370634812858634550265680328110674115473355000188538506069170454814378530179970612307086877396634753937266717247977630670872749
0.84370634812858634550265680328110674115473355000188538506069170454814378530179970612307086877396634753937266717247977630670872749
-1.0314122555671924502541038592122847767725189265845058923760486537475993982730356336135953216088196365112364702039823022314316433
1.0314122555671924502541038592122847767725189265845058923760486537475993982730356336135953216088196365112364702039823022314316433
-1.2192480777190431684196832480673148568952400888760142919922951926919495046575201592408105107635308005209400372973182457602867552
1.2192480777190431684196832480673148568952400888760142919922951926919495046575201592408105107635308005209400372973182457602867552
-1.4072379390291254418329788479250214705262577405579121790153465318074942539017692064455872361105613560750930559401620319729358243
1.4072379390291254418329788479250214705262577405579121790153465318074942539017692064455872361105613560750930559401620319729358243
-1.5954062199652146008538509055652138809126433300723935414484527552368994823987647787807676268177062863611018247496587620849594294
1.5954062199652146008538509055652138809126433300723935414484527552368994823987647787807676268177062863611018247496587620849594294
-1.7837775997197195018673464146393337789696485899282649709636448233027529630132471243964281088161971507477677042863761518910417888
1.7837775997197195018673464146393337789696485899282649709636448233027529630132471243964281088161971507477677042863761518910417888
-1.9723771003938498943439370638496077384324685073579240225380011359197249262404644028465178941946049388889671846270789973617523821
1.9723771003938498943439370638496077384324685073579240225380011359197249262404644028465178941946049388889671846270789973617523821
-2.16123013290482568801977871991854418689938751397693417356513501249328327278387725887100924429673467017458060944366727951316328
2.16123013290482568801977871991854418689938751397693417356513501249328327278387725887100924429673467017458060944366727951316328
-2.35036254487449523268974841214122511354489137923308546629941284458541872327236269248490486421483891620811779720549380568791443
2.35036254487449523268974841214122511354489137923308546629941284458541872327236269248490486421483891620811779720549380568791443
-2.5398006707783967136558733390789807103999665400784815366910600464885388966838995730379232984740353976008406487970617999032738277
2.5398006707783967136558733390789807103999665400784815366910600464885388966838995730379232984740353976008406487970617999032738277
-2.7295713846583516294846075347660569811245757299880166760984048625665620682595071424291007988233323747088818601159340380894374849
2.7295713846583516294846075347660569811245757299880166760984048625665620682595071424291007988233323747088818601159340380894374849
-2.9197021557295610581027716026288920873795783505789991078029151994497435866584677660555086768335117778362052939939050452399492262
2.9197021557295610581027716026288920873795783505789991078029151994497435866584677660555086768335117778362052939939050452399492262
-3.1102211072454060531237763400164772512269074075938327492519924786408089604006462552981442904122256763293102731418759600177596826
3.1102211072454060531237763400164772512269074075938327492519924786408089604006462552981442904122256763293102731418759600177596826
-3.3011570790203531796328702135148057230713026704555822736448554893926990284850615318719804652396731973737540159929708334034030913
3.3011570790203531796328702135148057230713026704555822736448554893926990284850615318719804652396731973737540159929708334034030913
-3.4925396940542716267518299768034196818238290332679892079762799700988476043463663175796667286239779760703883030322472826244003392
3.4925396940542716267518299768034196818238290332679892079762799700988476043463663175796667286239779760703883030322472826244003392
-3.6843994297509555032630524074553877030021094600353805903447762042694318793713404902603641339171437806818239875194848115890040261
3.6843994297509555032630524074553877030021094600353805903447762042694318793713404902603641339171437806818239875194848115890040261
-3.8767676942807569011285126582752537221469752376157286706592273164223047558858514107840485013066607966407512966353948927246388752
3.8767676942807569011285126582752537221469752376157286706592273164223047558858514107840485013066607966407512966353948927246388752
-4.0696769087032165538418991400513441810978029621078919697716687961005346449363967425022672646094307336437852358346991651909979063
4.0696769087032165538418991400513441810978029621078919697716687961005346449363967425022672646094307336437852358346991651909979063
-4.2631605955419176475463691458651176175101169987979931989461885243550292120927175148501308023984145033832791334047738492641692836
4.2631605955419176475463691458651176175101169987979931989461885243550292120927175148501308023984145033832791334047738492641692836
-4.4572534745922691253001205908642775603827337737703763649512728073745117469556895934403728139468687828660375346356592897904998372
4.4572534745922691253001205908642775603827337737703763649512728073745117469556895934403728139468687828660375346356592897904998372
-4.6519915668456939947999337132379019888197027524297444203209377048495309626244961605413418416148200065705242327904225091650636501
4.6519915668456939947999337132379019888197027524297444203209377048495309626244961605413418416148200065705242327904225091650636501
-4.8474123075333456037439357194958669497940402469038393232299653048103463019101800418509110811559091269910164500500815199989921388
4.8474123075333456037439357194958669497940402469038393232299653048103463019101800418509110811559091269910164500500815199989921388
-5.0435546694321367034294235874512398114786397684143132673613621995085640578315796554495052453085741552955045068653552151232716437
5.0435546694321367034294235874512398114786397684143132673613621995085640578315796554495052453085741552955045068653552151232716437
-5.2404592977393541684520159293445163443594997738004368514164836670862468649245544402029644427736424499334364635195114027600089589
5.2404592977393541684520159293445163443594997738004368514164836670862468649245544402029644427736424499334364635195114027600089589
-5.4381686580140979358887958504460504847729737860133597671313894302662457406656003606509793292524149378909406991064916179714996424
5.4381686580140979358887958504460504847729737860133597671313894302662457406656003606509793292524149378909406991064916179714996424
-5.6367271989099260095723011983117366858557096592701731004367596844963924298721763757159364925220736656531061504782412094890439117
5.6367271989099260095723011983117366858557096592701731004367596844963924298721763757159364925220736656531061504782412094890439117
-5.8361815316904239264127365049918954629898894100595697419214592516745839905768133671348071571874902026843057572580065786634250401
5.8361815316904239264127365049918954629898894100595697419214592516745839905768133671348071571874902026843057572580065786634250401
-6.0365806288366222829474122210123657369656169381749537974229571718590497880608812621783495697156356029055500997608715394334488576
6.0365806288366222829474122210123657369656169381749537974229571718590497880608812621783495697156356029055500997608715394334488576
-6.2379760444330400517530731221874372256847704943326808933804347162064150775081776392660715383366047217552738485599110741985797558
6.2379760444330400517530731221874372256847704943326808933804347162064150775081776392660715383366047217552738485599110741985797558
-6.4404221594710993899100154024611390587378218547592917116235926290210754149496145889113661353030903177667265980688067190424775132
6.4404221594710993899100154024611390587378218547592917116235926290210754149496145889113661353030903177667265980688067190424775132
-6.6439764557516486923113810341362400325945059324498355074771711482789847521817073297469558244451934075975525576392348616646981195
6.6439764557516486923113810341362400325945059324498355074771711482789847521817073297469558244451934075975525576392348616646981195
-6.8486998227237004860751361779085302877002815948068181412200998993813471220630480793593191518236513959423336241229662084027154288
6.8486998227237004860751361779085302877002815948068181412200998993813471220630480793593191518236513959423336241229662084027154288
-7.0546569023913728290328249641889577381890874580509320613880428401248564933846506997221760109559398939995712468908949531548060027
7.0546569023913728290328249641889577381890874580509320613880428401248564933846506997221760109559398939995712468908949531548060027
-7.2619164783901097246514396686704203745966422983338051307894776118790569862010794248527177914752154159565734535102638803982744202
7.2619164783901097246514396686704203745966422983338051307894776118790569862010794248527177914752154159565734535102638803982744202
-7.4705519165212017131713940169288780133848519213177832188653316359652883993725940375656593779071054876291190896936979787959391654
7.4705519165212017131713940169288780133848519213177832188653316359652883993725940375656593779071054876291190896936979787959391654
-7.6806416654983139183491718541071115509744744599262550452790400645673974338035440765168281623953149101164622060818838231363762667
7.6806416654983139183491718541071115509744744599262550452790400645673974338035440765168281623953149101164622060818838231363762667
-7.8922698284767439381129185921370211707708548336878620044632699258660788661552848466508197694136519102166198510403266757834488707
7.8922698284767439381129185921370211707708548336878620044632699258660788661552848466508197694136519102166198510403266757834488707
-8.1055268182049703770710719209079553005872831047757784554247220766927040313520431262130297973046471924592730903411007657359465332
8.1055268182049703770710719209079553005872831047757784554247220766927040313520431262130297973046471924592730903411007657359465332
-8.3205101114907770631446734947632470769571584413272793632309084739576559268957930698607638155559929124054951322556411889374715199
8.3205101114907770631446734947632470769571584413272793632309084739576559268957930698607638155559929124054951322556411889374715199
-8.5373251222877087639002866724615019146362350885683594779833465757871794291307623773536624438335843081466543436485720908402138689
8.5373251222877087639002866724615019146362350885683594779833465757871794291307623773536624438335843081466543436485720908402138689
-8.7560862173209469227550274215358441528457989739826397736219423014157758598844980620875816905655863585976185236006863135624613395
8.7560862173209469227550274215358441528457989739826397736219423014157758598844980620875816905655863585976185236006863135624613395
-8.9769179041114677711607899725006369275110951022023308278061243960330284534684187267384386713595058930743968564744903350426495022
8.9769179041114677711607899725006369275110951022023308278061243960330284534684187267384386713595058930743968564744903350426495022
-9.1999562289744642699478423659931544702507619418249438535910883399060456891373174410416210464239354837107976799600861156361809938
9.1999562289744642699478423659931544702507619418249438535910883399060456891373174410416210464239354837107976799600861156361809938
-9.4253504326923301274571963504061083042040825939343578397775674588191417073376533264278373297878721313501248210443334230102582026
9.4253504326923301274571963504061083042040825939343578397775674588191417073376533264278373297878721313501248210443334230102582026
-9.6532649249849331175944234892566643873034342285961686625079878892280300135452176232051034690422865902684025273331004181744209027
9.6532649249849331175944234892566643873034342285961686625079878892280300135452176232051034690422865902684025273331004181744209027
-9.8838816568977828581862771349520560907142089391790772859357853458050414444326927160322148041802560400966712734455833155877110261
9.8838816568977828581862771349520560907142089391790772859357853458050414444326927160322148041802560400966712734455833155877110261
-10.11740299466038668926036166051044048286438216197250781052724372526919483043352306659039744969487592465625923596480844007404026
10.11740299466038668926036166051044048286438216197250781052724372526919483043352306659039744969487592465625923596480844007404026
-10.354055232179573932382561359498382013693461877698011494668891210101445425625892690924350805840459517763283581370634089995574687
10.354055232179573932382561359498382013693461877698011494668891210101445425625892690924350805840459517763283581370634089995574687
-10.594092926257335740841117291146843128180335137872854241349527683519028769429467910828915531737740903803483299289314974499427237
10.594092926257335740841117291146843128180335137872854241349527683519028769429467910828915531737740903803483299289314974499427237
-10.837804305192461643594235645413650172880559809329510987793363546652682974311232625464640596876186122960551544981504434649491743
10.837804305192461643594235645413650172880559809329510987793363546652682974311232625464640596876186122960551544981504434649491743
-11.085518097551031948072906420791834630290607372443769468457867840401675929659701922189630902156364801662875805220798545891259595
11.085518097551031948072906420791834630290607372443769468457867840401675929659701922189630902156364801662875805220798545891259595
-11.337612269445430754419688289101914011346575258435657769079632898945240516149125569591039414107835580260827119368085683069462128
11.337612269445430754419688289101914011346575258435657769079632898945240516149125569591039414107835580260827119368085683069462128
-11.594525371724179758566491373721692004817112443058830545289392165128353478363585308241430729105553890465304300556634003833327029
11.594525371724179758566491373721692004817112443058830545289392165128353478363585308241430729105553890465304300556634003833327029
-11.856771527137034151615366945964791838575631579321533623523873883698297638616015907033648414609181441257455616235590445342804741
11.856771527137034151615366945964791838575631579321533623523873883698297638616015907033648414609181441257455616235590445342804741
-12.124960608784908811971615207047599691903065269117520921750242289485041406815867210732394657141767402379426103501446200406360916
12.124960608784908811971615207047599691903065269117520921750242289485041406815867210732394657141767402379426103501446200406360916
-12.399826014408025981144458583343716925947685556936396110508528188531341694112187680778455251185405148916513582941239575598940474
12.399826014408025981144458583343716925947685556936396110508528188531341694112187680778455251185405148916513582941239575598940474
-12.682263889584272602055712226079277221203123700524608978676719346139649751032994931013453739663136536662696846584378675434335222
12.682263889584272602055712226079277221203123700524608978676719346139649751032994931013453739663136536662696846584378675434335222
-12.973390218594390468215789657165062893273416628019560756045892376053826598954023764754526550768871303573257605991036623795494782
12.973390218594390468215789657165062893273416628019560756045892376053826598954023764754526550768871303573257605991036623795494782
-13.274626979734648611745308829292372012656644750691905113121561806433539270554845457081284348918592409839771129505253510006163091
13.274626979734648611745308829292372012656644750691905113121561806433539270554845457081284348918592409839771129505253510006163091
-13.587838011990621630641744024660098802418897483105107610736882004700232345942900760901996541535239867136609487423472097348152235
13.587838011990621630641744024660098802418897483105107610736882004700232345942900760901996541535239867136609487423472097348152235
-13.915555363288535746384497464176021592463257529841794496182595467421730732275661494137399308536853203441631508579536962634760186
13.915555363288535746384497464176021592463257529841794496182595467421730732275661494137399308536853203441631508579536962634760186
-14.26138392188293271107962934830041280603387848315735848532087761038802015048361901954993153408812867509860586344686714682757351
14.26138392188293271107962934830041280603387848315735848532087761038802015048361901954993153408812867509860586344686714682757351
-14.630796281434254136870679612880795295800453198317647346356566639450545524678372411280275245644473833551779781784554227381904628
14.630796281434254136870679612880795295800453198317647346356566639450545524678372411280275245644473833551779781784554227381904628
-15.032917422687504152802130773075079168522341940205556846718988635282727901379007085723066716725288509166213261216522827185744815
15.032917422687504152802130773075079168522341940205556846718988635282727901379007085723066716725288509166213261216522827185744815
-15.48545664612018179410998414455151291467861595126025840002544926711214350061795232418369518086289759230525020214221982492785453
15.48545664612018179410998414455151291467861595126025840002544926711214350061795232418369518086289759230525020214221982492785453
-16.034772477060814830019938063891841335609889072245960130739089724232573939768288750697761562907621394449147441412235447017851974
16.034772477060814830019938063891841335609889072245960130739089724232573939768288750697761562907621394449147441412235447017851974