0
-0.18944865962132067368540480208723747525200799231572805531160154003452881297568816723828374050923693282999292167938419914955696585
0.18944865962132067368540480208723747525200799231572805531160154003452881297568816723828374050923693282999292167938419914955696585
-0.3789220527041180633298333327548161868360783447789577009631544331620582497071766633323628847506712653903983846222145491934964208
0.3789220527041180633298333327548161868360783447789577009631544331620582497071766633323628847506712653903983846222145491934964208
-0.56844495472091697169780541012638458294567728310314009201132225686764557909757968424864040087045698071573097166661783548641508383
0.56844495472091697169780541012638458294567728310314009201132225686764557909757968424864040087045698071573097166661783548641508383
-0.75804222537475333186905676541324237580286150317306407826886488957003279992970625988136810558714450486783226920064870973946547879
0.75804222537475333186905676541324237580286150317306407826886488957003279992970625988136810558714450486783226920064870973946547879
-0.94773885123753714802903173400214875602146095972095199693544145676053652421673114190786811457260558474004381850089963741562418916
0.94773885123753714802903173400214875602146095972095199693544145676053652421673114190786811457260558474004381850089963741562418916
-1.1375599890219746605568902533837704283120832657282479587082457732919707440012927325108993869485923160028654731530331860600422304
1.1375599890219746605568902533837704283120832657282479587082457732919707440012927325108993869485923160028654731530331860600422304
-1.3275310097080575516049661013067459722035614824658450764457657957339913252505832919716279578892417984411196936448761228114076225
1.3275310097080575516049661013067459722035614824658450764457657957339913252505832919716279578892417984411196936448761228114076225
-1.5176775437537563369111999955526986358403223239557842061602429935502615487106966035404771859449166122026742572203402427614817922
1.5176775437537563369111999955526986358403223239557842061602429935502615487106966035404771859449166122026742572203402427614817922
-1.7080255276306117461130027937571922459087359934590666833786889437551559392799573794647164225544527216315908214805308667809239834
1.7080255276306117461130027937571922459087359934590666833786889437551559392799573794647164225544527216315908214805308667809239834
-1.898601251938591877101176362728794693937734875955216305028680610880063531341383681841994855243734154930419996853209595884243776
1.898601251938591877101176362728794693937734875955216305028680610880063531341383681841994855243734154930419996853209595884243776
-2.0894314113711126863943552979286051690384099170889656128530155539269421934821509958094417720417870910606338591755592525007634915
2.0894314113711126863943552979286051690384099170889656128530155539269421934821509958094417720417870910606338591755592525007634915
-2.2805431568207982059139839265258810899010695566174747710102676888759235264237635449424483545944204712451127493688849400921257288
2.2805431568207982059139839265258810899010695566174747710102676888759235264237635449424483545944204712451127493688849400921257288
-2.4719641499397407440625814822472589243675222248982855109830972637318137108385532109676486467219503096816914604615491294433572059
2.4719641499397407440625814822472589243675222248982855109830972637318137108385532109676486467219503096816914604615491294433572059
-2.6637226204951388031001657465840680866858289948447484751665449953322654190566743715132824817503859265621633133600736273145821737
2.6637226204951388031001657465840680866858289948447484751665449953322654190566743715132824817503859265621633133600736273145821737
-2.8558474268927548298688906786822851352320796467134628238956345591152321907636149521794719382649364779482723436931454656788796967
2.8558474268927548298688906786822851352320796467134628238956345591152321907636149521794719382649364779482723436931454656788796967
-3.0483681202772592087575544138427257901906077520718613426215437614292386085616235494905742746206835350476390085753675986488346231
3.0483681202772592087575544138427257901906077520718613426215437614292386085616235494905742746206835350476390085753675986488346231
-3.2413150126609421683763551574395687312580321065077826532548180313936107433801101631909381036439374714398734482515192384872391917
3.2413150126609421683763551574395687312580321065077826532548180313936107433801101631909381036439374714398734482515192384872391917
-3.4347192495813532289759001467590232496504395809115947174034141575039902539017215441725312822212104074414359858624088010393089354
3.4347192495813532289759001467590232496504395809115947174034141575039902539017215441725312822212104074414359858624088010393089354
-3.6286128878452086549648425214529834200865595281896838818963926844569685145594521711950770188542113109384222204509440472968803662
3.6286128878452086549648425214529834200865595281896838818963926844569685145594521711950770188542113109384222204509440472968803662
-3.8230289789816340564720055568301008804043265971735206566057571413877506213582028852171164801318172336119888411713656748189323823
3.8230289789816340564720055568301008804043265971735206566057571413877506213582028852171164801318172336119888411713656748189323823
-4.0180016591039699739483390560009840940391044348642547558812937112942562093661357943433510904827700289763860556960904768773678107
4.0180016591039699739483390560009840940391044348642547558812937112942562093661357943433510904827700289763860556960904768773678107
-4.2135662459677490178209368108012310560781255507660832416832031358628012971482173289586335940375307149096519174073274071656978892
4.2135662459677490178209368108012310560781255507660832416832031358628012971482173289586335940375307149096519174073274071656978892
-4.4097593441152034133963061244822784310154921440612148469575948343700955174903900641746244979358350180949834848568784848955238385
4.4097593441152034133963061244822784310154921440612148469575948343700955174903900641746244979358350180949834848568784848955238385
-4.6066189591163765660459266726610377397463092542878321074407036202346493342834873561505287168204780169502239287814579418353793567
4.6066189591163765660459266726610377397463092542878321074407036202346493342834873561505287168204780169502239287814579418353793567
-4.8041846220567348656349279124883474827457796098007960435704555151972539218693995356740627267702774885480633660760298680591224528
4.8041846220567348656349279124883474827457796098007960435704555151972539218693995356740627267702774885480633660760298680591224528
-5.0024975255849279842667455377018785192254939631366292751441246636031502560286243988429496981235743718333308462672759427463517855
5.0024975255849279842667455377018785192254939631366292751441246636031502560286243988429496981235743718333308462672759427463517855
-5.2016006730266917262344504445231799229302945678526674808989212468272379532558659687182036893588317291468493054413660310771418887
5.2016006730266917262344504445231799229302945678526674808989212468272379532558659687182036893588317291468493054413660310771418887
-5.4015390422975436229538280442516501860476625714052500166859149630843099670003507504874210761224584175367071483072234392683481322
5.4015390422975436229538280442516501860476625714052500166859149630843099670003507504874210761224584175367071483072234392683481322
-5.6023597666149248343261493916072544612634155675472699628962665459782468341525281791031998930649204583811664303173854137466808643
5.6023597666149248343261493916072544612634155675472699628962665459782468341525281791031998930649204583811664303173854137466808643
-5.8041123343284948516092158921143808227057343854614364938436719827563195615280713404308479954762563061889492977084361532532599895
5.8041123343284948516092158921143808227057343854614364938436719827563195615280713404308479954762563061889492977084361532532599895
-6.0068488105662024184586322904439425145577755493518282574938637209355709213925688580517903056951993704099162838252156173229849954
6.0068488105662024184586322904439425145577755493518282574938637209355709213925688580517903056951993704099162838252156173229849954
-6.2106240838470451653833206132711226272903323579339225380799205803954930155169257901856374825722042843727036893981993925487501065
6.2106240838470451653833206132711226272903323579339225380799205803954930155169257901856374825722042843727036893981993925487501065
-6.4154961413560558298576985441642011117004621300312321951235537878144021388948585959189309861531706846654281489735862094086225378
6.4154961413560558298576985441642011117004621300312321951235537878144021388948585959189309861531706846654281489735862094086225378
-6.6215263772344402254024790688416755947572464705716490488011451996212876117947502846686017401275947116667844091020974516416941429
6.6215263772344402254024790688416755947572464705716490488011451996212876117947502846686017401275947116667844091020974516416941429
-6.8287799390351641181659495700439280046846137784825957686862440370946073693909410842826304973213878389114278100952513267413754586
6.8287799390351641181659495700439280046846137784825957686862440370946073693909410842826304973213878389114278100952513267413754586
-7.0373261184664502317423595773113446942061655503883402570664774974810165723522958381416813909339122063196996646947018606823784459
7.0373261184664502317423595773113446942061655503883402570664774974810165723522958381416813909339122063196996646947018606823784459
-7.2472387937374050789881494388776675921739134255784916446224410884997083167766079593913387228097692163268899169220699499263928026
7.2472387937374050789881494388776675921739134255784916446224410884997083167766079593913387228097692163268899169220699499263928026
-7.4585969322894227636402455181690094929683578780621271119765188440912704041610588441980417124517347250486697032013398263406905516
7.4585969322894227636402455181690094929683578780621271119765188440912704041610588441980417124517347250486697032013398263406905516
-7.6714851645199503658777595511723730808944501890379987736631814139997822291884225291852973997185431519207224202388395732204122001
7.6714851645199503658777595511723730808944501890379987736631814139997822291884225291852973997185431519207224202388395732204122001
-7.8859944413814745110946551729888167733921497050953029221357723932278335762078573729028712081693150957124101136329014320599423271
7.8859944413814745110946551729888167733921497050953029221357723932278335762078573729028712081693150957124101136329014320599423271
-8.1022227916007068940352951835150072787667823036798627752203601700691011913946712948741873873904020042321651405881905035887806254
8.1022227916007068940352951835150072787667823036798627752203601700691011913946712948741873873904020042321651405881905035887806254
-8.3202761978883631605870587068683808814096572716651636733785678190301134385192508223192155391227701592289280550984900102043598024
8.3202761978883631605870587068683808814096572716651636733785678190301134385192508223192155391227701592289280550984900102043598024
-8.5402696161385653213810132821938488448370505037577253259717199159491500149892147353801584457181342053419560594037242541841666674
8.5402696161385653213810132821938488448370505037577253259717199159491500149892147353801584457181342053419560594037242541841666674
-8.7623281675764336815091434216682269427044431387108890893981066203349860577653494700890481577871147937405549508457515191052830664
8.7623281675764336815091434216682269427044431387108890893981066203349860577653494700890481577871147937405549508457515191052830664
-8.9865885415552978481729205033213968137605468491237402805808724976449026840271682961244361252831614851807142369299652142456519961
8.9865885415552978481729205033213968137605468491237402805808724976449026840271682961244361252831614851807142369299652142456519961
-9.2132006568631318652184503424559618179107372055718975486612906783415022645789053391505280056739498930931606087509517192761676903
9.2132006568631318652184503424559618179107372055718975486612906783415022645789053391505280056739498930931606087509517192761676903
-9.4423296428652405063309005993053413256185973731838788385274244620748559802040360564097570174146751045874446095380712041517215619
9.4423296428652405063309005993053413256185973731838788385274244620748559802040360564097570174146751045874446095380712041517215619
-9.6741582198685660027167463974613788494900034805449068099797530565307936938870927006191757981609289954352508107419751803782234738
9.6741582198685660027167463974613788494900034805449068099797530565307936938870927006191757981609289954352508107419751803782234738
-9.908889582606928500854441838777593056475660751430348634129285510666132210141151718175825209246217437940753416445101655919672323
9.908889582606928500854441838777593056475660751430348634129285510666132210141151718175825209246217437940753416445101655919672323
-10.146750924472404127879757178385282706867430844963788643570148401674848082158852779843916405751643694794248605833159421866335992
10.146750924472404127879757178385282706867430844963788643570148401674848082158852779843916405751643694794248605833159421866335992
-10.387997787201460144390450980139206265067689018966919728145144338615218856399229053391556151107551939575293808424926164053100606
10.387997787201460144390450980139206265067689018966919728145144338615218856399229053391556151107551939575293808424926164053100606
-10.632919487519736579471960186198161623487399306781858284781207709156571734449177628373416902442688877763168433398055760345812017
10.632919487519736579471960186198161623487399306781858284781207709156571734449177628373416902442688877763168433398055760345812017
-10.881845968701494416963657480697529986662443874096426801009471692369465435923092577710457489191340532072771287259218993190793063
10.881845968701494416963657480697529986662443874096426801009471692369465435923092577710457489191340532072771287259218993190793063
-11.135156567035956552152271578347298547899019159551914729127025759475426533022389070149651489522508440076776227999283954458289047
11.135156567035956552152271578347298547899019159551914729127025759475426533022389070149651489522508440076776227999283954458289047
-11.393291396981838794248726429191005857930491850053813043306693251939616826603555786886459253944178094014218526876836257212822529
11.393291396981838794248726429191005857930491850053813043306693251939616826603555786886459253944178094014218526876836257212822529
-11.656766388576511102766298620269193296429166133626615845963124881175877939412911356732989996882976427832854003852347108152976333
11.656766388576511102766298620269193296429166133626615845963124881175877939412911356732989996882976427832854003852347108152976333
-11.926193533696324022159989611831354223132622928113244779157294938660009477342155407465462065801767572767391984202123514196616186
11.926193533696324022159989611831354223132622928113244779157294938660009477342155407465462065801767572767391984202123514196616186
-12.202308753936912447924499490866593667893412589704251078219630913003902117675800715446766592728397817446093205550111403934070494
12.202308753936912447924499490866593667893412589704251078219630913003902117675800715446766592728397817446093205550111403934070494
-12.48601125638385347464989284831254794455869392673519500388532509926434468185399124483300210705546686729612039017211566430719503
12.48601125638385347464989284831254794455869392673519500388532509926434468185399124483300210705546686729612039017211566430719503
-12.778420818075579684647558992447766427299189334409885498338890800697102058986474298232482622933431289716344142466480114065341261
12.778420818075579684647558992447766427299189334409885498338890800697102058986474298232482622933431289716344142466480114065341261
-13.08096423449979023725741222551541671627741266027867609402692836238634938585662256397767062197017201137775154772281077309133072
13.08096423449979023725741222551541671627741266027867609402692836238634938585662256397767062197017201137775154772281077309133072
-13.395511650343656673957795593821999354362884584493600689430589662517118275671936815634570083929967781334422894138584365766231241
13.395511650343656673957795593821999354362884584493600689430589662517118275671936815634570083929967781334422894138584365766231241
-13.724603683931077789613868291763366283968571339681718846761480268810258516847715572871631103225772638957330176611214082982502858
13.724603683931077789613868291763366283968571339681718846761480268810258516847715572871631103225772638957330176611214082982502858
-14.071857451951349890025142129029765654786300992168672983279330003999611522071143882447257719881599613253210231777817105872604727
14.071857451951349890025142129029765654786300992168672983279330003999611522071143882447257719881599613253210231777817105872604727
-14.442764183748782103715752836237799383002672623219024860378418499308136080430249040865973250080277471765159378144564810328649643
14.442764183748782103715752836237799383002672623219024860378418499308136080430249040865973250080277471765159378144564810328649643
-14.846480104844706335409602968733423601663452831047791587716614611565083105540649012781304707627973379965231531860590469424961967
14.846480104844706335409602968733423601663452831047791587716614611565083105540649012781304707627973379965231531860590469424961967
-15.300775595780827893550128657193784984489465793513966406011999342003644864868177060619717878328387854031469149467586702499555906
15.300775595780827893550128657193784984489465793513966406011999342003644864868177060619717878328387854031469149467586702499555906
-15.852170577958367802115998215795560974396400137279350646437203449727578422959781076106834597213323969040571441006493130598881957
15.852170577958367802115998215795560974396400137279350646437203449727578422959781076106834597213323969040571441006493130598881957