0
-0.15347806389950180483091072852882822144006027262799775323058727782726408795771672786470317626827911335117741227912609257972832092
0.15347806389950180483091072852882822144006027262799775323058727782726408795771672786470317626827911335117741227912609257972832092
-0.30696475731613927862735573700796968520143845459416419123611411683676059308572213661259479613274838185251527414091592889763818617
0.30696475731613927862735573700796968520143845459416419123611411683676059308572213661259479613274838185251527414091592889763818617
-0.46046871607687196524197978621908634736049334962625790625023236102870210652552929690541656946269718874820544250998599026427558375
0.46046871607687196524197978621908634736049334962625790625023236102870210652552929690541656946269718874820544250998599026427558375
-0.61399858864177303896218766584401122739538529237794227869757724058405044296543867698502886421687882559488127531079709198750114741
0.61399858864177303896218766584401122739538529237794227869757724058405044296543867698502886421687882559488127531079709198750114741
-0.76756304245430830171184417078868111249992251471139315212901125999930056727750020934216937827429487682892901380656384443376950603
0.76756304245430830171184417078868111249992251471139315212901125999930056727750020934216937827429487682892901380656384443376950603
-0.92117077033224315384703676683974523374733084198918997292270445507176496205197650499689103660734457163534761643785431615574100155
0.92117077033224315384703676683974523374733084198918997292270445507176496205197650499689103660734457163534761643785431615574100155
-1.0748304969129903570156500070086776278721695230607810749710049988615911103574343166292584838203240413640042118484935518131832653
1.0748304969129903570156500070086776278721695230607810749710049988615911103574343166292584838203240413640042118484935518131832653
-1.2285509851674454582060720244094569192355987388962760240855293469293395504079955636282338865740212661922024833109870680105188071
1.2285509851674454582060720244094569192355987388962760240855293469293395504079955636282338865740212661922024833109870680105188071
-1.3823410429966524445005807463705574030415653575537521683516286272977393932100525695042308715069873446098515955268871648169887458
1.3823410429966524445005807463705574030415653575537521683516286272977393932100525695042308715069873446098515955268871648169887458
-1.5362095299260016891568723307199926720051584529157100685847398439595152521462329722073298921999180801818476662452448829651591604
1.5362095299260016891568723307199926720051584529157100685847398439595152521462329722073298921999180801818476662452448829651591604
-1.6901653639120881512265345156200300335690431828688983461504832844552659783482176916088679297832661950709753057449286754420000353
1.6901653639120881512265345156200300335690431828688983461504832844552659783482176916088679297832661950709753057449286754420000353
-1.8442175282778532303758611767453547419786941283213737753138528121664728905305413639783062688754208439506589973792151146247703573
1.8442175282778532303758611767453547419786941283213737753138528121664728905305413639783062688754208439506589973792151146247703573
-1.9983750787922023256907870364800701896955317382422728310217846311927899753343687827424974680066923275105502356988658376029364148
1.9983750787922023256907870364800701896955317382422728310217846311927899753343687827424974680066923275105502356988658376029364148
-2.1526471509109362554166550630980819510568025784085125755798947633794274382932169216719058144417917882986200247625685738278274834
2.1526471509109362554166550630980819510568025784085125755798947633794274382932169216719058144417917882986200247625685738278274834
-2.3070429671965631491149299798470841583628991487806008944977841851207336001946167075927556382446042457625864961779596589138895517
2.3070429671965631491149299798470841583628991487806008944977841851207336001946167075927556382446042457625864961779596589138895517
-2.4615718449353737980335917732277443990275889828616852489810007347481608232625815660046822968955418688237501824960331550382608984
2.4615718449353737980335917732277443990275889828616852489810007347481608232625815660046822968955418688237501824960331550382608984
-2.6162432039710740701088480449978335421777301131738737533759376971930049139905816983260087537207854268494347206155241836642742075
2.6162432039710740701088480449978335421777301131738737533759376971930049139905816983260087537207854268494347206155241836642742075
-2.7710665747752800174345867294548970755007220624100319551965265104700270837525687357628540489224542731661384622531031557461076249
2.7710665747752800174345867294548970755007220624100319551965265104700270837525687357628540489224542731661384622531031557461076249
-2.9260516067763027947146983988869957894608261962751539405447036959338338458714177757259278641293061766119201112247144880760053381
2.9260516067763027947146983988869957894608261962751539405447036959338338458714177757259278641293061766119201112247144880760053381
-3.0812080769688905481959144533254122817866038274598750794809367512600730139596648702182943322029681258473571789640681062705944854
3.0812080769688905481959144533254122817866038274598750794809367512600730139596648702182943322029681258473571789640681062705944854
-3.2365458988289632324324475834601839722980334054775673735361241039350440158340079836816736571172292120294538936606705664568670609
3.2365458988289632324324475834601839722980334054775673735361241039350440158340079836816736571172292120294538936606705664568670609
-3.3920751315588853283295300335196503873713048389227816993954586496080885029984617596211815670387627089550125199469534525521410004
3.3920751315588853283295300335196503873713048389227816993954586496080885029984617596211815670387627089550125199469534525521410004
-3.5478059896904835343894878453943245180336384076533207868701973637463171129423631802176674269381053819485424079541500548445292723
3.5478059896904835343894878453943245180336384076533207868701973637463171129423631802176674269381053819485424079541500548445292723
-3.7037488530748461202334897327475792223538317131522072284771250247058736626783398278754027525070508889270968383857331629676002562
3.7037488530748461202334897327475792223538317131522072284771250247058736626783398278754027525070508889270968383857331629676002562
-3.8599142772899539697509243115179456938219401690921648109309060338006234976928175772842674275237700059779336254628386353688575066
3.8599142772899539697509243115179456938219401690921648109309060338006234976928175772842674275237700059779336254628386353688575066
-4.0163130044994085916393148239679773471809542338447595972038619471151134851926891029106800603895485522009390735751847641870479149
4.0163130044994085916393148239679773471809542338447595972038619471151134851926891029106800603895485522009390735751847641870479149
-4.1729559747979599723360424889599150105772586839684657078707509274253445411792613055084687555779143144539761476230544755303370543
4.1729559747979599723360424889599150105772586839684657078707509274253445411792613055084687555779143144539761476230544755303370543
-4.3298543380822200618605588904211468690873224946176360253370266303838766425625568634192173872379856283140193280977576128321215023
4.3298543380822200618605588904211468690873224946176360253370266303838766425625568634192173872379856283140193280977576128321215023
-4.4870194664879017621311474339850471195327624619243614016345620359717557038905387295057113719587335863602186524571177820538012219
4.4870194664879017621311474339850471195327624619243614016345620359717557038905387295057113719587335863602186524571177820538012219
-4.6444629674381776370925069879186907335081707822490271046437009814925776554890643624215060566401305865388850594401136628133552889
4.6444629674381776370925069879186907335081707822490271046437009814925776554890643624215060566401305865388850594401136628133552889
-4.8021966973513400013195940878793092107367008871718869498596457539606851713987702216341034469515073362321184762005745878631902081
4.8021966973513400013195940878793092107367008871718869498596457539606851713987702216341034469515073362321184762005745878631902081
-4.9602327760599016122691325150135109804766022254052178454099151137992552680567976322239487252567160474747882818085332826852861817
4.9602327760599016122691325150135109804766022254052178454099151137992552680567976322239487252567160474747882818085332826852861817
-5.1185836019976457598606830872741668490432777890715620518764118663059415089664937229063035531848115384096267059640556746150354413
5.1185836019976457598606830872741668490432777890715620518764118663059415089664937229063035531848115384096267059640556746150354413
-5.2772618682159635032809592971417188471594748504357691578680720808763065641666993749074958396724820066573374757730914310720593415
5.2772618682159635032809592971417188471594748504357691578680720808763065641666993749074958396724820066573374757730914310720593415
-5.4362805792961578609201894970768758603815179744651091825510806963683091918660134227319254999712328006616516154922114662460217161
5.4362805792961578609201894970768758603815179744651091825510806963683091918660134227319254999712328006616516154922114662460217161
-5.5956530692303108889116379893413217262850963912716516240890663357128568951672743492522437074193627912722667156142681856251590722
5.5956530692303108889116379893413217262850963912716516240890663357128568951672743492522437074193627912722667156142681856251590722
-5.7553930203498691148653265211428737261526838307566267298817740864031517875076737887510911703426193496546230559357701146011630828
5.7553930203498691148653265211428737261526838307566267298817740864031517875076737887510911703426193496546230559357701146011630828
-5.9155144833883846847232955547301145894272513923821154471791052451158413449619806358193771583850858852758982516507365325714383159
5.9155144833883846847232955547301145894272513923821154471791052451158413449619806358193771583850858852758982516507365325714383159
-6.0760318987729439157216358949766037065669931594425129263957154115084292399844390443849063291603039537916114697961066100184544327
6.0760318987729439157216358949766037065669931594425129263957154115084292399844390443849063291603039537916114697961066100184544327
-6.236960119247824688584446374636307678313312195330580890899277938141856026518291759540681483281461707321528128614368897155333754
6.236960119247824688584446374636307678313312195330580890899277938141856026518291759540681483281461707321528128614368897155333754
-6.3983144339439671578017019334950076160156328204459823250891215700405388856513907641859363095558787253570811677814566946923581197
6.3983144339439671578017019334950076160156328204459823250891215700405388856513907641859363095558787253570811677814566946923581197
-6.5601105940190538792338436500823999881413207341581035746564783625318263310672998538308559047534838465058252272458734575912957503
6.5601105940190538792338436500823999881413207341581035746564783625318263310672998538308559047534838465058252272458734575912957503
-6.7223648400055311571845264340318316445321016842406125500634681786434725788321794276926758196474115862589418872367262593911360491
6.7223648400055311571845264340318316445321016842406125500634681786434725788321794276926758196474115862589418872367262593911360491
-6.8850939310179423444345549013323724719293867997671185748453686262702885694707301282205465133177447007513389618135725469823967653
6.8850939310179423444345549013323724719293867997671185748453686262702885694707301282205465133177447007513389618135725469823967653
-7.0483151759866928089042864275933610249433628614367182548697291297146330776590402492295697095741562331993119825277767056084706391
7.0483151759866928089042864275933610249433628614367182548697291297146330776590402492295697095741562331993119825277767056084706391
-7.2120464671030646097276262313822716492967388971163427051306113197766607313594515953415296266028733917394889775663495584989621672
7.2120464671030646097276262313822716492967388971163427051306113197766607313594515953415296266028733917394889775663495584989621672
-7.3763063156802241198698875786668072849362427515862063084201622844044560879083322213746845535230954304836655243791511027848824231
7.3763063156802241198698875786668072849362427515862063084201622844044560879083322213746845535230954304836655243791511027848824231
-7.5411138906574404916690671410930804269567011524157444950032111131060810863156796639420861736769509962910508101716759851136637782
7.5411138906574404916690671410930804269567011524157444950032111131060810863156796639420861736769509962910508101716759851136637782
-7.7064890600001329136306427400576986959146497758268019923505436999089945845247522790027973042371585883486780664379599597025948485
7.7064890600001329136306427400576986959146497758268019923505436999089945845247522790027973042371585883486780664379599597025948485
-7.8724524352771292358043279186984649133284484532618123711852853049632928287892487243449358196139539178434090965950471565270493546
7.8724524352771292358043279186984649133284484532618123711852853049632928287892487243449358196139539178434090965950471565270493546
-8.0390254197291621809557571390504591457792564549729948130367943428213443508359582138482325218290241040866599612695460341103314752
8.0390254197291621809557571390504591457792564549729948130367943428213443508359582138482325218290241040866599612695460341103314752
-8.2062302601797562261905235883338685308325099462591500061716898108164122305361225374279810059854977738070609712760789750905296303
8.2062302601797562261905235883338685308325099462591500061716898108164122305361225374279810059854977738070609712760789750905296303
-8.3740901031819800045691253420724255794017383354660239006091305184310017479596421391140218905202012755087582954437383614716737309
8.3740901031819800045691253420724255794017383354660239006091305184310017479596421391140218905202012755087582954437383614716737309
-8.5426290558428964201018409730441598821133130743762987654834706922987366284352053476845560396733954774654749689477874758305672331
8.5426290558428964201018409730441598821133130743762987654834706922987366284352053476845560396733954774654749689477874758305672331
-8.7118722518229316813458602874999446986926999062465702247558800821947981164486371606477131748635286743651556110301474302467869798
8.7118722518229316813458602874999446986926999062465702247558800821947981164486371606477131748635286743651556110301474302467869798
-8.88184592307098907322535062888592894332851212374448448432088021461654858597954215025459045768009468292290923574385444388113478
8.88184592307098907322535062888592894332851212374448448432088021461654858597954215025459045768009468292290923574385444388113478
-9.0525774779293653001589299802696811716647181106341811941504426164751882073187981141890365713540207510423626064761917218033206608
9.0525774779293653001589299802696811716647181106341811941504426164751882073187981141890365713540207510423626064761917218033206608
-9.2240955863270758661105407565760389156203917415650901874271020537233335381382123474962566258545725453621737574233669368757929257
9.2240955863270758661105407565760389156203917415650901874271020537233335381382123474962566258545725453621737574233669368757929257
-9.396430272878089489826526625360368663422600185523050829289031377320546363178948406341012733407419917624455225081430956710202044
9.396430272878089489826526625360368663422600185523050829289031377320546363178948406341012733407419917624455225081430956710202044
-9.5696130188146543138578740460193235733767248741497329746665740781603791107082883738653965338948299597072076994889294486315702734
9.5696130188146543138578740460193235733767248741497329746665740781603791107082883738653965338948299597072076994889294486315702734
-9.7436768738183276133695441371090337494794015812940744926526790013296690340012668574157753023073470739963981539630398485933156035
9.7436768738183276133695441371090337494794015812940744926526790013296690340012668574157753023073470739963981539630398485933156035
-9.9186565789660871758895022205218956211897771753967938381515293532940421411215938758388633074424601817957354941915057455964453383
9.9186565789660871758895022205218956211897771753967938381515293532940421411215938758388633074424601817957354941915057455964453383
-10.09458870219038639779459717739318819537743096295826882456252657747919842170472607683036320462554668422384707777339358046857487
10.09458870219038639779459717739318819537743096295826882456252657747919842170472607683036320462554668422384707777339358046857487
-10.271511787865581159108097762024033189773543088223705892144516971294468780597621288952614336809069457924248653431436894496490063
10.271511787865581159108097762024033189773543088223705892144516971294468780597621288952614336809069457924248653431436894496490063
-10.449466522385405444695957718682536055251936093961504621347805868275544323870910167053039456369890017738291227246241661293541931
10.449466522385405444695957718682536055251936093961504621347805868275544323870910167053039456369890017738291227246241661293541931
-10.628495917895264453658055464188806307578016142117715332957982047527947909587876073864226549509789489214791716949731337641691934
10.628495917895264453658055464188806307578016142117715332957982047527947909587876073864226549509789489214791716949731337641691934
-10.808645516699186083420805543470823480256433167451361592330827005289404096376606417232346799489069187762987129545947589164259599
10.808645516699186083420805543470823480256433167451361592330827005289404096376606417232346799489069187762987129545947589164259599
-10.98996361928698386855380974077115860578952113752500269658637796934573543464558159397307838986269406409004642223964070477062941
10.98996361928698386855380974077115860578952113752500269658637796934573543464558159397307838986269406409004642223964070477062941
-11.172501539438432205095120640054912728868753725049454865671814282570733982388737913746872447957521543878123272904860227311474354
11.172501539438432205095120640054912728868753725049454865671814282570733982388737913746872447957521543878123272904860227311474354
-11.356313890478110680965617989235778706570290549326469083512317096885553634393365350138077232790284224028827604749533257559610906
11.356313890478110680965617989235778706570290549326469083512317096885553634393365350138077232790284224028827604749533257559610906
-11.54145890750253878160720616196897301765858371773749214308391998496798871454907022694175388259331653665945249943207398723547163
11.54145890750253878160720616196897301765858371773749214308391998496798871454907022694175388259331653665945249943207398723547163
-11.727998811312895974453075148421769252388998031154722617053232150906592838492308213218778560742460153345207470186917195768311593
11.727998811312895974453075148421769252388998031154722617053232150906592838492308213218778560742460153345207470186917195768311593
-11.916000220903962689983529398307704951635377896183019567372441625247147307024531688140993708197766363552217842741752604801805362
11.916000220903962689983529398307704951635377896183019567372441625247147307024531688140993708197766363552217842741752604801805362
-12.105534622737306293976395695329107958204693856912312543786879478789921269751708387018514695896112870629545831699773129064587928
12.105534622737306293976395695329107958204693856912312543786879478789921269751708387018514695896112870629545831699773129064587928
-12.296678906735183736911255334506562880390241116299224247643360391657337829649179104754540392313864015755120233934601060025862219
12.296678906735183736911255334506562880390241116299224247643360391657337829649179104754540392313864015755120233934601060025862219
-12.489515981064600102342659766075120884253185503289856573058930799373654211505823492255819035912963077620454480180104207158541868
12.489515981064600102342659766075120884253185503289856573058930799373654211505823492255819035912963077620454480180104207158541868
-12.68413548046249341441733572006549735900965339811402731701994374781288232222185962146522003007069253156044832414069336614259288
12.68413548046249341441733572006549735900965339811402731701994374781288232222185962146522003007069253156044832414069336614259288
-12.880634586249218509486715276131270457423113396772256230067576125195242619983712226099255900090377347482464723409641214884784529
12.880634586249218509486715276131270457423113396772256230067576125195242619983712226099255900090377347482464723409641214884784529
-13.079118980512935123937797612495410921374047960922479445054031090896162245789903622961853111760088347413104739894161377170235179
13.079118980512935123937797612495410921374047960922479445054031090896162245789903622961853111760088347413104739894161377170235179
-13.279703962528839740136718573078246566990775480082826056826569972812644273010692243428875793143315286143902701764837548654691114
13.279703962528839740136718573078246566990775480082826056826569972812644273010692243428875793143315286143902701764837548654691114
-13.482515762727800279772242415573792649269356652056437480604127885982247991088878822704037232769234741872133283187793232723519379
13.482515762727800279772242415573792649269356652056437480604127885982247991088878822704037232769234741872133283187793232723519379
-13.687693099040216685984962841192466248431770127465994042594352661148976024874310488434913286865594787292783665625034929820519663
13.687693099040216685984962841192466248431770127465994042594352661148976024874310488434913286865594787292783665625034929820519663
-13.895389033049233954353239619953072297032231334426909378401029774604108249123547761271990232947450235594856966802091825042094296
13.895389033049233954353239619953072297032231334426909378401029774604108249123547761271990232947450235594856966802091825042094296
-14.105773200291844152246227925173639281411862803438784362175392353331321664801784007767310075730111831266528692882306760236034621
14.105773200291844152246227925173639281411862803438784362175392353331321664801784007767310075730111831266528692882306760236034621
-14.319034511991266815653822024677727879856514407322767350762016614418893963095001584158005105950534032105308355768107515568932671
14.319034511991266815653822024677727879856514407322767350762016614418893963095001584158005105950534032105308355768107515568932671
-14.535384457067502563741470897651676803036011839469613299364172189050398000060901389043180723237542680798687409249065816330282755
14.535384457067502563741470897651676803036011839469613299364172189050398000060901389043180723237542680798687409249065816330282755
-14.755061177332403549944894613019424127355716096477499664670612199968584373278879220896791794974335427353655701977100603323142366
14.755061177332403549944894613019424127355716096477499664670612199968584373278879220896791794974335427353655701977100603323142366
-14.978334551273518833069767751023079629936601190581538317931205542984912782953659307875752131647205350995722780970225685208305219
14.978334551273518833069767751023079629936601190581538317931205542984912782953659307875752131647205350995722780970225685208305219
-15.205512612066933427529612943748900605085143814007401390813570381407470096421089180390383415041541704475453871964337789636575567
15.205512612066933427529612943748900605085143814007401390813570381407470096421089180390383415041541704475453871964337789636575567
-15.436949758325379149967899804251740022082705647920481524414798681422114311812966026525735322649509137866908291251165720574792556
15.436949758325379149967899804251740022082705647920481524414798681422114311812966026525735322649509137866908291251165720574792556
-15.673057416049546901606613647939137802050534669837892207106430767119696974011227077595472602623465235950526351538546251142082191
15.673057416049546901606613647939137802050534669837892207106430767119696974011227077595472602623465235950526351538546251142082191
-15.914318118666932752052149556775764522731817595739482754951646180825827785603651014175272390278108903606704217735783173559107539
15.914318118666932752052149556775764522731817595739482754951646180825827785603651014175272390278108903606704217735783173559107539
-16.161304461119340748662444752713271801472390639235594060138451832774925472104673108503035147698305874342440152129499502891874692
16.161304461119340748662444752713271801472390639235594060138451832774925472104673108503035147698305874342440152129499502891874692
-16.41470518444707655735798856958670926212190520928764030262523085459872366785243950872525335087946722078734109546182240654034807
16.41470518444707655735798856958670926212190520928764030262523085459872366785243950872525335087946722078734109546182240654034807
-16.675362006100048080769991422430705489065197748379989135289458588931779346244069116575173207913550795395089305882353008750589631
16.675362006100048080769991422430705489065197748379989135289458588931779346244069116575173207913550795395089305882353008750589631
-16.94432321763041457025265055954276187930610670340792585196575355038911482872314221486903713084248170800824657365924232311501201
16.94432321763041457025265055954276187930610670340792585196575355038911482872314221486903713084248170800824657365924232311501201
-17.222924552254758528940615641442472400489953981953702766350336032736872057868401273419531370197826315994755019954153956249188939
17.222924552254758528940615641442472400489953981953702766350336032736872057868401273419531370197826315994755019954153956249188939
-17.512916685880949711870650315911544218965232150791544707218134235949271766449236068927435274551890074690839090519611563264073504
17.512916685880949711870650315911544218965232150791544707218134235949271766449236068927435274551890074690839090519611563264073504
-17.816677601496245323595902868617938281843366828495418096369873960628473792470247276251423113937392232078981122652735369108320032
17.816677601496245323595902868617938281843366828495418096369873960628473792470247276251423113937392232078981122652735369108320032
-18.137592133734430991359687793972300076803172170859521866008492218048698132541083244000013952551647769400688122177336870855409431
18.137592133734430991359687793972300076803172170859521866008492218048698132541083244000013952551647769400688122177336870855409431
-18.480797368763801791617638627566385233979500685775699606969121697717664109678004383983405700410346904610801059162056520299371381
18.480797368763801791617638627566385233979500685775699606969121697717664109678004383983405700410346904610801059162056520299371381
-18.854855821903851793123832927135123270727473038576914116563816841530318064879954328982446569414251879938472424794787922402594426
18.854855821903851793123832927135123270727473038576914116563816841530318064879954328982446569414251879938472424794787922402594426
-19.276377907637249411074326137085506145236494922380417962594354279228050294448788298784888466326798834471487143862181192516638536
19.276377907637249411074326137085506145236494922380417962594354279228050294448788298784888466326798834471487143862181192516638536
-19.788821827293247573674223447587207522312772856148697195089365889944031821535623105977702863496185009274042271785029141274472126
19.788821827293247573674223447587207522312772856148697195089365889944031821535623105977702863496185009274042271785029141274472126