0
-0.15572427777815189640470258828297708268537141504477302856276849751001835665686740166697994899773432274059630650971551145526404851
0.15572427777815189640470258828297708268537141504477302856276849751001835665686740166697994899773432274059630650971551145526404851
-0.31145783538233700857923773471026642785727844056249527727792180271377787142266953248526711625636636426941905617559917699787189588
0.31145783538233700857923773471026642785727844056249527727792180271377787142266953248526711625636636426941905617559917699787189588
-0.46720995983014202391269529404861376428070134150762360860346991829719185368904568721520747139506276399015227759849125157352813827
0.46720995983014202391269529404861376428070134150762360860346991829719185368904568721520747139506276399015227759849125157352813827
-0.62298995253852751602874077670977804333506363142397815648724204405107215505150818615708271110804747295628712281893547936856918156
0.62298995253852751602874077670977804333506363142397815648724204405107215505150818615708271110804747295628712281893547936856918156
-0.77880713656425584483197434519963154977963951379234724489374138424581130761457366825245219099584519171441432662268634857019079768
0.77880713656425584483197434519963154977963951379234724489374138424581130761457366825245219099584519171441432662268634857019079768
-0.9346708638934148401547024729526996759300089477090134708047586753993292472892396523794573468453858530942745664892742839787113878
0.9346708638934148401547024729526996759300089477090134708047586753993292472892396523794573468453858530942745664892742839787113878
-1.0905905227967485992595150097732970165882796358013689400892546468577964719059622050462286876997438971279934553141167953638259758
1.0905905227967485992595150097732970165882796358013689400892546468577964719059622050462286876997438971279934553141167953638259758
-1.2465755452678067329340621303131852769565927867677729228076568005985042884061128327816211775231442675555168590133514784708608567
1.2465755452678067329340621303131852769565927867677729228076568005985042884061128327816211775231442675555168590133514784708608567
-1.4026354145613026632583136124536848805086699652869715202501004593547141191442968838754716117815839708358944699344408574304406191
1.4026354145613026632583136124536848805086699652869715202501004593547141191442968838754716117815839708358944699344408574304406191
-1.5587796728495330216242149548821184688375861760141994838380193455431164258128365281220684375308988969103794597933846900073520054
1.5587796728495330216242149548821184688375861760141994838380193455431164258128365281220684375308988969103794597933846900073520054
-1.7150179290152573871524347735602028901656436667979734850076776368022123482828649547004948765170935667361884188365212612273831669
1.7150179290152573871524347735602028901656436667979734850076776368022123482828649547004948765170935667361884188365212612273831669
-1.8713598666000748095418711982331418098080542272466928186128804201618134681528996884814132221929135947528681209378573920769652992
1.8713598666000748095418711982331418098080542272466928186128804201618134681528996884814132221929135947528681209378573920769652992
-2.027815251928065790584620982775890828663669789938178060298633193556370187003209524986920779070974812179935041956897339402760742
2.027815251928065790584620982775890828663669789938178060298633193556370187003209524986920779070974812179935041956897339402760742
-2.1843939424253014766202954381526440678945659236449368959609822839740377759606488411368038976533421700429239461162832055118317091
2.1843939424253014766202954381526440678945659236449368959609822839740377759606488411368038976533421700429239461162832055118317091
-2.3411058951567624395072854403118014131779773685352989715447100507906332371486219063291776848378486594253502798704234134455292827
2.3411058951567624395072854403118014131779773685352989715447100507906332371486219063291776848378486594253502798704234134455292827
-2.4979611756032652555622223538610116755158589017149516564009928834325566701222355687334313502990479416026026186605710713337327486
2.4979611756032652555622223538610116755158589017149516564009928834325566701222355687334313502990479416026026186605710713337327486
-2.6549699667021748446791457221080693000422904483228443615042639943591553827693828700112064958191656055784853561960662921690741041
2.6549699667021748446791457221080693000422904483228443615042639943591553827693828700112064958191656055784853561960662921690741041
-2.8121425781769940847243586485157933110208647803530842998768730945702173825862795380733486105387720500014317827158470092492365775
2.8121425781769940847243586485157933110208647803530842998768730945702173825862795380733486105387720500014317827158470092492365775
-2.96948945618238074014736481615878022866151918122394219644005678275336420371124695344869276606709500242338359757856473394128395
2.96948945618238074014736481615878022866151918122394219644005678275336420371124695344869276606709500242338359757856473394128395
-3.1270211932927578467466017769013261769975437057587903352264003880140547920768033875068822902212358209964394194840561919665236112
3.1270211932927578467466017769013261769975437057587903352264003880140547920768033875068822902212358209964394194840561919665236112
-3.2847485388644715897934038803208343151938565724662079075181821016714180574838750531296748842108028947958072833809228221314031718
3.2847485388644715897934038803208343151938565724662079075181821016714180574838750531296748842108028947958072833809228221314031718
-3.4426824098034264108267059839548559771963588953851867168942576929867026470093337946997019474608390807098455737707541411620737239
3.4426824098034264108267059839548559771963588953851867168942576929867026470093337946997019474608390807098455737707541411620737239
-3.6008339017723086086992749267998555638118197841207770818730782611791248562066799881620642684705890502043486876653075830391944065
3.6008339017723086086992749267998555638118197841207770818730782611791248562066799881620642684705890502043486876653075830391944065
-3.7592143008739173653192443990824046568739774195701803998985705527452482797043876211737639339167104961834004960491428593417113613
3.7592143008739173653192443990824046568739774195701803998985705527452482797043876211737639339167104961834004960491428593417113613
-3.91783509584977879419734647628051440648407421580596560402145799273905271989314360574956494746582550435405324634296830210825045
3.91783509584977879419734647628051440648407421580596560402145799273905271989314360574956494746582550435405324634296830210825045
-4.076707990836150051352061894426519540031045242087373987512941561754455207606597784340070480379453395619256352627805003613354758
4.076707990836150051352061894426519540031045242087373987512941561754455207606597784340070480379453395619256352627805003613354758
-4.2358449187227558255522698619356505150781744481251402806317584902109618013547711086633311066886461764204987664961237654324308759
4.2358449187227558255522698619356505150781744481251402806317584902109618013547711086633311066886461764204987664961237654324308759
-4.3952580551631714401417854951848678701049038408320531601990817222232732501967413443504792716842481599776041993827089065399363448
4.3952580551631714401417854951848678701049038408320531601990817222232732501967413443504792716842481599776041993827089065399363448
-4.554959833289712411595716257604137862216247293570302910606325266082725124714196048861451486984309775650646034307178340768704949
4.554959833289712411595716257604137862216247293570302910606325266082725124714196048861451486984309775650646034307178340768704949
-4.7149629591900515382999093060959121455235362975313902279625341065385989503436555256733273634108138846298642105033984816346829674
4.7149629591900515382999093060959121455235362975313902279625341065385989503436555256733273634108138846298642105033984816346829674
-4.8752804282076089084158124228071203728288531485138848101399688963036059504393483853766497450111095241675666109783889068951208582
4.8752804282076089084158124228071203728288531485138848101399688963036059504393483853766497450111095241675666109783889068951208582
-5.0359255421331014517576610492502733112192380194308120316471029367709225101827743278866629611655651015247308640569607103412321212
5.0359255421331014517576610492502733112192380194308120316471029367709225101827743278866629611655651015247308640569607103412321212
-5.1969119273605579537425209976177396457531146033501956822673462273939356420549757204218256485456318313486909137445920037403768125
5.1969119273605579537425209976177396457531146033501956822673462273939356420549757204218256485456318313486909137445920037403768125
-5.3582535540876723355628647427588338049105272951923868979818910756281611148327676460826721902857455715651429842426776537760207378
5.3582535540876723355628647427588338049105272951923868979818910756281611148327676460826721902857455715651429842426776537760207378
-5.5199647566476617006210043327910604795002862176947199374564225903672667078422433908145861258601230933334460892301121810484778368
5.5199647566476617006210043327910604795002862176947199374564225903672667078422433908145861258601230933334460892301121810484778368
-5.6820602550679065510609965724023397109454829562980633727569218322631360765227368900938712190213780918828996362582739027481584979
5.6820602550679065510609965724023397109454829562980633727569218322631360765227368900938712190213780918828996362582739027481584979
-5.8445551779596820296361813839206359694536576554731487812678387038761436672247885714386714259824108539544680595686817085899755027
5.8445551779596820296361813839206359694536576554731487812678387038761436672247885714386714259824108539544680595686817085899755027
-6.0074650868533593925031362988737436099756691082636505430891292461869495146111427010367518246745705593816654260065278737570683447
6.0074650868533593925031362988737436099756691082636505430891292461869495146111427010367518246745705593816654260065278737570683447
-6.170806002104701970717732645776952928221056886946902601974349309197312140880486447926624605029785400653827684143251609041260486
6.170806002104701970717732645776952928221056886946902601974349309197312140880486447926624605029785400653827684143251609041260486
-6.3345944305104557693377084474137955557819034580347522604438546865689837707580661863780634681998674283983029649661166959822633648
6.3345944305104557693377084474137955557819034580347522604438546865689837707580661863780634681998674283983029649661166959822633648
-6.498847394785521468708256394359337139408367109482384724241716662600720649008953303022107402678411454695735283552523554043544436
6.498847394785521468708256394359337139408367109482384724241716662600720649008953303022107402678411454695735283552523554043544436
-6.663582465069799620971052260122808045939243963289789709548480009109447592245806112362476526418219624011690234642344203212672872
6.663582465069799620971052260122808045939243963289789709548480009109447592245806112362476526418219624011690234642344203212672872
-6.8288177926505645936636882650331696456253277337995438473710801104392178612379666465642196435464806464515063114574207545169947889
6.8288177926505645936636882650331696456253277337995438473710801104392178612379666465642196435464806464515063114574207545169947889
-6.9945721461062240103757547607808642355162028903227075090586235153783258888186920221274468360339894487783056924413470291333308811
6.9945721461062240103757547607808642355162028903227075090586235153783258888186920221274468360339894487783056924413470291333308811
-7.1608649500998830739943051478574739819705040451753863164231671454994730163864243198963631626321950175157858385740037831294441309
7.1608649500998830739943051478574739819705040451753863164231671454994730163864243198963631626321950175157858385740037831294441309
-7.3277163270766348003682063733477634957261641689974366611245863661052077682670429914382961137190370390942551398585356649835638932
7.3277163270766348003682063733477634957261641689974366611245863661052077682670429914382961137190370390942551398585356649835638932
-7.4951471421473789526604398444122298025645246211652767951962028420020901916652378973919456806690665508533289858791331471383034265
7.4951471421473789526604398444122298025645246211652767951962028420020901916652378973919456806690665508533289858791331471383034265
-7.6631790514747510538378630009055829498467858264441098521574390865179837010583554570311952115527961261614098414109708527321079227
7.6631790514747510538378630009055829498467858264441098521574390865179837010583554570311952115527961261614098414109708527321079227
-7.8318345545140251614445774825892105168711023817657501968468799792227686826680964960168001820457989826492914310619849602398499848
7.8318345545140251614445774825892105168711023817657501968468799792227686826680964960168001820457989826492914310619849602398499848
-8.0011370505043549502798559810455246017307919480157411889786810313227071202502926948608127165595712810673243240096380522321529282
8.0011370505043549502798559810455246017307919480157411889786810313227071202502926948608127165595712810673243240096380522321529282
-8.1711108996542814967188924822571622310503331326232653838520840224388388996875726504878780906748722485006044939831418170954259249
8.1711108996542814967188924822571622310503331326232653838520840224388388996875726504878780906748722485006044939831418170954259249
-8.3417814895210635371891554417838274539551399469423965055336797382818677982766879031561627057050159241264173125613030447578605856
8.3417814895210635371891554417838274539551399469423965055336797382818677982766879031561627057050159241264173125613030447578605856
-8.5131753071472661242943957265978729263091872445251886887580136528379943469036206253409939059401904185662137935248054662784109443
8.5131753071472661242943957265978729263091872445251886887580136528379943469036206253409939059401904185662137935248054662784109443
-8.6853200175915946645901956913838049995361251079449437241381772962541917406703769052747500728180784514848806762203893321924761593
8.6853200175915946645901956913838049995361251079449437241381772962541917406703769052747500728180784514848806762203893321924761593
-8.8582445495758801122638107981006043851344354436717436227828550351034800883898633387878793940686299550503575928940284373986953202
8.8582445495758801122638107981006043851344354436717436227828550351034800883898633387878793940686299550503575928940284373986953202
-9.0319791890684450343120061168121965924268082645916071316047411387491431278901857014855691146310788010901984693549412476255467478
9.0319791890684450343120061168121965924268082645916071316047411387491431278901857014855691146310788010901984693549412476255467478
-9.2065556817382647141921065592395580150523110968199557071925212460734954350200831691324200196074105388207857215946306526168715638
9.2065556817382647141921065592395580150523110968199557071925212460734954350200831691324200196074105388207857215946306526168715638
-9.3820073453473527448789172924237819440707075595155221357519656991888884176614035114973204228046014524738381436665887892430382271
9.3820073453473527448789172924237819440707075595155221357519656991888884176614035114973204228046014524738381436665887892430382271
-9.5583691933042542604119715729578150887496044651454912113379938087088118483030273508514299280209211269062545982959360038366437625
9.5583691933042542604119715729578150887496044651454912113379938087088118483030273508514299280209211269062545982959360038366437625
-9.7356780707838218026561457083007505894599512781521246637757897408497446716064467342280867375843206999417421730668489651697400591
9.7356780707838218026561457083007505894599512781521246637757897408497446716064467342280867375843206999417421730668489651697400591
-9.9139728050329678829417107301314505824169457964747330244854043368160935561853620618895391566539985699836522881953323172191130011
9.9139728050329678829417107301314505824169457964747330244854043368160935561853620618895391566539985699836522881953323172191130011
-10.093294371735465301129475735243061591418013757962503412436076309182603131636586129972007068483140617315518416753627046382865206
10.093294371735465301129475735243061591418013757962503412436076309182603131636586129972007068483140617315518416753627046382865206
-10.273686079609298301191841720061033981449364973737673756903572840578079237458814919357057829345609565381724123378731341546498488
10.273686079609298301191841720061033981449364973737673756903572840578079237458814919357057829345609565381724123378731341546498488
-10.455193775767738314846004226077826270927980675423676840062689656675330818586068325806115419107999704182172174743652179748637032
10.455193775767738314846004226077826270927980675423676840062689656675330818586068325806115419107999704182172174743652179748637032
-10.637866074802944731283561562843451138318334665150570258080794052951760248487370064333691073153772829459484360086890120616595973
10.637866074802944731283561562843451138318334665150570258080794052951760248487370064333691073153772829459484360086890120616595973
-10.821754615064441842050571967887891156819553561817791871518200363053206287369273598285189474292539947481545047572452933930502713
10.821754615064441842050571967887891156819553561817791871518200363053206287369273598285189474292539947481545047572452933930502713
-11.006914346224462181057473846984570121713854038282991439935168842522985219227098698803278139837728651170459411197440760170533498
11.006914346224462181057473846984570121713854038282991439935168842522985219227098698803278139837728651170459411197440760170533498
-11.193403852973490692157023974108230691210117720856859218757860297537158111421884829235870583869182688210362039503191424624467108
11.193403852973490692157023974108230691210117720856859218757860297537158111421884829235870583869182688210362039503191424624467108
-11.381285720605143517850543369064719339067084722967258821031050915441892340067247655981349825812253642604477528718697082039795713
11.381285720605143517850543369064719339067084722967258821031050915441892340067247655981349825812253642604477528718697082039795713
-11.57062694937191941017480351881385896234868061048956553508129918161487397761160146746692937411185040190363507823764361684689539
11.57062694937191941017480351881385896234868061048956553508129918161487397761160146746692937411185040190363507823764361684689539
-11.761499425877001489686255402149288155119468602076610273806637217482774011811437917377605427389299392435630519015130835905506521
11.761499425877001489686255402149288155119468602076610273806637217482774011811437917377605427389299392435630519015130835905506521
-11.953980461483499279985801119882353217336164323199836451008218086740140441235676387677818667286300978832009431447836501403950188
11.953980461483499279985801119882353217336164323199836451008218086740140441235676387677818667286300978832009431447836501403950188
-12.14815340986519610177531572488766755075207016387022872276908176156177384012175496738208403091470477674952833028101532910095662
12.14815340986519610177531572488766755075207016387022872276908176156177384012175496738208403091470477674952833028101532910095662
-12.344108378516619422368540483427340100896585305968574398617137831021806454677787566342589309378309776735276207543820697146443388
12.344108378516619422368540483427340100896585305968574398617137831021806454677787566342589309378309776735276207543820697146443388
-12.541943052451954471834459024132673916081575907896409436480588694897978648465971496607038890721272619692425824479943565287138147
12.541943052451954471834459024132673916081575907896409436480588694897978648465971496607038890721272619692425824479943565287138147
-12.741763652677568512332743024829289833428609929658054937264981665984621913934860712473338551695588624583847661353025866907432485
12.741763652677568512332743024829289833428609929658054937264981665984621913934860712473338551695588624583847661353025866907432485
-12.943686057629792574494154641188984566724437346962218133410525312365535417253733928689551119023743547052136909865855645765681363
12.943686057629792574494154641188984566724437346962218133410525312365535417253733928689551119023743547052136909865855645765681363
-13.147837123053459318835104920121114703696914606047013541469005299526456161797284146985258327063506800377903345312171727887311417
13.147837123053459318835104920121114703696914606047013541469005299526456161797284146985258327063506800377903345312171727887311417
-13.354356245351615754403396029015749170125652506371669522838454084340541842238088394835416609611680721647982190659998426673681428
13.354356245351615754403396029015749170125652506371669522838454084340541842238088394835416609611680721647982190659998426673681428
-13.563397226103088090509426836260355217291124364959711055764537952418636749437870587903523231105662687994862744447086188519263666
13.563397226103088090509426836260355217291124364959711055764537952418636749437870587903523231105662687994862744447086188519263666
-13.775130512426801929193457582599272831222690923878466610449034660144583833988669187737028779459129460967201388953121270338691165
13.775130512426801929193457582599272831222690923878466610449034660144583833988669187737028779459129460967201388953121270338691165
-13.989745910922391891260227470186584363496966012086244176417108042822941734348793525060709154847769080307317995244544608154741993
13.989745910922391891260227470186584363496966012086244176417108042822941734348793525060709154847769080307317995244544608154741993
-14.207455904625868960922663441265705132576967532838596520412661415909511212702778949574408941607321587915749233461497326238387946
14.207455904625868960922663441265705132576967532838596520412661415909511212702778949574408941607321587915749233461497326238387946
-14.42849974668229388602981768430455359684160514153162668083149901486786382989723743438699044375992468651819576469391222604971436
14.42849974668229388602981768430455359684160514153162668083149901486786382989723743438699044375992468651819576469391222604971436
-14.653148567224755380488236251505112069579031946911159142091800375732932194973810160548274634519199649781473691780488413772227374
14.653148567224755380488236251505112069579031946911159142091800375732932194973810160548274634519199649781473691780488413772227374
-14.881711820603460589748242245792175285351264869618127428851077510562145461634598235422001031618360533840918113389071241150746153
14.881711820603460589748242245792175285351264869618127428851077510562145461634598235422001031618360533840918113389071241150746153
-15.114545533592066876757363348518446659199466571622921488070299703081198433760161512871816430723187545513551539041433089712987103
15.114545533592066876757363348518446659199466571622921488070299703081198433760161512871816430723187545513551539041433089712987103
-15.352063016090510155564308273156391235239123794784015741959372714634130208708295617744354516648444760383883852082468230668892676
15.352063016090510155564308273156391235239123794784015741959372714634130208708295617744354516648444760383883852082468230668892676
-15.594749005697497090260377550475289729464209671269479758675230816697571964179107379201627377301595314404917929340846287102355757
15.594749005697497090260377550475289729464209671269479758675230816697571964179107379201627377301595314404917929340846287102355757
-15.843178708886008695551402062224199057304053238371684185216187827067781081391917489855899240577410263994478885301051070839882396
15.843178708886008695551402062224199057304053238371684185216187827067781081391917489855899240577410263994478885301051070839882396
-16.098044005745788318874058079952906327963005245146566335004646000573893175758903122316833833863243773991760471880815164223900894
16.098044005745788318874058079952906327963005245146566335004646000573893175758903122316833833863243773991760471880815164223900894
-16.360190450404887643440613081820444762231864072398188266048371224626723678048567010332002247977948516378759131375475972223175316
16.360190450404887643440613081820444762231864072398188266048371224626723678048567010332002247977948516378759131375475972223175316
-16.630671116961228555573863766008726811763312685241068239231926847599861754818345490194065177852202670355541459063578962601626301
16.630671116961228555573863766008726811763312685241068239231926847599861754818345490194065177852202670355541459063578962601626301
-16.910827842658029231628914402682467390448943461414531577097957080648358462088769227826482096956432951606293123307995948056891347
16.910827842658029231628914402682467390448943461414531577097957080648358462088769227826482096956432951606293123307995948056891347
-17.202419322889896798770235721394221338548239409676404594040438213842763283457856422618018013908490177216045978358020369432174723
17.202419322889896798770235721394221338548239409676404594040438213842763283457856422618018013908490177216045978358020369432174723
-17.507834467984509625434712193914375889348522949721085024572910579310716336081245904232055602728313030710766192778526342546979266
17.507834467984509625434712193914375889348522949721085024572910579310716336081245904232055602728313030710766192778526342546979266
-17.830473727160726775258127045449726270463525341933262263223835230074033423762733246556632114070319456767652130372883869683378788
17.830473727160726775258127045449726270463525341933262263223835230074033423762733246556632114070319456767652130372883869683378788
-18.175497994949073180413846383751145426966058952337103319501229478718574606328535869730184451682765436220374002273834022779505773
18.175497994949073180413846383751145426966058952337103319501229478718574606328535869730184451682765436220374002273834022779505773
-18.551509688365802096916749127569304075356461645615295547868267114014681012903723698996137038459392119644508528931979914299745948
18.551509688365802096916749127569304075356461645615295547868267114014681012903723698996137038459392119644508528931979914299745948
-18.975197126352176642903856221016421477491556796165917282027223510603703566225701931599854860950437245153376247196389947604620755
18.975197126352176642903856221016421477491556796165917282027223510603703566225701931599854860950437245153376247196389947604620755
-19.490223911980854329321498696908110112306313463961818586417449407181328989000754408517905564895785804089975794319920516639060691
19.490223911980854329321498696908110112306313463961818586417449407181328989000754408517905564895785804089975794319920516639060691