0
-0.19226611037913859334858017820611867121652217381649428158091616396798192782783617446700580814230588499742604844223922051591306906
0.19226611037913859334858017820611867121652217381649428158091616396798192782783617446700580814230588499742604844223922051591306906
-0.3845588493772146148742712274914558069734737995442081532728509333772312384265741509041210102586813793356794583693498268638391839
0.3845588493772146148742712274914558069734737995442081532728509333772312384265741509041210102586813793356794583693498268638391839
-0.57690489359762545945961477766707171015891260385218231293854582575278206411414961561460918974184404338685781041830222750532106542
0.57690489359762545945961477766707171015891260385218231293854582575278206411414961561460918974184404338685781041830222750532106542
-0.76933101586525243961255433521986889493050949721243292338297437664424499275319552411757223008879461532730904400786878182136161658
0.76933101586525243961255433521986889493050949721243292338297437664424499275319552411757223008879461532730904400786878182136161658
-0.96186413397127440040286707844507653417749440992837362171833801473436913518951666561959597601453231944235757852397272178121337666
0.96186413397127440040286707844507653417749440992837362171833801473436913518951666561959597601453231944235757852397272178121337666
-1.154531360186367036046268387927864476871527516450123515546716701881689802628444312419634015409002940548879940753690657607026371
1.154531360186367036046268387927864476871527516450123515546716701881689802628444312419634015409002940548879940753690657607026371
-1.3473600518110581487292995172083358128474283079089249436549527909375220291892414504960994740069066867117765012182589335668757632
1.3473600518110581487292995172083358128474283079089249436549527909375220291892414504960994740069066867117765012182589335668757632
-1.5403778630431330834457544246748846957248243550337120530690294628892666391283725926576614673174116939280023732345642714438897724
1.5403778630431330834457544246748846957248243550337120530690294628892666391283725926576614673174116939280023732345642714438897724
-1.7336127984562590015504465380499412057352319625680752557685034771967079234249342808717347905779873237738034635672230608872983073
1.7336127984562590015504465380499412057352319625680752557685034771967079234249342808717347905779873237738034635672230608872983073
-1.9270932684016823469324676239618527524966789506909582515327901500365538899813442282957477176349836339316156490790328022032619855
1.9270932684016823469324676239618527524966789506909582515327901500365538899813442282957477176349836339316156490790328022032619855
-2.1208481466662790539656131712982739900755695980678481400001371716978942427376628051758048426420715470648058395911203957561112839
2.1208481466662790539656131712982739900755695980678481400001371716978942427376628051758048426420715470648058395911203957561112839
-2.314906830745806675209503646626953466353486782037540300253433856502365540706727387595655944132689106142831704737938359183510438
2.314906830745806675209503646626953466353486782037540300253433856502365540706727387595655944132689106142831704737938359183510438
-2.5092993051224149688780665011600195854108329576798488383548184751137539999236546580627112947830883044225823725712978582583030153
2.5092993051224149688780665011600195854108329576798488383548184751137539999236546580627112947830883044225823725712978582583030153
-2.7040562079709128235866802733873385085345239526318314948521260666460640986761807333078655789801509691030401772010194770958835337
2.7040562079709128235866802733873385085345239526318314948521260666460640986761807333078655789801509691030401772010194770958835337
-2.8992089017596819724222022801700265245483412699175557558193083096206022770414303939911559051199853066234933142431043352078215231
2.8992089017596819724222022801700265245483412699175557558193083096206022770414303939911559051199853066234933142431043352078215231
-3.0947895482603324063971433169866540845741818049715723196060671618503966538084438676329500536035067761305109169044516395662163543
3.0947895482603324063971433169866540845741818049715723196060671618503966538084438676329500536035067761305109169044516395662163543
-3.2908311885362424247065103551865515386810413974377973114814895474189899093534169349308373123149502014431966736239892602787946385
3.2908311885362424247065103551865515386810413974377973114814895474189899093534169349308373123149502014431966736239892602787946385
-3.487367828545254802207972505845036602014392125314708105166499452668351786791729455030480741316826622547429190516059452741532683
3.487367828545254802207972505845036602014392125314708105166499452668351786791729455030480741316826622547429190516059452741532683
-3.6844345310674942425210565457383560538090123137184304033652998647180914675453527851071135467528581720213032412303673286312323801
3.6844345310674942425210565457383560538090123137184304033652998647180914675453527851071135467528581720213032412303673286312323801
-3.8820675147573151540004841177179542702658655781373527047018777525277472739217383826174151715521081697391307355736494930319954134
3.8820675147573151540004841177179542702658655781373527047018777525277472739217383826174151715521081697391307355736494930319954134
-4.080304261220934008652613655994891154005768446253333608545145271394883520624784021786382683749486826540270664978200025068357684
4.080304261220934008652613655994891154005768446253333608545145271394883520624784021786382683749486826540270664978200025068357684
-4.2791836311409466715094128567855369210314286649619964853367301265194358206047529522954580357505052223780992570372928648425945589
4.2791836311409466715094128567855369210314286649619964853367301265194358206047529522954580357505052223780992570372928648425945589
-4.4787459906088293542578390684628445236654624894327221146501812914064507837212881550466030145703366307873567305917855967719288631
4.4787459906088293542578390684628445236654624894327221146501812914064507837212881550466030145703366307873567305917855967719288631
-4.6790333489905054957223567729641440037656963784073874599752615962997793699056275170462735786167290845679937100777939384835751601
4.6790333489905054957223567729641440037656963784073874599752615962997793699056275170462735786167290845679937100777939384835751601
-4.8800895098428103268778935143902849393881635255946908186444357383492359741528282617450568835682462343935137470477163158282512574
4.8800895098428103268778935143902849393881635255946908186444357383492359741528282617450568835682462343935137470477163158282512574
-5.0819602366259380985586693025002177615191337161447683656858954867603221768080237260258650038447479273798992450530840000079495387
5.0819602366259380985586693025002177615191337161447683656858954867603221768080237260258650038447479273798992450530840000079495387
-5.2846934352257787152108798858057436657212647499111690982309596742893832656044749777214212788472108762554838890462796538195599083
5.2846934352257787152108798858057436657212647499111690982309596742893832656044749777214212788472108762554838890462796538195599083
-5.4883393556191790260325751803089398182664596655892752153677631624991708359524706088767323311726708133368673530514818675664961072
5.4883393556191790260325751803089398182664596655892752153677631624991708359524706088767323311726708133368673530514818675664961072
-5.6929508153954595552960171812027884330305746606857961109716738781866978132129088357927896602470399365650521574586294658924340372
5.6929508153954595552960171812027884330305746606857961109716738781866978132129088357927896602470399365650521574586294658924340372
-5.8985834483025466420772385483830676013194311446507830517296840564965146780498168145959628468446650671021957607133191084269108101
5.8985834483025466420772385483830676013194311446507830517296840564965146780498168145959628468446650671021957607133191084269108101
-6.1052959815328814813813347561912824293625295516782678060650463155217507778742763965516262285770241750778589215007070623523830306
6.1052959815328814813813347561912824293625295516782678060650463155217507778742763965516262285770241750778589215007070623523830306
-6.3131505461243622141167956698363294693140343691286333809313441718990153835439796604908482392775509001968452670527858283607062608
6.3131505461243622141167956698363294693140343691286333809313441718990153835439796604908482392775509001968452670527858283607062608
-6.5222130256523077387358507095965862942787740713363185908331525609237728550929427767039255213496051674382520301830210669099823864
6.5222130256523077387358507095965862942787740713363185908331525609237728550929427767039255213496051674382520301830210669099823864
-6.7325534493647665833019702324629041808515924086971850930034677592338654591062918400178154432994017470033736199566194399622896341
6.7325534493647665833019702324629041808515924086971850930034677592338654591062918400178154432994017470033736199566194399622896341
-6.9442464371104362857734940199219319818737240497525069853369583985627654849006748538609825448172492080752910541223171678209297943
6.9442464371104362857734940199219319818737240497525069853369583985627654849006748538609825448172492080752910541223171678209297943
-7.1573717048843469314422068340556117771641228896210198441418111377831239383130046460738076226258880462815077843870316609285105268
7.1573717048843469314422068340556117771641228896210198441418111377831239383130046460738076226258880462815077843870316609285105268
-7.372014641647483837435583206919722366352680617710247402620186395825594680199297921006980159750104843495604909968338797486067803
7.372014641647483837435583206919722366352680617710247402620186395825594680199297921006980159750104843495604909968338797486067803
-7.5882669703629629668425659416083642440885784445973636422840015983787221023680098788522576893312200949225722247781120590097338274
7.5882669703629629668425659416083642440885784445973636422840015983787221023680098788522576893312200949225722247781120590097338274
-7.8062275090663416739324267898347586419692690614918302481874459456556682790012249441764311579570636804323541506386326537739255907
7.8062275090663416739324267898347586419692690614918302481874459456556682790012249441764311579570636804323541506386326537739255907
-8.0260030514294173598108766966513504209539298694063122698129501718899207937173695766132903281668392167069256482462344029144511022
8.0260030514294173598108766966513504209539298694063122698129501718899207937173695766132903281668392167069256482462344029144511022
-8.2477093909264625758472141396333333785861444016371379685291884778107661295738187344322641846218389934634620095820169176889619373
8.2477093909264625758472141396333333785861444016371379685291884778107661295738187344322641846218389934634620095820169176889619373
-8.4714725186984589386815167606857881573966858583568346954833863796604574475220214724571176422487001783787825040132015489027571463
8.4714725186984589386815167606857881573966858583568346954833863796604574475220214724571176422487001783787825040132015489027571463
-8.6974300329890414548414109708342587649358554081223180639780633971269675772836236223573420235629702824189383974026426161212070735
8.6974300329890414548414109708342587649358554081223180639780633971269675772836236223573420235629702824189383974026426161212070735
-8.9257328082304577368506581641894162049123657472441462186164282742990105719917488483380519663658785327431761521430220354781184208
8.9257328082304577368506581641894162049123657472441462186164282742990105719917488483380519663658785327431761521430220354781184208
-9.1565469853869606693761449865768804042069149563595920630433438221268817748332976189479659198761481677673230253563395384649316941
9.1565469853869606693761449865768804042069149563595920630433438221268817748332976189479659198761481677673230253563395384649316941
-9.3900563633043118517840447777972697602521114276589050551570176142016452727012621369943596803423495874223855698573261936564844011
9.3900563633043118517840447777972697602521114276589050551570176142016452727012621369943596803423495874223855698573261936564844011
-9.6264652954408285516147713207762945349245434518846864190156895570471118155211944353381674240510626252434744128725750008438831308
9.6264652954408285516147713207762945349245434518846864190156895570471118155211944353381674240510626252434744128725750008438831308
-9.8660022302368415257765888164679843105634481849464797428263259630826511967949799460330754781375871419007682201314257791382972359
9.8660022302368415257765888164679843105634481849464797428263259630826511967949799460330754781375871419007682201314257791382972359
-10.108924080680463908928307238526406776216802648658504879227669558313637279922615958744374368839147299999031415251292126676963941
10.108924080680463908928307238526406776216802648658504879227669558313637279922615958744374368839147299999031415251292126676963941
-10.355521675732227097664643647606936907774555085923606074655283553826073178783742260171488902668706284813275517390936762395658536
10.355521675732227097664643647606936907774555085923606074655283553826073178783742260171488902668706284813275517390936762395658536
-10.606126643170979961677649154922083981688468804144526001363577127071763394381505553952509267614406306147108000710004051772387328
10.606126643170979961677649154922083981688468804144526001363577127071763394381505553952509267614406306147108000710004051772387328
-10.861120216120377232831964986856920127654110887453772269165465175764071752769813639768558815563728721298944525516905534907704665
10.861120216120377232831964986856920127654110887453772269165465175764071752769813639768558815563728721298944525516905534907704665
-11.120944670301025473883848558166296025379768801762531100586940544427714159346951697402342230017406584266146544483863719648610153
11.120944670301025473883848558166296025379768801762531100586940544427714159346951697402342230017406584266146544483863719648610153
-11.386118430379336106504859916998466915677164686077036049462641879224984135447578366705504754394545191802694163296519386856466202
11.386118430379336106504859916998466915677164686077036049462641879224984135447578366705504754394545191802694163296519386856466202
-11.657256409263453652829526752621402349397946964964706939283245483121886724494488998170762511981288867951713594733657739953032434
11.657256409263453652829526752621402349397946964964706939283245483121886724494488998170762511981288867951713594733657739953032434
-11.935098004387350058919974978143085322163879369268112008714954611332874291825233207465814856894320292582532864730855025149754869
11.935098004387350058919974978143085322163879369268112008714954611332874291825233207465814856894320292582532864730855025149754869
-12.220546635363747884397742843039679669577326071251401302656197230154100085411821201383749515609134434720646460107301523623250715
12.220546635363747884397742843039679669577326071251401302656197230154100085411821201383749515609134434720646460107301523623250715
-12.514727294059056902299332030004802451897278467469223140807869376412510518608976921035299995373526519655607435805613379251333171
12.514727294059056902299332030004802451897278467469223140807869376412510518608976921035299995373526519655607435805613379251333171
-12.81907339534877197683760241577789078992847897731806668523778151811571748521140672880609847172333662870643529717939921863426667
12.81907339534877197683760241577789078992847897731806668523778151811571748521140672880609847172333662870643529717939921863426667
-13.135463744634585888308366554386992877944918411710027661441447806422540712398850142664665958755392422386453649957327800934467873
13.135463744634585888308366554386992877944918411710027661441447806422540712398850142664665958755392422386453649957327800934467873
-13.466450727373901678964871511968260904838748763967274668997956677425407946039528308661626896245210677207259804355725441729945702
13.466450727373901678964871511968260904838748763967274668997956677425407946039528308661626896245210677207259804355725441729945702
-13.815668245922965331110867183349295802400201971790220779552278434070738606093367159836511248721582796330730853302955742491785752
13.815668245922965331110867183349295802400201971790220779552278434070738606093367159836511248721582796330730853302955742491785752
-14.188633106973046704246415077607163757831328949031850168316193520996042390155843146677305825298508725878539606391807176992855139
14.188633106973046704246415077607163757831328949031850168316193520996042390155843146677305825298508725878539606391807176992855139
-14.594544417610666594922131880733901966223019802282506031752221268551334048140764792346428208286270647573988342752349919769386994
14.594544417610666594922131880733901966223019802282506031752221268551334048140764792346428208286270647573988342752349919769386994
-15.051256391093448081638371724919100352833190229992502276128948748674669004433324567410112758680267540394556698289637586590515673
15.051256391093448081638371724919100352833190229992502276128948748674669004433324567410112758680267540394556698289637586590515673
-15.605510495565705188983370680196372257065114524437176937072058433637222794084351864135174164058902586792101644248870235149483141
15.605510495565705188983370680196372257065114524437176937072058433637222794084351864135174164058902586792101644248870235149483141