0
-0.18544549157619235576278214930717676928697585004133026234692535133194562450469467587557074797702616380478914464767870352503664807
0.18544549157619235576278214930717676928697585004133026234692535133194562450469467587557074797702616380478914464767870352503664807
-0.37091321104119967177535606579767070159906681538911593393484415577229460710638664837404433949804948452372971220056857010927988214
0.37091321104119967177535606579767070159906681538911593393484415577229460710638664837404433949804948452372971220056857010927988214
-0.55642542094454165671148278262399023373342679555544499297639619030967293094452094903350520729917698769058922990004998628500523772
0.55642542094454165671148278262399023373342679555544499297639619030967293094452094903350520729917698769058922990004998628500523772
-0.74200445331498862640703046184949565892192443719455453974795671349675837402122094118420260752370222334912926307877120018549438197
0.74200445331498862640703046184949565892192443719455453974795671349675837402122094118420260752370222334912926307877120018549438197
-0.92767274479622843854670196221829684313329666007711500139862453686164921064029164573485653850564187568732865654649692010940799818
0.92767274479622843854670196221829684313329666007711500139862453686164921064029164573485653850564187568732865654649692010940799818
-1.1134528722618341343815859829015699356414118300504703348524915600679581757472861675026780548622022849948772516066965779910288326
1.1134528722618341343815859829015699356414118300504703348524915600679581757472861675026780548622022849948772516066965779910288326
-1.2993675890761168086782873904921096734579019904313746388374195549545446878052046844466695509968935535035821706902124960204586164
1.2993675890761168086782873904921096734579019904313746388374195549545446878052046844466695509968935535035821706902124960204586164
-1.4854398621734262443632709434800914173685492754051235439815485729175698781750267488513178493125313730354375465232199756252797755
1.4854398621734262443632709434800914173685492754051235439815485729175698781750267488513178493125313730354375465232199756252797755
-1.671692910136105955981733340243111751844893061654300584457918268163510939372108712109329785414038849850401431317222153101004953
1.671692910136105955981733340243111751844893061654300584457918268163510939372108712109329785414038849850401431317222153101004953
-1.8581502424607397075417684069944920040624224117751223151175744033275235100331352705810759297447825721916140460491398222839647135
1.8581502424607397075417684069944920040624224117751223151175744033275235100331352705810759297447825721916140460491398222839647135
-2.0448357002136936477090353435303970050670002762539755580008177270925171408810233249632381737383102752436859910433318897396293159
2.0448357002136936477090353435303970050670002762539755580008177270925171408810233249632381737383102752436859910433318897396293159
-2.2317734982904460440563819449979579757795028717558377475768844783404561845991588549807839015132353600061550046127006719041041149
2.2317734982904460440563819449979579757795028717558377475768844783404561845991588549807839015132353600061550046127006719041041149
-2.4189882695090276103867214813951944939191589109313015168355601607656950885141172392020625763855813500389875412017367339459607878
2.4189882695090276103867214813951944939191589109313015168355601607656950885141172392020625763855813500389875412017367339459607878
-2.6065051107863359301091474704946905845326833992401312465020314081349273839858864503847959033840061374044534983189658492513082673
2.6065051107863359301091474704946905845326833992401312465020314081349273839858864503847959033840061374044534983189658492513082673
-2.7943496316674545838102117466150507962799835757573061694452627501794439955742974546695555121274107429190472342551806017930812385
2.7943496316674545838102117466150507962799835757573061694452627501794439955742974546695555121274107429190472342551806017930812385
-2.9825480055027775465797939322476807864931720389515727272066110095139228883924663727848968623931841075128648724621977017940815016
2.9825480055027775465797939322476807864931720389515727272066110095139228883924663727848968623931841075128648724621977017940815016
-3.1711270235961578542893643765103141446974642066856980243816449726344209724115266281919844149268346041120588719192340654515656775
3.1711270235961578542893643765103141446974642066856980243816449726344209724115266281919844149268346041120588719192340654515656775
-3.3601141526799938800826816506611274427963615293205700594948201640381367944150314976395809335305875343888880421177887587762931796
3.3601141526799938800826816506611274427963615293205700594948201640381367944150314976395809335305875343888880421177887587762931796
-3.5495375961107612216814736227369149886914299902620805357240482678084238403761657868346847979454905043134674080069954504995618668
3.5495375961107612216814736227369149886914299902620805357240482678084238403761657868346847979454905043134674080069954504995618668
-3.7394263592217330868729298787233640038632533839326405769282342727509983319000333860851545368196489154912543581058741174758380021
3.7394263592217330868729298787233640038632533839326405769282342727509983319000333860851545368196489154912543581058741174758380021
-3.9298103193193852636298250331075348900172553620744121610376064670828349398376868056519665092805884631095787927413335248576474894
3.9298103193193852636298250331075348900172553620744121610376064670828349398376868056519665092805884631095787927413335248576474894
-4.1207203008672973581836159672926640961285444291636698704694807678744045812881722090312884071405582542061732069223090710379271605
4.1207203008672973581836159672926640961285444291636698704694807678744045812881722090312884071405582542061732069223090710379271605
-4.3121881564674843183819540501788406122406176107745851882770665064462907064709730429636849648711465383605915573034352748072546705
4.3121881564674843183819540501788406122406176107745851882770665064462907064709730429636849648711465383605915573034352748072546705
-4.5042468543255082317850318011821360169580479991660155114068200207312331650659731474578461031373835683214876629927796951907368923
4.5042468543255082317850318011821360169580479991660155114068200207312331650659731474578461031373835683214876629927796951907368923
-4.6969305729742119074281948484831776733513747829439077212025439521832509601940702996078319466174523260718501611188916365545552295
4.6969305729742119074281948484831776733513747829439077212025439521832509601940702996078319466174523260718501611188916365545552295
-4.8902748041336250031163841098705254212362881206639127141045391066236638061456872049827078404785165892707090227643391339373861056
4.8902748041336250031163841098705254212362881206639127141045391066236638061456872049827078404785165892707090227643391339373861056
-5.0843164647041044699385477264691332019780581254512488017186221734356024194832472367996324845251735553897838344422042383126656552
5.0843164647041044699385477264691332019780581254512488017186221734356024194832472367996324845251735553897838344422042383126656552
-5.2790940190292120752962414636128951571556117479870188041950639706877595064742704895823024784696736814446396347474917969574272433
5.2790940190292120752962414636128951571556117479870188041950639706877595064742704895823024784696736814446396347474917969574272433
-5.4746476127280042139036573729801260842564564966116197826807417787506591881735760714325153674924288781074301630738370654011227622
5.4746476127280042139036573729801260842564564966116197826807417787506591881735760714325153674924288781074301630738370654011227622
-5.6710192195879513492041069523594487227565402596441218010636193560461506375045344963623390345703935925768875905393572625488438203
5.6710192195879513492041069523594487227565402596441218010636193560461506375045344963623390345703935925768875905393572625488438203
-5.8682528032352993737137075622626012465564958425240156483207828172713959027180878335558451651115563513382082970545046650792553001
5.8682528032352993737137075622626012465564958425240156483207828172713959027180878335558451651115563513382082970545046650792553001
-6.0663944955663273774181143054688485397724751803386657624110516819652068158652698457180835154481416137113486094455867671851971531
6.0663944955663273774181143054688485397724751803386657624110516819652068158652698457180835154481416137113486094455867671851971531
-6.265492794239294372141052886280774381137378321496527379878593970749514710103580328841437169566793296744369436563327665075417153
6.265492794239294372141052886280774381137378321496527379878593970749514710103580328841437169566793296744369436563327665075417153
-6.4655987819036479641151227446161621974956400568525626283952848384460716473502660227086721887596961983106141202367602163897357022
6.4655987819036479641151227446161621974956400568525626283952848384460716473502660227086721887596961983106141202367602163897357022
-6.6667663702937130952942393531100625124572526488198090292626760640014436734444430970685507663098601342258222422382566419544286361
6.6667663702937130952942393531100625124572526488198090292626760640014436734444430970685507663098601342258222422382566419544286361
-6.8690525728554440746512104707864962604358635305865948395014540378370356669292579624895324070496062177064224018685953701612278772
6.8690525728554440746512104707864962604358635305865948395014540378370356669292579624895324070496062177064224018685953701612278772
-7.0725178102281953475623434780936595389219635099844416445568533063971610541925643646722776979276764536826001903033507373637441374
7.0725178102281953475623434780936595389219635099844416445568533063971610541925643646722776979276764536826001903033507373637441374
-7.2772262536958916992483180710111392115046120990641948876207314739004578951273518002117178856308898308336134751540298515959613428
7.2772262536958916992483180710111392115046120990641948876207314739004578951273518002117178856308898308336134751540298515959613428
-7.4832462126880370583195317058982590455075003681279473034101468273046479016936193022983467743303702270930088808564872392261331648
7.4832462126880370583195317058982590455075003681279473034101468273046479016936193022983467743303702270930088808564872392261331648
-7.6906505735952016934959207468618206428092912852337340551275659659305110633549831394680861782931963213818344939428039474323016878
7.6906505735952016934959207468618206428092912852337340551275659659305110633549831394680861782931963213818344939428039474323016878
-7.8995172986236634947580422345577145063869311105312000260330149767677567398221163362157929282418969177068121181012457813367243965
7.8995172986236634947580422345577145063869311105312000260330149767677567398221163362157929282418969177068121181012457813367243965
-8.1099299952250919049395773900464190257279050659943690608743231735836220589110110629068466165919544292747471980037044175040295937
8.1099299952250919049395773900464190257279050659943690608743231735836220589110110629068466165919544292747471980037044175040295937
-8.3219785688987216947943496044425492424099423257812799706898677481491477174523216079482267092936041959105922367726216969265425736
8.3219785688987216947943496044425492424099423257812799706898677481491477174523216079482267092936041959105922367726216969265425736
-8.5357599750069977826836173728126903336857005739124824612555828542935106283875182735773414395625206210029384811066118153209045913
8.5357599750069977826836173728126903336857005739124824612555828542935106283875182735773414395625206210029384811066118153209045913
-8.7513790888474616136241540135555894126622147541897488785676166646321814094075415986399983783928336482233564741910448792082696195
8.7513790888474616136241540135555894126622147541897488785676166646321814094075415986399983783928336482233564741910448792082696195
-8.9689497178220231233999967876633512885409862297577266567403048234625469616345535341654522037603517516234812920222684228904456502
8.9689497178220231233999967876633512885409862297577266567403048234625469616345535341654522037603517516234812920222684228904456502
-9.1885957854652232845076370982518994789422749898701310239547396554198666313812094979163952758521498626866496577434689191377953556
9.1885957854652232845076370982518994789422749898701310239547396554198666313812094979163952758521498626866496577434689191377953556
-9.4104527247850569018986229036609899739223142729256602564290442825551252336399337416442130814349456942495719758568471503845244765
9.4104527247850569018986229036609899739223142729256602564290442825551252336399337416442130814349456942495719758568471503845244765
-9.6346691284611644888700451761663546051230999436136647412603867896589902952491135191755655538563606612983708802533626685235117014
9.6346691284611644888700451761663546051230999436136647412603867896589902952491135191755655538563606612983708802533626685235117014
-9.8614087168236811326024884100194223562558692670212502206699609613071296051524203574094239022202919387536177380431530682870448537
9.8614087168236811326024884100194223562558692670212502206699609613071296051524203574094239022202919387536177380431530682870448537
-10.09085270247485122723918625302429869404710724092908922727985098644114357673416146987848224949947618961343572720501868862227851
10.09085270247485122723918625302429869404710724092908922727985098644114357673416146987848224949947618961343572720501868862227851
-10.323202654766871557633140630441701351115182737569037217627925330332311013345585754532393916117522479592212731578413519737588036
10.323202654766871557633140630441701351115182737569037217627925330332311013345585754532393916117522479592212731578413519737588036
-10.558684000851162962226604993097638126210420551188546698898840205999350364997328900984274158489422849918655624040698529580706539
10.558684000851162962226604993097638126210420551188546698898840205999350364997328900984274158489422849918655624040698529580706539
-10.797550346784111913653224908406254659246594995737125873329926658416202672650253198914556521973257165158507463003231168016937325
10.797550346784111913653224908406254659246594995737125873329926658416202672650253198914556521973257165158507463003231168016937325
-11.040088868523824472619299681692606819515526337810491026510469252782246174631420119445333588427937850358433795159759976001634085
11.040088868523824472619299681692606819515526337810491026510469252782246174631420119445333588427937850358433795159759976001634085
-11.286627118459548745176676924994310391061291151590140595986769694959141539603458418173462258655545647755095124888485806431818977
11.286627118459548745176676924994310391061291151590140595986769694959141539603458418173462258655545647755095124888485806431818977
-11.537541734199792605695280205113196565126141656140903600627195797297786957376030960650983322234593155367288622497363686162859669
11.537541734199792605695280205113196565126141656140903600627195797297786957376030960650983322234593155367288622497363686162859669
-11.793269748698536085536962157124996729602213990130441029380649220553514675172668175146884294407875546707890057003982671324711709
11.793269748698536085536962157124996729602213990130441029380649220553514675172668175146884294407875546707890057003982671324711709
-12.054323528364669202223789082121414573513273402330054619410261433129683893431826230306075813430853112788095124398536664116904031
12.054323528364669202223789082121414573513273402330054619410261433129683893431826230306075813430853112788095124398536664116904031
-12.321310885302282362648241752920833149633672219476312803085101384314830360830276190443601352130831274806578975579869268040931413
12.321310885302282362648241752920833149633672219476312803085101384314830360830276190443601352130831274806578975579869268040931413
-12.594962760214381027704442371766676051161266013798000445126491579404173854779189666834397303205464977155810648095779722738125533
12.594962760214381027704442371766676051161266013798000445126491579404173854779189666834397303205464977155810648095779722738125533
-12.876172316156814203092386817953249531654731252436499708108627297016144403077820166395936266121134767532368493009234300350687732
12.876172316156814203092386817953249531654731252436499708108627297016144403077820166395936266121134767532368493009234300350687732
-13.166051840377860098935817280471093605797826003082969059166002745932815713580444804406988646395623619169294915783770060291561718
13.166051840377860098935817280471093605797826003082969059166002745932815713580444804406988646395623619169294915783770060291561718
-13.466018613382041530831989482891287054412692218813931662783093851529790297586080618523201751497399460834490036360058485115429702
13.466018613382041530831989482891287054412692218813931662783093851529790297586080618523201751497399460834490036360058485115429702
-13.777930322527096123473770818351036227639589522924951704839974935993881132862409729037213791500242641797337271954984589190167905
13.777930322527096123473770818351036227639589522924951704839974935993881132862409729037213791500242641797337271954984589190167905
-14.104310652531493608662775242620561658469489517182492312942172752910317952059358647585597168744123166814494269429188634529627025
14.104310652531493608662775242620561658469489517182492312942172752910317952059358647585597168744123166814494269429188634529627025
-14.448752556717960040465044941920483072099940885605149117924684684199912235887356395161096922838717057254633452768720099973394674
14.448752556717960040465044941920483072099940885605149117924684684199912235887356395161096922838717057254633452768720099973394674
-14.816710438579344172421713565572624571525978399192641780147958104438090542627466506966299787676518643988198446154174000321679722
14.816710438579344172421713565572624571525978399192641780147958104438090542627466506966299787676518643988198446154174000321679722
-15.217278780317362302730152654806214612360543794894884916559603822291538505136531586475457430330459141513702724316931586389714459
15.217278780317362302730152654806214612360543794894884916559603822291538505136531586475457430330459141513702724316931586389714459
-15.668107263835801968404948946208140629363423963619652015255907862744605488128126638612103682928718614661360896560877415328456616
15.668107263835801968404948946208140629363423963619652015255907862744605488128126638612103682928718614661360896560877415328456616
-16.215396898128664202978603627771368403031065338255767284210899246439896410481853044119316490206057375986918918132554396924614325
16.215396898128664202978603627771368403031065338255767284210899246439896410481853044119316490206057375986918918132554396924614325