0
-0.15807209446693935990102665383837537607888216510995066635443380704365903753997093751110507698520563885813012434417167442768216238
0.15807209446693935990102665383837537607888216510995066635443380704365903753997093751110507698520563885813012434417167442768216238
-0.31615418980479729250970453324738075049691071141304786260944093670708450894644283830508768100213178528764135642772353869325439259
0.31615418980479729250970453324738075049691071141304786260944093670708450894644283830508768100213178528764135642772353869325439259
-0.47425629511315834574276711051513631094222828974449260587998211667236116016163395361147514808696124177422979608097915420784141532
0.47425629511315834574276711051513631094222828974449260587998211667236116016163395361147514808696124177422979608097915420784141532
-0.63238843596870126035443994686059954754702937432686947511490937404317021422310972744966574473500174193424156010212764408609778202
0.63238843596870126035443994686059954754702937432686947511490937404317021422310972744966574473500174193424156010212764408609778202
-0.79056066271324661221773894237840841540093528199948156782172136683079228811307601690347095157550960155903959959314272055891623976
0.79056066271324661221773894237840841540093528199948156782172136683079228811307601690347095157550960155903959959314272055891623976
-0.94878305880147170387747335677584989011707653897327549520856113247590841519616366557457343243321362160423609859346841908333932069
0.94878305880147170387747335677584989011707653897327549520856113247590841519616366557457343243321362160423609859346841908333932069
-1.1070657492286284096901868549130516634086515224905171089867397998559513932258520701684400928935891676910109681292285452876185965
1.1070657492286284096901868549130516634086515224905171089867397998559513932258520701684400928935891676910109681292285452876185965
-1.2654189090589871212072769314237724595667788053860582519187409391002350281282632002228056554874860047983258829357290226356189693
1.2654189090589871212072769314237724595667788053860582519187409391002350281282632002228056554874860047983258829357290226356189693
-1.4238527720762200886803713607296009701083007811863231792274954632801836681945218919854231928378477880407816053718527978494036308
1.4238527720762200886803713607296009701083007811863231792274954632801836681945218919854231928378477880407816053718527978494036308
-1.5823776395775343123096921803765742826720876094832820930027867494050341276050982671305183638902316991971644572048051772226264369
1.5823776395775343123096921803765742826720876094832820930027867494050341276050982671305183638902316991971644572048051772226264369
-1.7410038893340726114982306506305733324656872584943776685340731468412186488858376536532494130778754988381702115508642536417834627
1.7410038893340726114982306506305733324656872584943776685340731468412186488858376536532494130778754988381702115508642536417834627
-1.8997419847409274680948858848464548912188292750821110550089488986876088676324243864993025787953320147826885433321408571787515421
1.8997419847409274680948858848464548912188292750821110550089488986876088676324243864993025787953320147826885433321408571787515421
-2.0586024841810626182121171309199286212997286511353132674096660895423649434432411947374377050585736842675092217653403341216301614
2.0586024841810626182121171309199286212997286511353132674096660895423649434432411947374377050585736842675092217653403341216301614
-2.2175960506285202040372991576414014365134215584258807857345107487390233341551216853097872811140222252142063344505618804583617718
2.2175960506285202040372991576414014365134215584258807857345107487390233341551216853097872811140222252142063344505618804583617718
-2.3767334615175158726068955075385630126528357090253302827512922063889393701346425469999628450392951493005162397817324480064586946
2.3767334615175158726068955075385630126528357090253302827512922063889393701346425469999628450392951493005162397817324480064586946
-2.5360256189054011575522612004954535710530027548098927958991197670921234014706699188709557501085867673166431588608463649756319416
2.5360256189054011575522612004954535710530027548098927958991197670921234014706699188709557501085867673166431588608463649756319416
-2.6954835599590139323783394727950526477359889508091418301072563003984597969093407667136367290034372327231820669716090191084861214
2.6954835599590139323783394727950526477359889508091418301072563003984597969093407667136367290034372327231820669716090191084861214
-2.8551184677956574686020968306993724504369177825827471440301828201448905910017582410790383347139402786212537734978212562712961782
2.8551184677956574686020968306993724504369177825827471440301828201448905910017582410790383347139402786212537734978212562712961782
-3.0149416827118623054668189893708947106866776276984937789975774035360327784169255114026192245540210586675948227156932068039533026
3.0149416827118623054668189893708947106866776276984937789975774035360327784169255114026192245540210586675948227156932068039533026
-3.1749647138352104424193948389289883848363246804247703601853687651072151303615347825038966089455005743856783906772000132951811562
3.1749647138352104424193948389289883848363246804247703601853687651072151303615347825038966089455005743856783906772000132951811562
-3.3351992512368583215967872723634407873916075741923385675171950822053997414518460045357335502652608337990853247023792076239866042
3.3351992512368583215967872723634407873916075741923385675171950822053997414518460045357335502652608337990853247023792076239866042
-3.4956571785450063045711951232079805480370200946434663548055889908280573976681171963742968298580196977896170684018401487283444097
3.4956571785450063045711951232079805480370200946434663548055889908280573976681171963742968298580196977896170684018401487283444097
-3.6563505861024534394164680710459558949538361964251329639914637537500755279650133132095073519874403051655852653570025863817800146
3.6563505861024534394164680710459558949538361964251329639914637537500755279650133132095073519874403051655852653570025863817800146
-3.8172917847145761668229878103511741324332893759732426538579824150300979198624651005078602969760555801236483126997689625296293575
3.8172917847145761668229878103511741324332893759732426538579824150300979198624651005078602969760555801236483126997689625296293575
-3.9784933200376109138460530770380967622957659193237206118175552182277034291555909872238316373744240668475047361297617965292599017
3.9784933200376109138460530770380967622957659193237206118175552182277034291555909872238316373744240668475047361297617965292599017
-4.1399679876610402561446476166670061625748256420102107417081326942615211036426225949653604873385389827972199657910251464601904226
4.1399679876610402561446476166670061625748256420102107417081326942615211036426225949653604873385389827972199657910251464601904226
-4.3017288489422223792439246232586748479849631048689071111269164942259621790293066950057443055316420912004351751397901530024531864
4.3017288489422223792439246232586748479849631048689071111269164942259621790293066950057443055316420912004351751397901530024531864
-4.463789247656211418477671715482175552931057558637967645122514363140468240903107122458153668009476211123009320612273909856378709
4.463789247656211418477671715482175552931057558637967645122514363140468240903107122458153668009476211123009320612273909856378709
-4.6261628275290457953581579751018050723039525140596613299607402966537104027454041799523508325211457163059627333737542306255601889
4.6261628275290457953581579751018050723039525140596613299607402966537104027454041799523508325211457163059627333737542306255601889
-4.7888635507286941357398227065106372731922910398695865023727147401373044197757762954700465257019146063239108063229745026140555829
4.7888635507286941357398227065106372731922910398695865023727147401373044197757762954700465257019146063239108063229745026140555829
-4.951905717394413444458135129901630310277378246915194848908036230007735735985971735790887819054620248870058679452927541433588956
4.951905717394413444458135129901630310277378246915194848908036230007735735985971735790887819054620248870058679452927541433588956
-5.1153039862925713521036176945548850425133192646798932828999045091824323956869493124328605317089308450234487832775947745794294774
5.1153039862925713521036176945548850425133192646798932828999045091824323956869493124328605317089308450234487832775947745794294774
-5.2790733966951041161696416858186393542352283445811536129327134014723614418273412107999720451708263463406260385294123668064532023
5.2790733966951041161696416858186393542352283445811536129327134014723614418273412107999720451708263463406260385294123668064532023
-5.4432293915858283363950766459496566824889289260948374188225685451102224497591990244748570396398391451144983520113421700849035895
5.4432293915858283363950766459496566824889289260948374188225685451102224497591990244748570396398391451144983520113421700849035895
-5.6077878423099158083228061075813037464350524136720355143031406935187946575998130088008378761925210427937046170284560358722376824
5.6077878423099158083228061075813037464350524136720355143031406935187946575998130088008378761925210427937046170284560358722376824
-5.7727650747931139061167718394351307305337767645336317436383114869678203715981492532995761939582891646366200871203495629220339412
5.7727650747931139061167718394351307305337767645336317436383114869678203715981492532995761939582891646366200871203495629220339412
-5.938177897469905107624503109417286387575833459744524226197602594441963894938010564519724213733770409689190595136917936712067562
5.938177897469905107624503109417286387575833459744524226197602594441963894938010564519724213733770409689190595136917936712067562
-6.1040436310739293689459986743317727508761475950582885534820472273486499226012696304068001085881262918251779336069287062489044214
6.1040436310739293689459986743317727508761475950582885534820472273486499226012696304068001085881262918251779336069287062489044214
-6.2703801404598505774336041099156916822709337670735618818003694556403005500320667718469181559037584954167497748351839122092010557
6.2703801404598505774336041099156916822709337670735618818003694556403005500320667718469181559037584954167497748351839122092010557
-6.437205868643674602323972538898718688479652678952997801361650425960484259215029776367215090809904881216311463587320975369941748
6.437205868643674602323972538898718688479652678952997801361650425960484259215029776367215090809904881216311463587320975369941748
-6.6045398732686014367369890646951535411667246897618396072782161029131309828579102098357333926938244639766133848691805201155255363
6.6045398732686014367369890646951535411667246897618396072782161029131309828579102098357333926938244639766133848691805201155255363
-6.7724018657261430031619384698250504937046023315768465857909541777109725857515313202651105421859576565530354492243422253859074429
6.7724018657261430031619384698250504937046023315768465857909541777109725857515313202651105421859576565530354492243422253859074429
-6.9408122531878406201964993864071870744030485948890837820388626675583215764156262142272330825371515461253194408306113721767812566
6.9408122531878406201964993864071870744030485948890837820388626675583215764156262142272330825371515461253194408306113721767812566
-7.1097921838319149875275021045230602770903206243043072894367973572694123161460810612188995250501473884079420994475326038535809941
7.1097921838319149875275021045230602770903206243043072894367973572694123161460810612188995250501473884079420994475326038535809941
-7.2793635955820958709488965179262074772789083580665349646977673880735635289553406526784906254907471228805972402161112024656641947
7.2793635955820958709488965179262074772789083580665349646977673880735635289553406526784906254907471228805972402161112024656641947
-7.4495492687133181039931771640849125689924311246154238590029219657925174672096266492848076282524436358442192780760327306812713356
7.4495492687133181039931771640849125689924311246154238590029219657925174672096266492848076282524436358442192780760327306812713356
-7.6203728827216531570803206642821260859850539827343596099680284329481465918257758885909371830716182159037300798162491130797695952
7.6203728827216531570803206642821260859850539827343596099680284329481465918257758885909371830716182159037300798162491130797695952
-7.7918590779046196506414965329639098704980339765805050094734135912781194792641549117899142510115995239656513667143687060669775108
7.7918590779046196506414965329639098704980339765805050094734135912781194792641549117899142510115995239656513667143687060669775108
-7.9640335221538869383992746293710844923858286153465383443253136195865558113326290079565624510004590666642859076380019052531362837
7.9640335221538869383992746293710844923858286153465383443253136195865558113326290079565624510004590666642859076380019052531362837
-8.136922983526547972591954927840392057363187314972754730063071972028419238406998617720338426272072609885040336886658233081585505
8.136922983526547972591954927840392057363187314972754730063071972028419238406998617720338426272072609885040336886658233081585505
-8.3105554092350157610201581935501811481471974158322879502820225918431053866505748345206511568100401158282089926153666057933435908
8.3105554092350157610201581935501811481471974158322879502820225918431053866505748345206511568100401158282089926153666057933435908
-8.4849600117808964979224983138770454760233675625581533628644283821498693447809256572627846784577109397021476771404768662850110812
8.4849600117808964979224983138770454760233675625581533628644283821498693447809256572627846784577109397021476771404768662850110812
-8.6601673630569587516641453929908774154264545428414374385241973488903191996351463004044660590918394429082002474379447422011137479
8.6601673630569587516641453929908774154264545428414374385241973488903191996351463004044660590918394429082002474379447422011137479
-8.8362094973560186691766985858667240808539289532106390881587711917956078696532486706272477875030676704089168915364193340370859713
8.8362094973560186691766985858667240808539289532106390881587711917956078696532486706272477875030676704089168915364193340370859713
-9.0131200243591801308480689810943404697715477461170540851280268537762597821231954879752926327476828916466919788229046381129882892
9.0131200243591801308480689810943404697715477461170540851280268537762597821231954879752926327476828916466919788229046381129882892
-9.1909342533320305246838686187002893433939841363740486835963454218680763407193126351055661360478228107092091063787223020807359158
9.1909342533320305246838686187002893433939841363740486835963454218680763407193126351055661360478228107092091063787223020807359158
-9.3696893299405175362858179422663723822287736131345432006093909286104738660918538227594672734976342106300546770364219877112739629
9.3696893299405175362858179422663723822287736131345432006093909286104738660918538227594672734976342106300546770364219877112739629
-9.5494243873137342743328686037714497683880897185297712654924632702585032196676019567105160774550708584447259335513759351789400812
9.5494243873137342743328686037714497683880897185297712654924632702585032196676019567105160774550708584447259335513759351789400812
-9.730180713235380861198664604237385807326545952227145822484727608951703192442578860481171795347871937720774790217120490797870679
9.730180713235380861198664604237385807326545952227145822484727608951703192442578860481171795347871937720774790217120490797870679
-9.9120019356474857163499087092587749620455483620021645101271284605558608849844373596133646844537406592135501455940655629969340486
9.9120019356474857163499087092587749620455483620021645101271284605558608849844373596133646844537406592135501455940655629969340486
-10.094934229009290460032961722656904150409395662094299244870466432934722166137801830569812965666853210658709743385230806307227362
10.094934229009290460032961722656904150409395662094299244870466432934722166137801830569812965666853210658709743385230806307227362
-10.279026544483805624886593259264925463315057063487065568861770238874369432243072884553793604191337174853406441392004343463817571
10.279026544483805624886593259264925463315057063487065568861770238874369432243072884553793604191337174853406441392004343463817571
-10.464330867440473112757679059712540723944011420833724323271085686169277695425179203365111356001621957828064082655999364004020047
10.464330867440473112757679059712540723944011420833724323271085686169277695425179203365111356001621957828064082655999364004020047
-10.650902506384884621400665733248958619381677646045902416626278852380608076766000928696874353753317992628746257329802741896560832
10.650902506384884621400665733248958619381677646045902416626278852380608076766000928696874353753317992628746257329802741896560832
-10.83880041818134032965418128263723174150717503998433305544845591407591799222918746474485621691142457567455971613443334799504729
10.83880041818134032965418128263723174150717503998433305544845591407591799222918746474485621691142457567455971613443334799504729
-11.02808757535409314792957522413050013041787375904622220882294433694404479591020066778839991669212695560902228826234612718493788
11.02808757535409314792957522413050013041787375904622220882294433694404479591020066778839991669212695560902228826234612718493788
-11.218831382380759151755503275930565141507334249625960450661600543460123569919293462647304241526403984590536275126914053508802772
11.218831382380759151755503275930565141507334249625960450661600543460123569919293462647304241526403984590536275126914053508802772
-11.411104149281472838553862106120210671729819566186695405903994237469297642666574464220894519260364003391547595914758319242367516
11.411104149281472838553862106120210671729819566186695405903994237469297642666574464220894519260364003391547595914758319242367516
-11.604983632531600487202457173191189843698833450659627483333943467875622065216879577115758971607290984413882180000341810921427264
11.604983632531600487202457173191189843698833450659627483333943467875622065216879577115758971607290984413882180000341810921427264
-11.800553655478530609035795565739393473671381701836017458109326057278445764400338321694007178271707806543883855266801056004684282
11.800553655478530609035795565739393473671381701836017458109326057278445764400338321694007178271707806543883855266801056004684282
-11.997904823149441585810952468400420356084375726032638077599172162807212551461331364885516744041253703384434928885922741850969998
11.997904823149441585810952468400420356084375726032638077599172162807212551461331364885516744041253703384434928885922741850969998
-12.197135349764666829985460549050230923347988189674689781735019022520455870142789280188586849968513135551692991288397352022788761
12.197135349764666829985460549050230923347988189674689781735019022520455870142789280188586849968513135551692991288397352022788761
-12.398352021647001765551471902561506491042101080372760642017514404920626996963527721442726194291411189901387012142624363743262295
12.398352021647001765551471902561506491042101080372760642017514404920626996963527721442726194291411189901387012142624363743262295
-12.60167132385057617846007581635600210700566847405778635088975170204517021306378213105151429025108567925127498483638589350802105
12.60167132385057617846007581635600210700566847405778635088975170204517021306378213105151429025108567925127498483638589350802105
-12.807220766151113057620849549534531195256369659072943366395729247918183533387803542481391319902097964216963083725568373947960834
12.807220766151113057620849549534531195256369659072943366395729247918183533387803542481391319902097964216963083725568373947960834
-13.015140453639435722356167113026603949644042688575335830445793097426368597274556395823745296389378888248333805728764698943331793
13.015140453639435722356167113026603949644042688575335830445793097426368597274556395823745296389378888248333805728764698943331793
-13.225584959886245091126980390943709803709911572611716660237590490157017438999114438336670746908849127178637058621074243536644632
13.225584959886245091126980390943709803709911572611716660237590490157017438999114438336670746908849127178637058621074243536644632
-13.438725577708847482373713480832998396103600765218853453341851971363354392366124977169912917008085824040693334012176643925555375
13.438725577708847482373713480832998396103600765218853453341851971363354392366124977169912917008085824040693334012176643925555375
-13.654753045730483369391710115991870710242399030914149597901517437269105084364828600879811009226789743124924028613605869904107133
13.654753045730483369391710115991870710242399030914149597901517437269105084364828600879811009226789743124924028613605869904107133
-13.873880880782782316953574518706566335253354113921172943156456559737718201083153581044561039575573816330761073240931227548778829
13.873880880782782316953574518706566335253354113921172943156456559737718201083153581044561039575573816330761073240931227548778829
-14.096349490675655659808335733683580903767206040291632715591152912192118562544836068073196132604779331689798537633769325160112636
14.096349490675655659808335733683580903767206040291632715591152912192118562544836068073196132604779331689798537633769325160112636
-14.322431304945503625753210806821600104920557590982113570998011215477483563161998904276239275826585929949838894153879687897888736
14.322431304945503625753210806821600104920557590982113570998011215477483563161998904276239275826585929949838894153879687897888736
-14.552437252279828299966259088913765211596215355966317903608794738620850149659062990390632919239406138888846122299565456493764784
14.552437252279828299966259088913765211596215355966317903608794738620850149659062990390632919239406138888846122299565456493764784
-14.786725047437832808571852595559372127671808477435601060928776177652143487672443267928214081036836645483007013617195887878326404
14.786725047437832808571852595559372127671808477435601060928776177652143487672443267928214081036836645483007013617195887878326404
-15.025709952340739740589452984720123793981864152374184078065753756468309181168567222686623493734356941282115274367403111234550265
15.025709952340739740589452984720123793981864152374184078065753756468309181168567222686623493734356941282115274367403111234550265
-15.269878987345789581765965220018399227831236009154858743620302173009765416344356142536397590579123540226270943046845807558396067
15.269878987345789581765965220018399227831236009154858743620302173009765416344356142536397590579123540226270943046845807558396067
-15.519810062439074614100096825494638562953801559442547508827479429639191142704895041337029460292483002249682341990743867377238471
15.519810062439074614100096825494638562953801559442547508827479429639191142704895041337029460292483002249682341990743867377238471
-15.77619830618413870107993973538073124374497572382008165438875785513211243217196293684390162583824158727013616569838363884795575
15.77619830618413870107993973538073124374497572382008165438875785513211243217196293684390162583824158727013616569838363884795575
-16.039893241994276254740386371645999347818092807921978337124641613468217100536954077192742542165015916189181534948163083283194248
16.039893241994276254740386371645999347818092807921978337124641613468217100536954077192742542165015916189181534948163083283194248
-16.311952890695306442295733895548487994756771088343294809880108690123753947199834224822512932463414811651400761742078587764987855
16.311952890695306442295733895548487994756771088343294809880108690123753947199834224822512932463414811651400761742078587764987855
-16.593725402038196208620141938454648476774124202207775678137191282857752106205102195589653191575747869722736984776008363152843831
16.593725402038196208620141938454648476774124202207775678137191282857752106205102195589653191575747869722736984776008363152843831
-16.886977763848531320417864468429735236540112026968934095799625412168613560918979147852837022728647904079522012236561169363331024
16.886977763848531320417864468429735236540112026968934095799625412168613560918979147852837022728647904079522012236561169363331024
-17.19411018496756029215691296824557544665297920550464634409950943967938616402504436196914636959012581660174517929641311355850394
17.19411018496756029215691296824557544665297920550464634409950943967938616402504436196914636959012581660174517929641311355850394
-17.518539259289703306822980602961295211190823485420688655545684874880381112836956701467162144117894927326488062718319326835111513
17.518539259289703306822980602961295211190823485420688655545684874880381112836956701467162144117894927326488062718319326835111513
-17.865450498614850354480246636922591234807068374700080828746932946918488075430525500929816953673329700420048569713808164466872885
17.865450498614850354480246636922591234807068374700080828746932946918488075430525500929816953673329700420048569713808164466872885
-18.243487580223829591923198801367654228845499252817458203664545886103037889381720915864468278133452468711573260619600713234208523
18.243487580223829591923198801367654228845499252817458203664545886103037889381720915864468278133452468711573260619600713234208523
-18.6694193891351524574524493031260293675293377212631295454340192183033864203601167017123767554534168912450402379875033128898378
18.6694193891351524574524493031260293675293377212631295454340192183033864203601167017123767554534168912450402379875033128898378
-19.18712198227352364353942278049625231713817077995391837526074007430230807334840903845752483690965859196402498768914836019180451
19.18712198227352364353942278049625231713817077995391837526074007430230807334840903845752483690965859196402498768914836019180451