0.99982092266973775421882329151574613634848275887173232898189489553926675161192758620763382523692067058086337561296269651598717389
0.99838868882895125249677804100012685982100478507612737300473282227891413386536646700445584256179298749320994241562491741356266973
0.99552627280855894994965486807449575784535338001601864546544842957228970328743549115458263296375772699040661425820192561299497946
0.99123777499193736997786999995986293814444852893828609741421591410764272743266401614031614030948675132231063776569103284663599873
0.98552933861089916922629985024522391414344326870801989043641786144271975326960518549909721132959877602788824188396723190095128458
0.97840914094557274163473854511917370208562317640454711458275812947432786850968953229562282371587545512535809292999035941059928115
0.96988738161052720349640624993250934009555503015803473960772278129221059034795275500349317027140140526634336319527189050470477218
0.95997626794392277264760283817725427019846556808028668788146191954199035195335954058517248735128497544930743512730773089266720385
0.94868999752061644312892880246000110744510554899321979142435663281576967381819490430149381629491607042535680804098217126304311325
0.93604473781427276299376319408454093207010446705251956631042198088686619906429915902722688237473339884697271487212955512423767544
0.92205860303761354566675719205481497753112147423604520441310028616455263696858730745501276579464345955417772699665688975704608249
0.90675162819398263405075513174949226022624749507211548106936929925125758717134557666335964773210339542191059390941930842864382597
0.89014574037739660090503070022194496537197512516347235386493871111463696617617113634497713924105485517097524451232499794854195263
0.87226472736219378640960993541002257732017989490148855351362154840288594902587902774012172079079807046319467756273264269949183756
0.85313420352727669810404808507641351120055194571455323047111661603188456314640240175493114166152835314023345112230769473979713753
0.83278157316376096772246237335830739104425140659895915013749485594858530200107305799034976517404898297979249392940432617871937354
0.81123599121859230434910628080113390010515238090090978484839033919405006866501399338925522745099938385588046013346192356663434954
0.78852832153036583446558583956017887523417726142762567471838183032479043005579333597081960161145871776750616113808513882412922422
0.76469109261717461538482716694325620166062256230833966976282269277079280836733371790203203764319133490181830791984486898381944997
0.73975845107982080319555020404419575074647349580267240616932092904787765617490632959111488619219799985296205784240569716482936178
0.7137661126871389263680096640660075623257387388392946363168103521087538287864872717186252303914837038870883898010229298317418348
0.6867513112135010682529717286146207785060831072827837194217418048982121188116494520978504625968797895479044652049950129056414885
0.6587527451017937394689315622386804941651835580317356287279946611985327859442120910661923418799238585537560727567092441586126994
0.6298105220282712120303136562678709990994582757364313805127660316726946701599196256748000890723407528318373714220518964357195046
0.5999661014486956288274363112293657696259425273811461889065949281294037889829363761049763517849486098080684475630802306231118851
0.5692622352080659893177462020590716763196560603111751000069598160447937162455616325523818047921607822782517621606538314491362222
0.5377429062990120025698607556459384192223492535549771160980823634252480553625215965498677747118100667601045055629670879442533942
0.5054532658565808185461859453996122820015772151139141095510275009588616172180997756994231642845954239332986981113426067379466103
0.4724395684796709987235674753895449924693969974149029999650884869962374012849551918039165881153012021290661151984067686477966555
0.4387491059717651488622385556638151548139254117206412872768097860039713833033651718668463907048254076079472700603655105328467433
0.4044301395958769761734369195124631303719284904048208009556658689301980611106837056098173499154641623499384774151872091927595241
0.3695318309407569066610410644003771836695648934451589893120030242039284593897415483701837437325728512684329695363940128740271024
0.3341041714973897571478482857004277540027175697756870507129450478493105576464000846977375112426329577192369450589125498728663926
0.2981979110466654507054594602896644941827572114486744246724157380883471701631013545724696025167193662355692638455299934430043487
0.2618644849608067473704905639579003258684679874582843332495484559820655089505665305542444704121225752552919732221566590404257107
0.2251559405226939946420207560652680655492941885285405407497481502013386193142195685643848605785140479508583832620537977063876743
0.1881248623686337553140833126117283492679012167410214561267537280951747663766848925160012311723070604284412593902693081153996048
0.1508242971613738283991536069366037725452709347934535462718788892215121045374668518683370178886032610231544457250897626710264134
0.1133076776012698435257084809227045560760014960996562431383579714589553339590176825689766557903442079805281228918306702156830793
0.0756287458844567006885669658645622129444123067079592103481025876099819339686177500207147062741796684656285545923863022953343235
0.0378414767176702874629385488189129914954266352745319770110546352872020628843239574659118899386046269421132019329958243200046294
0.e-127
-0.0378414767176702874629385488189129914954266352745319770110546352872020628843239574659118899386046269421132019329958243200046294
-0.0756287458844567006885669658645622129444123067079592103481025876099819339686177500207147062741796684656285545923863022953343235
-0.1133076776012698435257084809227045560760014960996562431383579714589553339590176825689766557903442079805281228918306702156830793
-0.1508242971613738283991536069366037725452709347934535462718788892215121045374668518683370178886032610231544457250897626710264134
-0.1881248623686337553140833126117283492679012167410214561267537280951747663766848925160012311723070604284412593902693081153996048
-0.2251559405226939946420207560652680655492941885285405407497481502013386193142195685643848605785140479508583832620537977063876743
-0.2618644849608067473704905639579003258684679874582843332495484559820655089505665305542444704121225752552919732221566590404257107
-0.2981979110466654507054594602896644941827572114486744246724157380883471701631013545724696025167193662355692638455299934430043487
-0.3341041714973897571478482857004277540027175697756870507129450478493105576464000846977375112426329577192369450589125498728663926
-0.3695318309407569066610410644003771836695648934451589893120030242039284593897415483701837437325728512684329695363940128740271024
-0.4044301395958769761734369195124631303719284904048208009556658689301980611106837056098173499154641623499384774151872091927595241
-0.4387491059717651488622385556638151548139254117206412872768097860039713833033651718668463907048254076079472700603655105328467433
-0.4724395684796709987235674753895449924693969974149029999650884869962374012849551918039165881153012021290661151984067686477966555
-0.5054532658565808185461859453996122820015772151139141095510275009588616172180997756994231642845954239332986981113426067379466103
-0.5377429062990120025698607556459384192223492535549771160980823634252480553625215965498677747118100667601045055629670879442533942
-0.5692622352080659893177462020590716763196560603111751000069598160447937162455616325523818047921607822782517621606538314491362222
-0.5999661014486956288274363112293657696259425273811461889065949281294037889829363761049763517849486098080684475630802306231118851
-0.6298105220282712120303136562678709990994582757364313805127660316726946701599196256748000890723407528318373714220518964357195046
-0.6587527451017937394689315622386804941651835580317356287279946611985327859442120910661923418799238585537560727567092441586126994
-0.6867513112135010682529717286146207785060831072827837194217418048982121188116494520978504625968797895479044652049950129056414885
-0.7137661126871389263680096640660075623257387388392946363168103521087538287864872717186252303914837038870883898010229298317418348
-0.7397584510798208031955502040441957507464734958026724061693209290478776561749063295911148861921979998529620578424056971648293618
-0.76469109261717461538482716694325620166062256230833966976282269277079280836733371790203203764319133490181830791984486898381945
-0.7885283215303658344655858395601788752341772614276256747183818303247904300557933359708196016114587177675061611380851388241292242
-0.8112359912185923043491062808011339001051523809009097848483903391940500686650139933892552274509993838558804601334619235666343495
-0.8327815731637609677224623733583073910442514065989591501374948559485853020010730579903497651740489829797924939294043261787193735
-0.8531342035272766981040480850764135112005519457145532304711166160318845631464024017549311416615283531402334511223076947397971375
-0.8722647273621937864096099354100225773201798949014885535136215484028859490258790277401217207907980704631946775627326426994918376
-0.8901457403773966009050307002219449653719751251634723538649387111146369661761711363449771392410548551709752445123249979485419526
-0.906751628193982634050755131749492260226247495072115481069369299251257587171345576663359647732103395421910593909419308428643826
-0.9220586030376135456667571920548149775311214742360452044131002861645526369685873074550127657946434595541777269966568897570460825
-0.9360447378142727629937631940845409320701044670525195663104219808868661990642991590272268823747333988469727148721295551242376754
-0.9486899975206164431289288024600011074451055489932197914243566328157696738181949043014938162949160704253568080409821712630431132
-0.9599762679439227726476028381772542701984655680802866878814619195419903519533595405851724873512849754493074351273077308926672038
-0.9698873816105272034964062499325093400955550301580347396077227812922105903479527550034931702714014052663433631952718905047047722
-0.9784091409455727416347385451191737020856231764045471145827581294743278685096895322956228237158754551253580929299903594105992812
-0.9855293386108991692262998502452239141434432687080198904364178614427197532696051854990972113295987760278882418839672319009512846
-0.99123777499193736997786999995986293814444852893828609741421591410764272743266401614031614030948675132231063776569103284663599873
-0.99552627280855894994965486807449575784535338001601864546544842957228970328743549115458263296375772699040661425820192561299497946
-0.99838868882895125249677804100012685982100478507612737300473282227891413386536646700445584256179298749320994241562491741356266973
-0.99982092266973775421882329151574613634848275887173232898189489553926675161192758620763382523692067058086337561296269651598717389