0.99997927814617429908074420733405259692270795089892251673480439569972370833687844636243824508271750449842782286428083464075975069
0.99981350846827581195086342157642760779641277113983573165319125243696021465598640025075489252210141321431595374363966788054379782
0.99948199659263438802569583258663131062293682017103854684484482742522026065337507189131242621471760377617630109873879578111004387
0.99898479747500565704244735667851525677037197647197789151586463013549510594265730538724634910630567453008679683959544623640336671
0.99832199353763514145156943469158673355558762614177689323365637237882418907446887129000627785724539829674739923790884529931563979
0.99749369465559486419401599468936645386215713293604495399390017963894810805633988471366516920818065788682140994637578991459266142
0.99650003813856901596818702825459071458939947581497138633395803847531037456771290467110360072011994225620340822327900631998116108
0.99534118870809170143319760689964543277701844939594464697512289691823096589509490778707303796493815168978903227376412517532438514
0.99401733847024053771814368106301283539116916030951033864552147198679105659957715271640387644404528446361159764537045759191372262
0.9925287068837906319045452831034613917997934453642714354436465294126739971162986277430976450273312390227113927371292463014609943
0.99087554072383421669625732448629035604089355452056780984396295208901267585661198185432658804196230932431786376407702386071965473
0.98905811404087197516309595892919233625674827030953934715267097582994409687459046176739468992900028436312999506312810594479937804
0.98707672811538283611662747722439576157191197195804809324831123279003915072525850536987622428276996872023215762631894957858476695
0.98493171140787977122456563849036736199139762181086750270995427436023152465168880260486157834157670194922339013626153696261466969
0.98262341950445987326976732158493158876268776772730421296850218429058671766853413332092549441500392872482887426409713033781354132
0.98015223505785774188685745445183800860135249133028938919119679292138296334864447552644670590349098072932323558364464021983807219
0.97751856772401194854023192747340492040458613013069370546275229493303349778447406830661798855295519958683490840155204756314563243
0.97472285409415509631800924883751290980009339214089860398965484675164987598551974206646825536930771860354289649295930247887478554
0.97176555762243873218412422002490265519230781422605239244082759057025239819024758333577393124841453558468653332692495873346889359
0.96864716854910510953216503792244989407306243056278298842388994487834312758579772735508499004372665470862275285026080136413057679
0.96536820381921853709704347507913318992678492364230238090247913378122717767334344199981178324286604384873661296984930701282260161
0.96192920699696978638178036899368921873629333146701761787364136506606846278380854662388409341169184308932257194009818125948544602
0.95833074817556776362455977886138643183006925926624691509899581868477424403457161125009101145484543943751132790454282851920477278
0.95457342388273338384409928236631720701963007156365001420176045417327369967516426860567838749345081697406434762767666047964515678
0.95065785698181131353803581621009656402438025135464213113036032682578850763962441428622603121883475143073428269882430777361034379
0.94658469656851597504858153681813581339909765042607262680853235691053715556505383322002605541737711233026709947387386791352116626
0.9423546178633289293317382455920418052324822679666577545167389827624645871165412474616111910914377962918511694450025482794227831
0.93796832209956547475089833162916593142417040275862534868663399074949110740834300812776008760321081695498915504853690203039260635
0.93342653640712901744320165977875644922344674013084595579723402394726043883588258469141887207432621790883435360287140915300020442
0.92873001369197248365854828977207892754995985673768971747447705257030412326293875966556133802604828565261636128654957748375634457
0.92387953251128675612818318939678828682241662586364248611509773128053500750110235871483993485034459609796302578224788303086917758
0.91887589694443682486429760228961304558769374080727343465400694494571567214032447235345419520535948169828452504500914859981899265
0.91371993645966704770670797131298445184530266882330144159484987297222212213025711791707031840284091559150961044439692680707479523
0.90841250577659761730052141130982626691073639958139281562313774262284954580154271354600769857891364548512723822404262755852739664
0.90295448472453502889350873874252956575404906954433979709640301659718451253135992722344807647511689224638349451576355795160410571
0.89734677809662003726802130165734249244584159991650089703535598209408198615678531026463161185129987752939936439419972997773278974
0.89159031549983728115467201924220737868345365917026791137302956020064937123218806942128205103811060017199120841729645680397843945
0.88568605120091143949926531955344979325419411603776708165124456399233397353799715880343971152746050181721072907166774123534428158
0.87963496396811546585688067887460328374188081827225349238125544893391209205770136425646629098843671541712283268364663025069304876
0.87343805690901712485454912969409298011828058365040094938375654932133624952652805580625769532607658320284029300668687629832434874
0.8670963573041907279842723596305524327008180273576186505307186532550398729252826203058201962648384648719354485924424374672341386
0.8606109164369216348496014669014238367929471172125555710530416115878349814834695807919380731552888989775978302524095161771967077
0.85398280941893175028073782148185046030594630367201521038521298298925762750472199949650671526853757697151784784595856080695270547
0.84721313501215490734502009434786664705178060656218896373402603180786994936762364587685407931822352696352664983382362327835866104
0.84030301544659168110237344182195284485086348261221084575728619502789140754543507054981123783181282510243921784230399679340434151
0.83325359623427382788026706860512716585476588708256829422402159463387199960117052182399159603858727670094773784353769994132927948
0.82606604597936918976221485603928772206785796003106334088172250204086303844372156017873215172642191444091688885488544961644138225
0.81874155618445854379095012024369726111159905481475112334873608774935800558035537892603552665060198299834349473107000462102659857
0.81128134105301650997604704390841931590641465045134943428749313872352495949566005192704802091569914423667007835334396064612106803
0.80368663728812926146075017111705885960131314164491080204524773269359683037652347238734177064466101561429689197420293205046623184
0.79595870388748240403979435049294164680106176217086548057184215898744243885926195499832081938047808610935026469551746933817128861
0.78809882193465301052563525322633377756748732656275606866054830848778243549021224716522249124140257723433740049057702129229032202
0.78010829438674040813226662877636272018402137925186162894067919807621424588281141753278757308112139898931211058509356525271916121
0.77198844585837092398211028798951456813388122069784799948580604173221422955356316521157347163431423777181833413991584656029920801
0.76374062240211239494171469954921056314752314438698844237960562475697103557227378721292863609413474395802019687747610118104372062
0.75536619128533484315654179140279317066453599460203233461143416422754693699708752487736597556500557972914934692249694461979789432
0.74686654076355430778529678493125190266917497630879978348140013427160648858715651265055695819389652739461865969385351055457896648
0.73824307985029740643240071300751113570652251031864345090283476033399317469243774842020390941668529865090610916592044791289500122
0.7294972380835247765466742663760876787422954437543503659189984032972596359966298751987577005294690428912501043936047253300587685
0.7206304652886521174994819056077824456684347953780870145146794313913419053276965850092881881939640908065443941687885933896681158
0.7116442313382081180819122948907191465013536611247363997625511539549801352796838174419858592826804388169614355288552558892892402
0.7025400259081691116745446590390758089474561153230274842329785369036672452265930262630304240970955380330493368898503880644248988
0.6933193582310108522525498093839254605197220197953933153997738620329970637838868990331113867273816344174694586214228522998921197
0.6839837568455183486019733947206163371121013833644661908606606840793257078874175853394691906802899732071752611974860538449005774
0.674534769343395231549831510685440748657456346470594136133147144540091593827543181954338392355184343288732211648314564272139916
0.6649739621127146595620242340502925975025626230239617982198334043985586544923042035224224202507936342669766581654570819032436969
0.6553029200782542916510897843325107017178660134618492925495868471566386647486215704134791904827410175873187446626663280689787001
0.64552324643875837307368403827509719285343488375957518906744760804430451196692063468486655090584587477054185459514592353322948
0.6356365624011704886997489437772836852207551114518111968227624728932139267718233082658496718982113821608716458646077069212914843
0.6256445069118810411171838303595760099618261887796798047034254600597711140477685858639350800321423891858901221529495302256759731
0.6155487363850340054142074445772549164103162221019609160042180864793313362505263802657853459212383013132674974062902557311032643
0.6053509244279380000744582223532227722435773265837250577512594658327327187055499156832054270568159100157178508356168509955504385
0.5950527615636271934464126370580067583887139680655418015005920001036284065939118893113535392235678834544486099081009082759861403
0.5846559549506180377293309397233808335215309332101976197775225896327763964520975887498403551927292992950528877986386024129398028
0.5741622280999082872743416512440854689935179491569514566416461998541446270223873003434033261004438377517329632819839921900073886
0.5635733205892652151543900829232970125365907136960579254816580886398110365011552394151641169284460336396450395415103551570000678
0.5528909877748503913348179248827261939384040274073536859303289851892265799651173534538058482567919015294888386363175142250151565
0.5421170005002288273028157547794826374185304494667604519026110862795190550251126575652663732000204506631881444450816348786317467
0.5312531448028107256157049637365680129638428846696638576912683333452786121902900067572399118501197300823016398574009260763318821
0.5203012216177744984330805663525925743314581810778735679855931188612567620182918822735961571781772316749808739840455800774343519
0.5092630464795201366357277789121659366976615198530739419331347127228383028128924485587188986077191370117403539542594397953371082
0.4981404492207024205356965600631150568263199495074946226819637481294179553422694212045251015080752857479749011974575348281739756
0.4869352736688938643791117548842539848652029503068706314055484034450456240226919176061601765982681573664688763113378935730823386
0.4756493773409276797697043587434444758705095490240604886340767454117972458625404967673958308446199926523560658493571896394838396
0.4642846311349714277315350878170119641462152924831756663126932522619261520531029866787039773279890111267731394610403627615252924
0.4528429190203824053201901465589410753093709631797583453804199761653562016034314608926642162727289235788263046638663059118177251
0.4413261377253961804204984973216225759163266092880211353797248608590834531736296503333379139838173458279483523961764199324013545
0.4297361964227000475745905208846058915847334148815211823379154252031205162219995117279794763667105694073495131360183551219279368
0.4180750164129435283073430500377547504509908191060874678104488973667747789494328038675729581055648278789832043548348518180008682
0.4063445308062383813988114580679155563382277933380015152521690225532031207391400723339718810827700911087480841659473451058912567
0.3945466842017009218384442771552050013192307302713940527608886159578753142149714108481652582005342272276903866925654020163263884
0.3826834323650897717284599840303988667613445624856270414338006356275460339600896922370137853422835471484242886614935559007560102
0.3707567419045924821299403450241143677221114293127337611636117052348174672324771395406975092585964728742833252827295019187473182
0.3587685899448147717126211489990424777175494711571888498572079635134830884806070940943733628067598264556567123667917597838704156
0.3467209637990264260271689060321697553676010391377332191352179297838872227780347323039041841244886665745318824956147898116391273
0.3346158606397181902175277587641011619019714929138976635575729379156024317696166648247165315594612120472729559795729555347183482
0.3224552871675242679827962120388075742713421528347919510736327881903790659668898252723472775127873581523400543787939969070162876
0.3102412592785653105366332100195366743378195760327198772372273450182698139480255196622122164022506279478430183559460680434641866
0.2979758017302670411524832531837467875720374173616190331535933881380957361677966180374329420282256001346060397714034756971852721
0.2856609478057099135815445704561019137167100035610134720343898270094253100083040590450606652946193819338024974687018895437102122
0.2732987389765654461454922049650115907997920650221579876529000565610206812869708859188801958037283908708399087073899412057587862
0.2608912245646751075971409813246555938440313063483654080012719727487643557141815610936508389110195374463627742448114046792859757
0.2484404614023278558706525208303431326075329479144305574313393493897811878491538210627410042769409428404734610360311670820950147
0.2359485134912926465712520969408582242018221655980799002942285637704876465091185569878618615831174481764027508556801497679768235
0.2234174516606624344469632148326786316004881666542957825442414780686294986254915927667751480861030141258928940046383378552307319
0.2108493532235663881073760214400497970259018383114662145524466494843722798365818930999188889257160044200933495388730323427212563
0.1982463016328072258742789717178471005306532907803518701865147705561224590653392514155081707869859691034305872881709207802949553
0.1856103861354807588349992723619116515849586178848190919480369794665249040853620769930752083029201354664781745603597504899881126
0.1729437014266348958919780453084760965524978908565342131438203203804755333055135052194343678241977203676263609489361992966772769
0.1602483473020255248334812160391318322948464082331255087694206765620704490814733266841226528432181455498139228941907334983806302
0.1475264283100268331640205553051788393315826694441146809154609414329767786455338125585612802933429490564569081279460988344496671
0.1347800534027537726042125856493521921402014469367763592079685855483857897373260403042215197044120772832152862565274201839354838
0.1220113355864545017751995976078884740815834649559171803456234919998067400597673092746140102262546612078426078829992094039262982
0.1092223915712307626007459415604958874603597044610683102954395820057398844638750753429917219062697192534066539004888791512974448
0.0964153414201442573706425411045865368536377102038695817482689140215526855088129653114360859121995659936592872342929767063128097
0.0835923081977671951936343438755023950868390319838974379580078667147898786883583628508608346153676027465498973073075037677925393
0.070755417618235268709856038938479933201975390395062099441326099620896688326411551448383147830303283342557030607942551625630939
0.0579067976928614044164461980865933397648274292287063820891508039003103111839053573566940587302735835414881770309903325676150024
0.045048578377368702771935464384172046131851134523206168653247864962560466249672456688993948027575700448055609686421365111210656
0.0321828912188010473731002555473825394895537458129816859369285412789557642180145092582323746037589995886911097421356083687551653
0.0193118690021699159317747312853736528491396249695841222568947941806213498515521760101581543773111099592068499888107900024463847
0.0064376453968959695097626049574257701549571721047235561091318512532009775524792137458735825861665628507441639764820358844327639
-0.0064376453968959695097626049574257701549571721047235561091318512532009775524792137458735825861665628507441639764820358844327639
-0.0193118690021699159317747312853736528491396249695841222568947941806213498515521760101581543773111099592068499888107900024463847
-0.0321828912188010473731002555473825394895537458129816859369285412789557642180145092582323746037589995886911097421356083687551653
-0.045048578377368702771935464384172046131851134523206168653247864962560466249672456688993948027575700448055609686421365111210656
-0.0579067976928614044164461980865933397648274292287063820891508039003103111839053573566940587302735835414881770309903325676150024
-0.070755417618235268709856038938479933201975390395062099441326099620896688326411551448383147830303283342557030607942551625630939
-0.0835923081977671951936343438755023950868390319838974379580078667147898786883583628508608346153676027465498973073075037677925393
-0.0964153414201442573706425411045865368536377102038695817482689140215526855088129653114360859121995659936592872342929767063128097
-0.1092223915712307626007459415604958874603597044610683102954395820057398844638750753429917219062697192534066539004888791512974448
-0.1220113355864545017751995976078884740815834649559171803456234919998067400597673092746140102262546612078426078829992094039262982
-0.1347800534027537726042125856493521921402014469367763592079685855483857897373260403042215197044120772832152862565274201839354838
-0.1475264283100268331640205553051788393315826694441146809154609414329767786455338125585612802933429490564569081279460988344496671
-0.1602483473020255248334812160391318322948464082331255087694206765620704490814733266841226528432181455498139228941907334983806302
-0.1729437014266348958919780453084760965524978908565342131438203203804755333055135052194343678241977203676263609489361992966772769
-0.1856103861354807588349992723619116515849586178848190919480369794665249040853620769930752083029201354664781745603597504899881126
-0.1982463016328072258742789717178471005306532907803518701865147705561224590653392514155081707869859691034305872881709207802949553
-0.2108493532235663881073760214400497970259018383114662145524466494843722798365818930999188889257160044200933495388730323427212563
-0.2234174516606624344469632148326786316004881666542957825442414780686294986254915927667751480861030141258928940046383378552307319
-0.2359485134912926465712520969408582242018221655980799002942285637704876465091185569878618615831174481764027508556801497679768235
-0.2484404614023278558706525208303431326075329479144305574313393493897811878491538210627410042769409428404734610360311670820950147
-0.2608912245646751075971409813246555938440313063483654080012719727487643557141815610936508389110195374463627742448114046792859757
-0.2732987389765654461454922049650115907997920650221579876529000565610206812869708859188801958037283908708399087073899412057587862
-0.2856609478057099135815445704561019137167100035610134720343898270094253100083040590450606652946193819338024974687018895437102122
-0.2979758017302670411524832531837467875720374173616190331535933881380957361677966180374329420282256001346060397714034756971852721
-0.3102412592785653105366332100195366743378195760327198772372273450182698139480255196622122164022506279478430183559460680434641866
-0.3224552871675242679827962120388075742713421528347919510736327881903790659668898252723472775127873581523400543787939969070162876
-0.3346158606397181902175277587641011619019714929138976635575729379156024317696166648247165315594612120472729559795729555347183482
-0.3467209637990264260271689060321697553676010391377332191352179297838872227780347323039041841244886665745318824956147898116391273
-0.3587685899448147717126211489990424777175494711571888498572079635134830884806070940943733628067598264556567123667917597838704156
-0.3707567419045924821299403450241143677221114293127337611636117052348174672324771395406975092585964728742833252827295019187473182
-0.3826834323650897717284599840303988667613445624856270414338006356275460339600896922370137853422835471484242886614935559007560102
-0.3945466842017009218384442771552050013192307302713940527608886159578753142149714108481652582005342272276903866925654020163263884
-0.4063445308062383813988114580679155563382277933380015152521690225532031207391400723339718810827700911087480841659473451058912567
-0.4180750164129435283073430500377547504509908191060874678104488973667747789494328038675729581055648278789832043548348518180008682
-0.4297361964227000475745905208846058915847334148815211823379154252031205162219995117279794763667105694073495131360183551219279368
-0.4413261377253961804204984973216225759163266092880211353797248608590834531736296503333379139838173458279483523961764199324013545
-0.4528429190203824053201901465589410753093709631797583453804199761653562016034314608926642162727289235788263046638663059118177251
-0.4642846311349714277315350878170119641462152924831756663126932522619261520531029866787039773279890111267731394610403627615252924
-0.4756493773409276797697043587434444758705095490240604886340767454117972458625404967673958308446199926523560658493571896394838396
-0.4869352736688938643791117548842539848652029503068706314055484034450456240226919176061601765982681573664688763113378935730823386
-0.4981404492207024205356965600631150568263199495074946226819637481294179553422694212045251015080752857479749011974575348281739756
-0.5092630464795201366357277789121659366976615198530739419331347127228383028128924485587188986077191370117403539542594397953371082
-0.5203012216177744984330805663525925743314581810778735679855931188612567620182918822735961571781772316749808739840455800774343519
-0.5312531448028107256157049637365680129638428846696638576912683333452786121902900067572399118501197300823016398574009260763318821
-0.5421170005002288273028157547794826374185304494667604519026110862795190550251126575652663732000204506631881444450816348786317467
-0.5528909877748503913348179248827261939384040274073536859303289851892265799651173534538058482567919015294888386363175142250151565
-0.5635733205892652151543900829232970125365907136960579254816580886398110365011552394151641169284460336396450395415103551570000678
-0.5741622280999082872743416512440854689935179491569514566416461998541446270223873003434033261004438377517329632819839921900073886
-0.5846559549506180377293309397233808335215309332101976197775225896327763964520975887498403551927292992950528877986386024129398028
-0.5950527615636271934464126370580067583887139680655418015005920001036284065939118893113535392235678834544486099081009082759861403
-0.6053509244279380000744582223532227722435773265837250577512594658327327187055499156832054270568159100157178508356168509955504385
-0.6155487363850340054142074445772549164103162221019609160042180864793313362505263802657853459212383013132674974062902557311032643
-0.6256445069118810411171838303595760099618261887796798047034254600597711140477685858639350800321423891858901221529495302256759731
-0.6356365624011704886997489437772836852207551114518111968227624728932139267718233082658496718982113821608716458646077069212914843
-0.64552324643875837307368403827509719285343488375957518906744760804430451196692063468486655090584587477054185459514592353322948
-0.6553029200782542916510897843325107017178660134618492925495868471566386647486215704134791904827410175873187446626663280689787001
-0.6649739621127146595620242340502925975025626230239617982198334043985586544923042035224224202507936342669766581654570819032436969
-0.674534769343395231549831510685440748657456346470594136133147144540091593827543181954338392355184343288732211648314564272139916
-0.6839837568455183486019733947206163371121013833644661908606606840793257078874175853394691906802899732071752611974860538449005774
-0.6933193582310108522525498093839254605197220197953933153997738620329970637838868990331113867273816344174694586214228522998921197
-0.7025400259081691116745446590390758089474561153230274842329785369036672452265930262630304240970955380330493368898503880644248988
-0.7116442313382081180819122948907191465013536611247363997625511539549801352796838174419858592826804388169614355288552558892892402
-0.7206304652886521174994819056077824456684347953780870145146794313913419053276965850092881881939640908065443941687885933896681158
-0.7294972380835247765466742663760876787422954437543503659189984032972596359966298751987577005294690428912501043936047253300587685
-0.7382430798502974064324007130075111357065225103186434509028347603339931746924377484202039094166852986509061091659204479128950012
-0.7468665407635543077852967849312519026691749763087997834814001342716064885871565126505569581938965273946186596938535105545789665
-0.7553661912853348431565417914027931706645359946020323346114341642275469369970875248773659755650055797291493469224969446197978943
-0.7637406224021123949417146995492105631475231443869884423796056247569710355722737872129286360941347439580201968774761011810437206
-0.771988445858370923982110287989514568133881220697847999485806041732214229553563165211573471634314237771818334139915846560299208
-0.7801082943867404081322666287763627201840213792518616289406791980762142458828114175327875730811213989893121105850935652527191612
-0.788098821934653010525635253226333777567487326562756068660548308487782435490212247165222491241402577234337400490577021292290322
-0.7959587038874824040397943504929416468010617621708654805718421589874424388592619549983208193804780861093502646955174693381712886
-0.8036866372881292614607501711170588596013131416449108020452477326935968303765234723873417706446610156142968919742029320504662318
-0.811281341053016509976047043908419315906414650451349434287493138723524959495660051927048020915699144236670078353343960646121068
-0.8187415561844585437909501202436972611115990548147511233487360877493580055803553789260355266506019829983434947310700046210265986
-0.8260660459793691897622148560392877220678579600310633408817225020408630384437215601787321517264219144409168888548854496164413822
-0.8332535962342738278802670686051271658547658870825682942240215946338719996011705218239915960385872767009477378435376999413292795
-0.8403030154465916811023734418219528448508634826122108457572861950278914075454350705498112378318128251024392178423039967934043415
-0.847213135012154907345020094347866647051780606562188963734026031807869949367623645876854079318223526963526649833823623278358661
-0.8539828094189317502807378214818504603059463036720152103852129829892576275047219994965067152685375769715178478459585608069527055
-0.8606109164369216348496014669014238367929471172125555710530416115878349814834695807919380731552888989775978302524095161771967077
-0.8670963573041907279842723596305524327008180273576186505307186532550398729252826203058201962648384648719354485924424374672341386
-0.8734380569090171248545491296940929801182805836504009493837565493213362495265280558062576953260765832028402930066868762983243487
-0.8796349639681154658568806788746032837418808182722534923812554489339120920577013642564662909884367154171228326836466302506930488
-0.8856860512009114394992653195534497932541941160377670816512445639923339735379971588034397115274605018172107290716677412353442816
-0.8915903154998372811546720192422073786834536591702679113730295602006493712321880694212820510381106001719912084172964568039784394
-0.8973467780966200372680213016573424924458415999165008970353559820940819861567853102646316118512998775293993643941997299777327897
-0.9029544847245350288935087387425295657540490695443397970964030165971845125313599272234480764751168922463834945157635579516041057
-0.9084125057765976173005214113098262669107363995813928156231377426228495458015427135460076985789136454851272382240426275585273966
-0.9137199364596670477067079713129844518453026688233014415948498729722221221302571179170703184028409155915096104443969268070747952
-0.9188758969444368248642976022896130455876937408072734346540069449457156721403244723534541952053594816982845250450091485998189927
-0.9238795325112867561281831893967882868224166258636424861150977312805350075011023587148399348503445960979630257822478830308691776
-0.9287300136919724836585482897720789275499598567376897174744770525703041232629387596655613380260482856526163612865495774837563446
-0.9334265364071290174432016597787564492234467401308459557972340239472604388358825846914188720743262179088343536028714091530002044
-0.9379683220995654747508983316291659314241704027586253486866339907494911074083430081277600876032108169549891550485369020303926064
-0.9423546178633289293317382455920418052324822679666577545167389827624645871165412474616111910914377962918511694450025482794227831
-0.9465846965685159750485815368181358133990976504260726268085323569105371555650538332200260554173771123302670994738738679135211663
-0.9506578569818113135380358162100965640243802513546421311303603268257885076396244142862260312188347514307342826988243077736103438
-0.9545734238827333838440992823663172070196300715636500142017604541732736996751642686056783874934508169740643476276766604796451568
-0.9583307481755677636245597788613864318300692592662469150989958186847742440345716112500910114548454394375113279045428285192047728
-0.961929206996969786381780368993689218736293331467017617873641365066068462783808546623884093411691843089322571940098181259485446
-0.9653682038192185370970434750791331899267849236423023809024791337812271776733434419998117832428660438487366129698493070128226016
-0.9686471685491051095321650379224498940730624305627829884238899448783431275857977273550849900437266547086227528502608013641305768
-0.9717655576224387321841242200249026551923078142260523924408275905702523981902475833357739312484145355846865333269249587334688936
-0.9747228540941550963180092488375129098000933921408986039896548467516498759855197420664682553693077186035428964929593024788747855
-0.9775185677240119485402319274734049204045861301306937054627522949330334977844740683066179885529551995868349084015520475631456324
-0.9801522350578577418868574544518380086013524913302893891911967929213829633486444755264467059034909807293232355836446402198380722
-0.9826234195044598732697673215849315887626877677273042129685021842905867176685341333209254944150039287248288742640971303378135413
-0.9849317114078797712245656384903673619913976218108675027099542743602315246516888026048615783415767019492233901362615369626146697
-0.98707672811538283611662747722439576157191197195804809324831123279003915072525850536987622428276996872023215762631894957858476695
-0.98905811404087197516309595892919233625674827030953934715267097582994409687459046176739468992900028436312999506312810594479937804
-0.99087554072383421669625732448629035604089355452056780984396295208901267585661198185432658804196230932431786376407702386071965473
-0.9925287068837906319045452831034613917997934453642714354436465294126739971162986277430976450273312390227113927371292463014609943
-0.99401733847024053771814368106301283539116916030951033864552147198679105659957715271640387644404528446361159764537045759191372262
-0.99534118870809170143319760689964543277701844939594464697512289691823096589509490778707303796493815168978903227376412517532438514
-0.99650003813856901596818702825459071458939947581497138633395803847531037456771290467110360072011994225620340822327900631998116108
-0.99749369465559486419401599468936645386215713293604495399390017963894810805633988471366516920818065788682140994637578991459266142
-0.99832199353763514145156943469158673355558762614177689323365637237882418907446887129000627785724539829674739923790884529931563979
-0.99898479747500565704244735667851525677037197647197789151586463013549510594265730538724634910630567453008679683959544623640336671
-0.99948199659263438802569583258663131062293682017103854684484482742522026065337507189131242621471760377617630109873879578111004387
-0.99981350846827581195086342157642760779641277113983573165319125243696021465598640025075489252210141321431595374363966788054379782
-0.99997927814617429908074420733405259692270795089892251673480439569972370833687844636243824508271750449842782286428083464075975069