0.99978068347484548461275180157263782579660382229772950455810185323695981287594142737339525506908377978208559706361608586540407295
0.99802672842827156195233680686345055333690521970154311953512440681488813141422662367509455701853766530310506124950373678404481687
0.99452189536827333692269194498057038152079208870931942736655883357431625068689836257930622038336092967901760933592087343856440085
0.98927233296298832278216691064796730291600171270123359143508473406280598857948324436915932377716105163850888058545426704971277524
0.98228725072868868108564174286526841638847288663501387770945453614101988479554651205940723588568660958786784136116504966296259223
0.9735789028731602656557933896424689674806820364060534289974546336075596353704937780201687421834370865062814531643494896256700557
0.96316256679765815840982872506431926548876461198306569031902001952695950957432184745106888279770078691209300418770624680176902001
0.95105651629515357211643933337938214340569863412575022244730564443015317008519350171879281097081138167589971755140300420898706619
0.93728198949189150231244123923508336834090525572882224969820570599681844818176158927084343090763335440819834126273024597247062763
0.92186315158850052978954670827761612954233142398301051986879940580864216448818055553369888161869784489893726039757912891632384241
0.90482705246601952771366864793269759397041391104248708676737128360244744091248234119457139508611320860990466464374264360344986263
0.88620357923121470810139341552441418860491172051231777353792289576023722629370963963294369030728494878073858824294588351723044885
0.86602540378443864676372317075293618347140262690519031402790348972596650845440001854057309337862428783781307070770335151498497255
0.84432792550201507854855806396668150538165924141543890606643880698234057233445293478799884447900666532853028188214792696404851079
0.82114920913370403660758281629085105203093971683105463671087553201111203351253238461804485433046131087744113917648575076563806808
0.79652991802419628441642794846110733559941317702289085905415160455612248381169326935930402449315075136263798678954041936790320659
0.77051324277578923080300963639617784727166767211952072510650240048711766687306171975712384998343789933725845665379321943723836621
0.74314482547739423501469704897425697718911387349802638604012367054777034442111912541416405424808380861803436695639437010239598251
0.7144726796328033701675449790578712970711972055388464200827945351985285093520120773618936521278951292557173239884826208482907853
0.6845471059286886737322833576212092698895192327047253011661536834387909580256260748512189633497075115944954957193483972298681421
0.6534206039901054365978928117072075521458866187801260143338302029795138576921299886244033909648879020416602699037560577906273042
0.6211477802783103636252197631550064720171474253120363500334934177366668810085049835883064170030598099322008834982404833859489498
0.5877852522924731291687059546390727685976524376431459910722724807572784741623519575085040498627413359600531316027526593663389303
0.5533915492433440779749969257680378916460355899609140419411950154286291656566880205631361192847140939760979142124665260034686194
0.5180270093731302096255602987005081722680618121456506551486792235892609794098668095614069896444967627018525516697288042434692963
0.4817536741017152749871915028721296535285420101520788494094226296476988334660746178119882654245870170802330453938872816219347766
0.4446351791849274839773398810954126616908696297406290775939293913862589657575386031119584377338235713270071470370372107805761975
0.4067366430758002077539859903414976129231396510661734362942863528170377765245464050708021705206195937189644777331682140722254705
0.3681245526846779591569471474929608308988542873891972414015913163261391075709782607808529067741012417063079970872137836637638254
0.3288666467385832444877489311580608642425862678548878633756243331615060271034165234350038449207987075462075714574089918723352881
0.2890317969444715919235100320212596975911628037013281278313009501687686773448677031689497788337295749117859574450010923958019136
0.2486898871648547882422837460064479684175674064442192702362254843284310002223097700891752306698056576563756801992236259534782347
0.2079116908177593371017422844051251662165847606277238364071819738823828256640743763046287567227275730578653505950086341065910837
0.1667687467161022715094316028389055210692375836093015245917033055097007813086998695137195809241954550709398846089370265352322614
0.1253332335643042453731187598165087939429182469601196608146478012525196806764872861743948571255470935362992736080387095484206358
0.0836778433323154911060858316418465419394741942114324500564957515913354073999499565765265407556518977324635254672568928378117946
0.0418756537291996295528353515577326832232524790968788674714840887778966539592567048449448458282782834522083063607979565531819381
0.e-127
-0.0418756537291996295528353515577326832232524790968788674714840887778966539592567048449448458282782834522083063607979565531819381
-0.0836778433323154911060858316418465419394741942114324500564957515913354073999499565765265407556518977324635254672568928378117946
-0.1253332335643042453731187598165087939429182469601196608146478012525196806764872861743948571255470935362992736080387095484206358
-0.1667687467161022715094316028389055210692375836093015245917033055097007813086998695137195809241954550709398846089370265352322614
-0.2079116908177593371017422844051251662165847606277238364071819738823828256640743763046287567227275730578653505950086341065910837
-0.2486898871648547882422837460064479684175674064442192702362254843284310002223097700891752306698056576563756801992236259534782347
-0.2890317969444715919235100320212596975911628037013281278313009501687686773448677031689497788337295749117859574450010923958019136
-0.3288666467385832444877489311580608642425862678548878633756243331615060271034165234350038449207987075462075714574089918723352881
-0.3681245526846779591569471474929608308988542873891972414015913163261391075709782607808529067741012417063079970872137836637638254
-0.4067366430758002077539859903414976129231396510661734362942863528170377765245464050708021705206195937189644777331682140722254705
-0.4446351791849274839773398810954126616908696297406290775939293913862589657575386031119584377338235713270071470370372107805761975
-0.4817536741017152749871915028721296535285420101520788494094226296476988334660746178119882654245870170802330453938872816219347766
-0.5180270093731302096255602987005081722680618121456506551486792235892609794098668095614069896444967627018525516697288042434692963
-0.5533915492433440779749969257680378916460355899609140419411950154286291656566880205631361192847140939760979142124665260034686194
-0.5877852522924731291687059546390727685976524376431459910722724807572784741623519575085040498627413359600531316027526593663389303
-0.6211477802783103636252197631550064720171474253120363500334934177366668810085049835883064170030598099322008834982404833859489498
-0.6534206039901054365978928117072075521458866187801260143338302029795138576921299886244033909648879020416602699037560577906273042
-0.6845471059286886737322833576212092698895192327047253011661536834387909580256260748512189633497075115944954957193483972298681421
-0.7144726796328033701675449790578712970711972055388464200827945351985285093520120773618936521278951292557173239884826208482907853
-0.7431448254773942350146970489742569771891138734980263860401236705477703444211191254141640542480838086180343669563943701023959825
-0.7705132427757892308030096363961778472716676721195207251065024004871176668730617197571238499834378993372584566537932194372383662
-0.7965299180241962844164279484611073355994131770228908590541516045561224838116932693593040244931507513626379867895404193679032066
-0.8211492091337040366075828162908510520309397168310546367108755320111120335125323846180448543304613108774411391764857507656380681
-0.8443279255020150785485580639666815053816592414154389060664388069823405723344529347879988444790066653285302818821479269640485108
-0.8660254037844386467637231707529361834714026269051903140279034897259665084544000185405730933786242878378130707077033515149849725
-0.8862035792312147081013934155244141886049117205123177735379228957602372262937096396329436903072849487807385882429458835172304489
-0.9048270524660195277136686479326975939704139110424870867673712836024474409124823411945713950861132086099046646437426436034498626
-0.9218631515885005297895467082776161295423314239830105198687994058086421644881805555336988816186978448989372603975791289163238424
-0.9372819894918915023124412392350833683409052557288222496982057059968184481817615892708434309076333544081983412627302459724706276
-0.9510565162951535721164393333793821434056986341257502224473056444301531700851935017187928109708113816758997175514030042089870662
-0.96316256679765815840982872506431926548876461198306569031902001952695950957432184745106888279770078691209300418770624680176902
-0.9735789028731602656557933896424689674806820364060534289974546336075596353704937780201687421834370865062814531643494896256700557
-0.9822872507286886810856417428652684163884728866350138777094545361410198847955465120594072358856866095878678413611650496629625922
-0.98927233296298832278216691064796730291600171270123359143508473406280598857948324436915932377716105163850888058545426704971277524
-0.99452189536827333692269194498057038152079208870931942736655883357431625068689836257930622038336092967901760933592087343856440085
-0.99802672842827156195233680686345055333690521970154311953512440681488813141422662367509455701853766530310506124950373678404481687
-0.99978068347484548461275180157263782579660382229772950455810185323695981287594142737339525506908377978208559706361608586540407295