0.99995731170336783644159972905996099738543374736583133051899609301720902055614463650063820466257702940787140001033987557681662277
0.99961582719748739830286289014960871810726985830740744781547888558439411230207346726220366279258077976260969941572541138838963243
0.99893297480237244440576152705469907708673647789562806672773601527668261747029161470216829692640993840862854764657459699876693951
0.99790898771149034176168281111503136732853908543344649137516642264833476751607663579197028757691060330982496684595201805153386656
0.99654421561549454653698184175075230309327576379468642835937890711070357990560656507824982507157013862031439213901220727476629983
0.99483912458280556625118594082266885947725494346224860731902337250755097690687304365592411942053619330716220111708469033138818915
0.99279429690044902114145906143432448660491887137224872088757849202233373857903452770332038930818311037383310761889822812565883747
0.99041043087520515834956124006290942948453605488280431085883352649977985094308173661412974548668734385905806670260068410241429227
0.9876883405951377261900402476934372607584068615898804349239048016380729359697127357119630379998867786054499817482576411059702442
0.98462895565158364617062817388363842563637559787298180358539272442715225167964248862032141141988241669561488416177302888723671166
0.98123332082169842303716122423901738996613845673483180083446304890439650460432417081996919607610191049655854786840830732503079569
0.97750259571166570329467053692993288325393385643532505053203008109784054137659247900598114371050790980113221189140761107300806718
0.97343805436069282581355142670615575609630111015855576082573102870656657236070371282692450189534262905424429341197721422826613441
0.96904108480592759967749724739225940913480850007406936626362947045743942882893292784214901572471480067530151649416255969786405151
0.96431318860844488979498072769398908231159450864089810788007703354021755708546791489369303563861382098947606100672892939091443102
0.95925598034046488542105022556135055998204193955760566643772210988600890573480833025063388207410417859224231149196695247313435584
0.95387118703397816608097861037825575237132305684964187504208827890545609581371886291035330620827433409973804841955623846638507382
0.94816064759096585893063430947082341493406168521213558071866035366840358487172715414565596422137299560416573575015992737497688297
0.94212631215541629682953547187826822621587951906833104588697966148572135497146639299132789659406778908459178142396155707019336102
0.93577024144735263286255639023578124792088019722988672257223234117216731072487606388353115181005087745518390713701876902255990518
0.92909460605909884026982614011379907963772749449139649846372253941244837676762021215260264375052004967513865482773983010650191848
0.92210168571402442230114888064782763677050045897089667634545645673092733886198546731212770419944285408283345198849235284376845608
0.91479386848802096999746258085738668038041020821274434636731798308997085284306519492150215360874720569804953485362304778615715398
0.90717364999397643294164429822519150615252437362899916350846970387485456767231239682595434402819879005215911972439287397181593309
0.89924363252952560426809311044769040328283821865286423469237613570377460143037868570052716985992943912008062355051556871925899516
0.89100652418836786235970957141362631277051851903608874540552228452249227417613522437793858273486147775249394307502799639420326536
0.88246513793545565340935558479982657312201952287324494722715690764002009906370459089124194206547527928414324976994447576280700828
0.87362239064636953713177516034038717535242980235958951991844318977108588719954512998740277374690010627202516972831439505838470292
0.86448130211120784816783175365538619323410872320472680598155489138200399775292004327692252060606462292031926480545038472307899913
0.85504499400333114394915061332827007357864363397212796098592573528773895949888497178463288420540957596878806845482188526395067052
0.84531668881331361184948161179438304779657608885868173977629399354582239227598058446283149188132156874551506731159737742714844469
0.83529970874846549024062753015817813443123175554890787813774420410144448742397656498783439325259793380505711923888322547114431953
0.82499747459830231553799377894442196181604402928594010070041279961849675799440758281632167198499373089903497236616602669173864003
0.81441350456634843644854378552746259777634377814246732926667956459201879683169906127660551249556365631386908191060898875382864179
0.8035514130686737334508532988817735576948244200102656360966803526600086379187531462424885318687733101466345761229254454688487335
0.79241490949957384211689421122191886302980998615588262565255146182429957151343934087157006589097607341279964129003907968185422928
0.7810077969648153993485165329344206247875756034284913175896588950525832478553350972290537501911541987930480629477741992886652191
0.76933397098287890811655793113487934445804121260007252087093694246815069305372521774443067015469116037337760405403247780428822367
0.7573974181546427450744740413616254438369726858471170108176726504324548389663132799726849315557399664221564410171420981564470915
0.74520221480196261273917987462241457976612251965658665999246596511335395751542545279429667749363504734792510421648286096486714865
0.7327525255756113601089778891906754195833632201489004643978320003858505655708280698781293596183082300361635929595417908518698201
0.7200526020330545589945579004742141770962919120156348908601337073851572820839288592800423408155336163896291443146275820426124862
0.707106781186547524400844362104849039284835937688474036588339868995366239231053519425193767163820786367506923115456148512462418
0.6939194840220496024971345025723213062722005045172649004301004388498884091773698238436814788534718848806393719051570054890794186
0.6804952139894615155893549425555136444796092316748045604967991538687491567701954239208083638905692148053165791822940466787013078
0.6668385554647013466580270931972678330506110422262277962989034311523112580033683685008061630086975786476819751300791024472631987
0.6529541721841443631043211725294669860786204405900790512486609776596526578187422553944507222676506403592687211786043442973170358
0.6388468056519613170701714797131712501021515483562166964005957137464609922425142133683739210341438657157032743693115699123495406
0.6245212735208991148438476737216860393595179555542262179066076339460250681458619959353896193399402372636285749212382001836629426
0.609982467947056817269004531601381737975694612265134216107996409222334572761473584702309864677631065046318954550754305445279946
0.5952353539192188136458719566586932480784783027850235331253154596967358667756508209898812321584262416954228845125394988498079613
0.580284967563315700315191131061133391944762874136415925274987164090709414995976555652880932366085628423134766130450806798299496
0.5651364144225918889815679062534626407621277307976660240556031733485155910332981637127335715649614262675108206719381773149527627
0.5497948677140672659624533182882455622451378838673285222709828913910629968322165822448666518403100392564200578236320902948200684
0.5342655665618883191088528662836558934166338766844198916730914069729730402611659009386254686247468497244340922125649408217407082
0.5185538142081720413694846141034434793113310786829362796172161342872745127499924792987503759862494438524775792761343708320395413
0.502664976201953606166263449423636794271230227275559073176455035449717536729846955840527518847503167135327470908183637718211966
0.4866044785668562872908560142642961120006081718522027755294582551057348400002163465393221508006325313767352588689582598992701026
0.4703778059481093623660542093967651813549166128580462033602438075866978205278948442437468240622335133484273718759392520058017159
0.4539904997395467915604083663578711989830477030490215569853160058220267841318524287544734392219467971394105835945460568632972604
0.4374481561912262997914724733532265908408102402408310456916108079223477223225051676979980780481513580420135954570199857673059387
0.4207564244983151087674687279031161057383492153150916367087993730586763343162322995670975989694664746226079219855208670998271063
0.4039210048718949626390971462228293575194012643327475471811724474110267488337357670526801582545319203847209615864003553910625372
0.3869476465923452655778842625941764424788463183398290733876840823330120890723398824296517676808378707966589941583201868741745771
0.3698421460459690991562817536842591355253480711097832908374605113558782574888023909316627116588558003910469085013854916252150971
0.3526103447455326099459222373863570959797112405236104697640558585772322100860823472790717652000757754640639913211432906416422592
0.3352581273353937513197729471711492784581194905513310074574016503058289906253900872229094795693037038744969984535284526268593568
0.3177914195819016261653495764591287854944227169834904296720871307746765583962772103161522493107885516012309480961214000232096345
0.300216186349752707292447778890146372591311733803411205172276693460141855798030360702303590390971385451401309927073158622651118
0.28253842956499500803225215284558282828046466658308427108008372555257322658038336920277859551408532067472791578695124235834388
0.26476418616537583523746029865154258615235964055816065923561122530011290772293770023564808131726641872541264321893953711940034
0.2468995260387330790480749781299718894007301449155244784346040020097600603248267754836291628002463254180207960182923455546877047
0.2289505499501340769087585503449667718434942376847294700565353962764781294872518042494162230087415329739711231746315892714568851
0.2109233874584699320167285412323025560035750350663173114738250365767802295277366853626149204246315565763612063184481999654954215
0.1928241948232167673318252601936220025925249358211496267198973250759263798751063725951141450875587513117477330834370906847685792
0.1746591529020787542628797718579047298929651397652444815368462806030498078820465458591564593461701937727007319249513879356992635
0.1564344650402308690101053194671668923138998920856607900846413460577587933056235793366958726768486883751403008476804469373981788
0.1381563549518821982285452297396081025637465124391011281768400425398129384002111766801404132312853939566777394179602933152999862
0.1198310645948832382029820022773916486653869767167691476413475537334723798379673033874713610420335629841818921693203534262163426
0.1014648520391030071945556877010848359058571667280880189577362976947240327399941285757996540594337074092718271841109014422003196
0.0830639893293039182224340123676953874414887107194836871511702713967389115700315305809035485855014215353803004789851120807798161
0.0646347603432442385536475061510550271884366660891239369275973757284968999200355967402020804352022649911063204903238994992466994
0.0461834586457395919489700179752326427236657602758863103277800501869118249530535626803610836710672544729163632278959495204883484
0.0277163853394163396959218716648367634474044609781935715016507874735314309648334837302703076326332492711576038108107327273861885
0.0092398469128908061803365246901275186964540570111013135269003703689739408376825565723029578054392747767158057126923809601002745
-0.0092398469128908061803365246901275186964540570111013135269003703689739408376825565723029578054392747767158057126923809601002745
-0.0277163853394163396959218716648367634474044609781935715016507874735314309648334837302703076326332492711576038108107327273861885
-0.0461834586457395919489700179752326427236657602758863103277800501869118249530535626803610836710672544729163632278959495204883484
-0.0646347603432442385536475061510550271884366660891239369275973757284968999200355967402020804352022649911063204903238994992466994
-0.0830639893293039182224340123676953874414887107194836871511702713967389115700315305809035485855014215353803004789851120807798161
-0.1014648520391030071945556877010848359058571667280880189577362976947240327399941285757996540594337074092718271841109014422003196
-0.1198310645948832382029820022773916486653869767167691476413475537334723798379673033874713610420335629841818921693203534262163426
-0.1381563549518821982285452297396081025637465124391011281768400425398129384002111766801404132312853939566777394179602933152999862
-0.1564344650402308690101053194671668923138998920856607900846413460577587933056235793366958726768486883751403008476804469373981788
-0.1746591529020787542628797718579047298929651397652444815368462806030498078820465458591564593461701937727007319249513879356992635
-0.1928241948232167673318252601936220025925249358211496267198973250759263798751063725951141450875587513117477330834370906847685792
-0.2109233874584699320167285412323025560035750350663173114738250365767802295277366853626149204246315565763612063184481999654954215
-0.2289505499501340769087585503449667718434942376847294700565353962764781294872518042494162230087415329739711231746315892714568851
-0.2468995260387330790480749781299718894007301449155244784346040020097600603248267754836291628002463254180207960182923455546877047
-0.26476418616537583523746029865154258615235964055816065923561122530011290772293770023564808131726641872541264321893953711940034
-0.28253842956499500803225215284558282828046466658308427108008372555257322658038336920277859551408532067472791578695124235834388
-0.300216186349752707292447778890146372591311733803411205172276693460141855798030360702303590390971385451401309927073158622651118
-0.3177914195819016261653495764591287854944227169834904296720871307746765583962772103161522493107885516012309480961214000232096345
-0.3352581273353937513197729471711492784581194905513310074574016503058289906253900872229094795693037038744969984535284526268593568
-0.3526103447455326099459222373863570959797112405236104697640558585772322100860823472790717652000757754640639913211432906416422592
-0.3698421460459690991562817536842591355253480711097832908374605113558782574888023909316627116588558003910469085013854916252150971
-0.3869476465923452655778842625941764424788463183398290733876840823330120890723398824296517676808378707966589941583201868741745771
-0.4039210048718949626390971462228293575194012643327475471811724474110267488337357670526801582545319203847209615864003553910625372
-0.4207564244983151087674687279031161057383492153150916367087993730586763343162322995670975989694664746226079219855208670998271063
-0.4374481561912262997914724733532265908408102402408310456916108079223477223225051676979980780481513580420135954570199857673059387
-0.4539904997395467915604083663578711989830477030490215569853160058220267841318524287544734392219467971394105835945460568632972604
-0.4703778059481093623660542093967651813549166128580462033602438075866978205278948442437468240622335133484273718759392520058017159
-0.4866044785668562872908560142642961120006081718522027755294582551057348400002163465393221508006325313767352588689582598992701026
-0.502664976201953606166263449423636794271230227275559073176455035449717536729846955840527518847503167135327470908183637718211966
-0.5185538142081720413694846141034434793113310786829362796172161342872745127499924792987503759862494438524775792761343708320395413
-0.5342655665618883191088528662836558934166338766844198916730914069729730402611659009386254686247468497244340922125649408217407082
-0.5497948677140672659624533182882455622451378838673285222709828913910629968322165822448666518403100392564200578236320902948200684
-0.5651364144225918889815679062534626407621277307976660240556031733485155910332981637127335715649614262675108206719381773149527627
-0.580284967563315700315191131061133391944762874136415925274987164090709414995976555652880932366085628423134766130450806798299496
-0.5952353539192188136458719566586932480784783027850235331253154596967358667756508209898812321584262416954228845125394988498079613
-0.609982467947056817269004531601381737975694612265134216107996409222334572761473584702309864677631065046318954550754305445279946
-0.6245212735208991148438476737216860393595179555542262179066076339460250681458619959353896193399402372636285749212382001836629426
-0.6388468056519613170701714797131712501021515483562166964005957137464609922425142133683739210341438657157032743693115699123495406
-0.6529541721841443631043211725294669860786204405900790512486609776596526578187422553944507222676506403592687211786043442973170358
-0.6668385554647013466580270931972678330506110422262277962989034311523112580033683685008061630086975786476819751300791024472631987
-0.6804952139894615155893549425555136444796092316748045604967991538687491567701954239208083638905692148053165791822940466787013078
-0.6939194840220496024971345025723213062722005045172649004301004388498884091773698238436814788534718848806393719051570054890794186
-0.707106781186547524400844362104849039284835937688474036588339868995366239231053519425193767163820786367506923115456148512462418
-0.7200526020330545589945579004742141770962919120156348908601337073851572820839288592800423408155336163896291443146275820426124862
-0.7327525255756113601089778891906754195833632201489004643978320003858505655708280698781293596183082300361635929595417908518698201
-0.7452022148019626127391798746224145797661225196565866599924659651133539575154254527942966774936350473479251042164828609648671487
-0.7573974181546427450744740413616254438369726858471170108176726504324548389663132799726849315557399664221564410171420981564470915
-0.7693339709828789081165579311348793444580412126000725208709369424681506930537252177444306701546911603733776040540324778042882237
-0.7810077969648153993485165329344206247875756034284913175896588950525832478553350972290537501911541987930480629477741992886652191
-0.7924149094995738421168942112219188630298099861558826256525514618242995715134393408715700658909760734127996412900390796818542293
-0.8035514130686737334508532988817735576948244200102656360966803526600086379187531462424885318687733101466345761229254454688487335
-0.8144135045663484364485437855274625977763437781424673292666795645920187968316990612766055124955636563138690819106089887538286418
-0.82499747459830231553799377894442196181604402928594010070041279961849675799440758281632167198499373089903497236616602669173864
-0.8352997087484654902406275301581781344312317555489078781377442041014444874239765649878343932525979338050571192388832254711443195
-0.8453166888133136118494816117943830477965760888586817397762939935458223922759805844628314918813215687455150673115973774271484447
-0.8550449940033311439491506133282700735786436339721279609859257352877389594988849717846328842054095759687880684548218852639506705
-0.8644813021112078481678317536553861932341087232047268059815548913820039977529200432769225206060646229203192648054503847230789991
-0.8736223906463695371317751603403871753524298023595895199184431897710858871995451299874027737469001062720251697283143950583847029
-0.8824651379354556534093555847998265731220195228732449472271569076400200990637045908912419420654752792841432497699444757628070083
-0.8910065241883678623597095714136263127705185190360887454055222845224922741761352243779385827348614777524939430750279963942032654
-0.8992436325295256042680931104476904032828382186528642346923761357037746014303786857005271698599294391200806235505155687192589952
-0.9071736499939764329416442982251915061525243736289991635084697038748545676723123968259543440281987900521591197243928739718159331
-0.914793868488020969997462580857386680380410208212744346367317983089970852843065194921502153608747205698049534853623047786157154
-0.9221016857140244223011488806478276367705004589708966763454564567309273388619854673121277041994428540828334519884923528437684561
-0.9290946060590988402698261401137990796377274944913964984637225394124483767676202121526026437505200496751386548277398301065019185
-0.9357702414473526328625563902357812479208801972298867225722323411721673107248760638835311518100508774551839071370187690225599052
-0.942126312155416296829535471878268226215879519068331045886979661485721354971466392991327896594067789084591781423961557070193361
-0.948160647590965858930634309470823414934061685212135580718660353668403584871727154145655964221372995604165735750159927374976883
-0.9538711870339781660809786103782557523713230568496418750420882789054560958137188629103533062082743340997380484195562384663850738
-0.9592559803404648854210502255613505599820419395576056664377221098860089057348083302506338820741041785922423114919669524731343558
-0.964313188608444889794980727693989082311594508640898107880077033540217557085467914893693035638613820989476061006728929390914431
-0.9690410848059275996774972473922594091348085000740693662636294704574394288289329278421490157247148006753015164941625596978640515
-0.9734380543606928258135514267061557560963011101585557608257310287065665723607037128269245018953426290542442934119772142282661344
-0.9775025957116657032946705369299328832539338564353250505320300810978405413765924790059811437105079098011322118914076110730080672
-0.9812333208216984230371612242390173899661384567348318008344630489043965046043241708199691960761019104965585478684083073250307957
-0.9846289556515836461706281738836384256363755978729818035853927244271522516796424886203214114198824166956148841617730288872367117
-0.9876883405951377261900402476934372607584068615898804349239048016380729359697127357119630379998867786054499817482576411059702442
-0.99041043087520515834956124006290942948453605488280431085883352649977985094308173661412974548668734385905806670260068410241429227
-0.99279429690044902114145906143432448660491887137224872088757849202233373857903452770332038930818311037383310761889822812565883747
-0.99483912458280556625118594082266885947725494346224860731902337250755097690687304365592411942053619330716220111708469033138818915
-0.99654421561549454653698184175075230309327576379468642835937890711070357990560656507824982507157013862031439213901220727476629983
-0.99790898771149034176168281111503136732853908543344649137516642264833476751607663579197028757691060330982496684595201805153386656
-0.99893297480237244440576152705469907708673647789562806672773601527668261747029161470216829692640993840862854764657459699876693951
-0.99961582719748739830286289014960871810726985830740744781547888558439411230207346726220366279258077976260969941572541138838963243
-0.99995731170336783644159972905996099738543374736583133051899609301720902055614463650063820466257702940787140001033987557681662277