0.99270887409805399280075164949252017934367563297016685577099756051186744621396291455861694934278240441899118607141770910714048897
0.93501624268541482343978459983783072905051746957843187069638027009183054288001194863399549469645873606855560282996752901007156584
0.82298386589365639457961742343938199065506769308757380582700272457163570015031429594218669825596220625244164549068743996456351107
0.6631226582407952023767854926667662795247641070441061881807863297157262129848846704688858862385844386720999115888120977777299035
0.4647231720437685456560153351331047775577358653324689769540246850166677140715563143036679926468006256640919963528117611045335252
0.2393156642875577671487537262602118952031730227383060133551597186618315628507518719611949822208644472589734577664210402558025404
0.e-127
-0.2393156642875577671487537262602118952031730227383060133551597186618315628507518719611949822208644472589734577664210402558025404
-0.4647231720437685456560153351331047775577358653324689769540246850166677140715563143036679926468006256640919963528117611045335252
-0.6631226582407952023767854926667662795247641070441061881807863297157262129848846704688858862385844386720999115888120977777299035
-0.8229838658936563945796174234393819906550676930875738058270027245716357001503142959421866982559622062524416454906874399645635111
-0.9350162426854148234397845998378307290505174695784318706963802700918305428800119486339954946964587360685556028299675290100715658
-0.99270887409805399280075164949252017934367563297016685577099756051186744621396291455861694934278240441899118607141770910714048897