0.9999789342220707247605811476951663625774482799014643716035092479274352740907847953678588629832444128145530871443504727556109136
0.99981041332380312684343025075164584275490980392014314230673247702738876695942306541999461196752718773008257129389712521894043317
0.99947339992715934973305749868212176137474935201795821827380249542458755108298202280743489826281456918347567642407259240815247046
0.99896795082713615484232046684759502307282759906555898808094707206691876816590274370303292164341160266674193091188635533001447322
0.99829415120426430077382788476852066524351396195606483337146344590445851152828017664479822044607325429392084059757394274935084258
0.99745211461025354136230575683712670465497211877898697928901828789998372308959563534279328449409346073866235124349085477287316135
0.99644198294885638642729318913764915653157720344854606317852474129490064711361464811594122239828884024798584738441650931301417504
0.99526392645195385016033087799116816307868320655569990183389231901634851431829958810391605054924090177887187967182675059363660693
0.99391814365086721728270339986191381303115706448867815905012043780915921402505883533757446116058375315294626672336967838159740511
0.9924048613429006616425181697377949998752716146684966849272901517389735651769085120122842352502710518587088008934022722149526779
0.99072433455312035563786577290780789582755038667636921602406436758260956178803205403190071737173522748192707185154412395618388711
0.98887684649137651162056219704217652119693169507334368379484171103424980396912905046370640765962285661205736751039328467580833495
0.98686270850457559811723730442149211742115381047049807478173208543142901288654436665261138647183663540639876778776483644236203039
0.98468226002421077416620262678470609592834626281255673017592116015524838579533039572690555102742562709602436730015229519924786848
0.98233586850915938417470787640945239281611102915549012463512051036606703383159057256910526580252291415972274603785002364797725415
0.97982392938375715331721051915296799440719310092015242878100441416916404051611059403625777198697785788448912204547061536204102924
0.97714686597115951948671854933999105869434407450813284648948417119176275091969086638358982061958845365791529196242621616888208347
0.97430512942200133204397922496401217039955059413653602146505572560533516409656020085995070777011724197792240310676045187867302395
0.97129919863836693994942833490169671899663284684024447283169134102313493239374814818941842317732806527238615790674629515310657767
0.9681295801930834821768568924097110739667404875304940626924680175984445014885092020305892919265066558964241477731135927987281791
0.96479680824435098146250774306009724400607962636782936175612985137430432841728569439021857564170154944657491335565619438104800863
0.96130144444572362830596009506109082260792914374738781206470170439300336560315987409553339788531746178091823930181495507312886504
0.95764407785145742557725835677703768915181316860433806483395911431881973151907135690986446160790528705926146627184395130709895762
0.95382532481724014496626442684580771861604021895239987391106527220442259662510649378602631675400988762418343560653102955229830374
0.94984582889632032470356209873224063271124484643319230092413160661620270872045436546188942909616749262482282070248211334952323194
0.94570626073105281335627390890218433469170044605544348322905494314613843091302189201791029786552362685931066289597106758307482048
0.94140731793987913692619509508938141812730494321356125472267029646881820918784636681279222489262674367091077700927659069240789126
0.93694972499976173582153400238009220292641357616889154181069657030562422709976549985589380183353624103430219710875539167441522427
0.93233423312409188440762002628977819284787023504810054789597895213991805532423577311712301153854380147444200008912559678286290446
0.92756162013609186863708669183594237530250960478672413860580072181255205558251070714575264857618994522899236444677023406988190702
0.92263269033773275658770910453934634837842567081117776236030708545184905414210785047469201636421591925145284211027815965640443006
0.91754827437418985246830649632049233343029680996739405316018455399712229862173457575599168132080312137533154397602102115993243719
0.91230922909385867666255256897555867823765081287052564991398717067080249270594224383410466800170762881094816729364112621653046546
0.90691643740395506254043683562534707077146915588124400327871361838631298500400170423198884205254888775036737311321529129998427619
0.90137080812172370495140594171114868002833049043446561787404876396911667649104624687356958104320225802090540474138569158491444071
0.89567327582128023539647176551869474233985674725864872957788973390019912974624464638532186902206722424735814618248635361661590097
0.88982480067611263473408083107661535098555548259036310032631669901708029678736794975012216643635033302395225633426009430677505172
0.88382636829726852578228723303227841585180698593811936670827587433538475880681748721792775885092527322353937866335118871168947988
0.87767898956725561521448193410437529557651803313578827201637065015746806752548705948951452386227704138649192370986023427047132999
0.87138370046968327658508182739093413231287552542533464903121937026179210867591364386413175036338391713093962069899016589254097171
0.86494156191467398404342369885207699776083714887986049953483954575071264626378707821743203605113243489291075257550481108601341105
0.85835365956007401917768750222867152133905444324326642217836067066967977697972995632146060082569971151698107618708164741772670274
0.85162110362849358135585185755409085478044360329583690036493045942592884992349369245205098245025972095890876138424882382638112367
0.84474502872020713477815970507551548416174503911327056051456942012305656964614508042128195409684494826698514823388612600328726617
0.83772659362194552310689660581015139612127643548511636144178957374769270761074548560998177413202217809702819889510714691901438342
0.8305669811116120748768869734970762992055293212067605428455806175531154152438844812977350247109871072596746510117484994293138388
0.82326739775895560979731873777319918773028714389326163780578052755802173351145597551151582059807175355827331170161171034329313991
0.8158290737222339374165539171643891179916540221908292031606732435735897885581727213670382766937132345054400528693297961292399721
0.8082532625409021153216453283598822557290417371628444185586574507964702376951471265291471749932251279708859803794090420317256845
0.80054124092436040396948619489401741498516960062365649954350095888732864524222953199966128732366543322563827285928024822500683886
0.79269430853679751928397096791597498561864486376440080817718318101814383959866312555857332011984294387308935283664292484467144457
0.78471378777816544219133568896861415550070238919103569359875795453708260897009727764908705893554227408354659955409212464298966253
0.77660102356132269619307925405494800539168791896539253023399134350642109313788415064410866884871189848920750602724042001109546883
0.76835738308538364978267730242408794567815267746000071625902853565199273668602597468701370478207389977992017106407150365970773897
0.75998425560531203988987076843470878577401561880537079848367095813496460029892259282810950644708276209717626792895567344197729019
0.75148305219779754547689064821818746117691176863959495830298561454298986078767240613741807082521757128716058133923247312242242945
0.74285520552345486680790328265447764993724541504533244568292738298587141410052979337258799823445641130875740987150319831352398149
0.7341021695853853856606632485268036942116786554327345990987213421954809119433540581618554767819730357497047711941863124549547483
0.725225419484142094743401140897424723993864234458303933325703485306234275615583541379830213569381504084525164070107507162052121
0.7162264511691390907170466392710457144401336020329675305490390927845329322904938908910068901908316987045656343030834000520754065
0.707106781186547524400844362104849039284835937688474036588339868995366239231053519425193767163820786367506923115456148512462418
0.6978679464237204938572849939891010403489861266867741300272455860193587697575946916472925651199721691146884287232114624631253536
0.6885115038501899510102606807963645409198909681866018378134854323372676188908844088949363735306001791972334867734034969236690695
0.6790390302552792701498820082863534529919962891345938289766655097153283740773474304117902578536426928816885757175263714866990524
0.6694521219823756970211075147258242300912713591014253469790252792812188707261440395214044541416906506790762295978870051699082239
0.6597523946599074600851187783191287607505255216813117612327368454778567772192155121690654903008551929690239612486792065783457538
0.649941482929070880887363638578528459197611636075001850854679422886799158535415346943561932633441708604910518847733989235006351
0.6400210401683533681707978491825779350137026735618151017907197220071141915857214147550761826083688204399445818578126509018424767
0.6299927382148987203447798014890840968285553135963354046323130322764854236589825317534076248052559244926521639439245973101918261
0.6198582670827616930683154320034246370506708298102205804571478517921801415609087339732070442467032041163249888813165766726492446
0.6096193346780993129412310447413707169742618249295012821673293644393982674479528695839597966628078933924174113609743400171692707
0.5992776665113469345300241464975926115075376545836434147828582607858253124322871038219991739250047410148618188368679913659781557
0.5888350054064275460996085989352383516990775764159010543275300702537216344670407968759033176205991727051983076302889845523246173
0.5782931112070433293922956702906754062961650692348909198653606310331831321280006508722448615347733115090861979064762124267169461
0.5676537604800989705068797317784698053862282772410869955634904181116999425125988321493800148103907494084392018573786894517599221
0.5569187462163067023007609756146175710009674918403957509857944195963942743141416898271757023398435060034770680800078191078834835
0.54608987752802353368517795962064886343340148595297867533989720239790679708246216516474048933017784566343473826789467345513855
0.5351689793443715876277998027837541791223102002949748834158571998230082279141729999326832027114881149106356917394114061459201017
0.5241578921036929275395342193027102760955310513356311556798119101991405660258008623498845221432225014059365212639549712784098224
0.5130584714433907009262822423812487420336641434203137688248976528091133584977143841638471451498380158030387008019322597786775129
0.501872587887208869655811618157945919242933679346869508494191199886668261972633650240622333301826815737303955718808367823974265
0.4906021265300032278506985750962633962853040106278385353395146651959106054872823581975004299755422287591581843951041662042946617
0.4792489867200568311976566004526127683332892154267891444565260940212995102568667354232545387468583926860532336291160716732998636
0.4678150817389933752902823231653417560862086977040493462083288101139017421701172807021400485564743685252335460794251018623111313
0.4563023384793424654265626933940429044553216554924108809725711877034182695525117420469505690559256274039432242156285414158059697
0.4447126971198111159961849392581451924535629660714931429193937106998969151022639185860571094608397313679289629163980388202484035
0.4330481107983162041490838385295612903741185430516928384013502997037645390825107555079449478710244330157155859664987851915224658
0.4213105452828329797706054642238342033959158064819713595145344450237417674056214278265281515346951740565757957620581573772029519
0.4095019786401151018365727533406273166778364447279031994866699184697303806880186148748882098780299544561628752069328089314862901
0.3976244009023420299213809370644740433816168648845498483657408261864297889242599205388213563934486022110572430985408769624960693
0.3856798137317499489235803654322297837598099784978085661608051440839498001931568122660151187272345418983453298365528671976006124
0.3736702300833027448973564311824585664711702656118582825115832852883524669836371226598804993278293011732572248878741693760021561
0.3615976738654598801776225021426794367785428338403987297393580289705562111946862220780873778289369247149381727508333594504589162
0.3494641795990983367054385007091167841299185464282604422567544572986595897188242279719163756095662653259997022515795375457673977
0.3372717920746461075451060307259941325234403942565186366316796144797619160696011101655987489588798673813587939965704216558303528
0.3250225660074850179821453793192208669604496927221074758659386772837266388485270062843794500568469750369816828295748498203330854
0.3127185656916809492516374068264368906290305736370405356091613838356952441203346397677457625468444949205904446853245230081990554
0.3003618646520998198199623944845041881836730974112193371181985183880779695825302361567896915796161977896894624001226546373948155
0.2879545452949679511822857626228930065205824921246735252360967615939384370160568984368412597383028450180587684054611838240676327
0.2754986985569357072973819257935794336715997563220609143378136726510299319745923770887480011415006313946927221837959475511127012
0.2629964235527035490163721740118190363685587494676004466744599935482980728882649662411626211894300927331622015424515335523834839
0.2504498272212698871301725994452823580636719305508903059110843804672677148901716476173506341811023815802977673391124078882631444
0.2378610239708603499210756073174349401406008929298061535314115978835329399911876286211139858699915386354658921963882274915853732
0.225232135322598303317781864354817325377016414876592186447381249068504232166769275797936727861512707072667435155811723714234419
0.2125652895529766738829101740168861225007711191723689023425979193872169309537100368929495112492035172940879149807707194672919088
0.1998626213351913268717916825343168544864060819196181381262276626341937579859230615165346840438142812515446104064544768805142899
0.1871262713793964434571584268909498650569669788064856918779777233723384015328051184393878258286657016077421473468313465248270661
0.1743583860719425228838321418471393746250444688911410741484354894028728962323220130820479821170816337943270394284824205046324425
0.1615611171136578067700916963356243673841741049669078000046744463258429546111713390532551205016177824178733177580778385880208222
0.14873662115723408397915257987153077665616603364492500331413224405223402898207454148765238598910011948722175421988627598096846
0.1358870594437779854179622275379782545701765019567613602608632741629436375823787724948612842082168977899691653523763338120534177
0.1230145974385890187558646272469168353853501534086057878427201087037244181681429337105662737458583605677863345789693920355360954
0.110121404466225723368916100609838815533882478138031315964128892826801872691973142752758962076005907835089609500187760737246597
0.0972096533449214457847804239459425130359486215415217880512570427119324142326431064794743381231914235892957416559548904797492038
0.0842815200204113455079778245091760458136731852027011504004984708800746427882672593977745936987552632284345298995542900544977168
0.0713391831992323403273377526578379327659651522719705955481936575989440751964961638475139352453068539941713376890504792983888012
0.0583848239815577890300883479043125080394825287417096620342442979082608723113283985373137611050139156437690580523048902659617375
0.0454206254936287878551374087626346172190736198408604101556999033393368837480523714400800839269480860428640094509699823894950701
0.0324487725198440249985467575686338914570456509216273301865361654790420302436738721684142135629376735272221146192453701455552298
0.0194714511345701950255177946373473817027366545185927405732794443881864411510964402300123452420161420280333691051886847992940791
0.0064908483337350221356936427243599802994323349241285447488775342238549255013880067728058913629313034898715964436301736471207068
-0.0064908483337350221356936427243599802994323349241285447488775342238549255013880067728058913629313034898715964436301736471207068
-0.0194714511345701950255177946373473817027366545185927405732794443881864411510964402300123452420161420280333691051886847992940791
-0.0324487725198440249985467575686338914570456509216273301865361654790420302436738721684142135629376735272221146192453701455552298
-0.0454206254936287878551374087626346172190736198408604101556999033393368837480523714400800839269480860428640094509699823894950701
-0.0583848239815577890300883479043125080394825287417096620342442979082608723113283985373137611050139156437690580523048902659617375
-0.0713391831992323403273377526578379327659651522719705955481936575989440751964961638475139352453068539941713376890504792983888012
-0.0842815200204113455079778245091760458136731852027011504004984708800746427882672593977745936987552632284345298995542900544977168
-0.0972096533449214457847804239459425130359486215415217880512570427119324142326431064794743381231914235892957416559548904797492038
-0.110121404466225723368916100609838815533882478138031315964128892826801872691973142752758962076005907835089609500187760737246597
-0.1230145974385890187558646272469168353853501534086057878427201087037244181681429337105662737458583605677863345789693920355360954
-0.1358870594437779854179622275379782545701765019567613602608632741629436375823787724948612842082168977899691653523763338120534177
-0.14873662115723408397915257987153077665616603364492500331413224405223402898207454148765238598910011948722175421988627598096846
-0.1615611171136578067700916963356243673841741049669078000046744463258429546111713390532551205016177824178733177580778385880208222
-0.1743583860719425228838321418471393746250444688911410741484354894028728962323220130820479821170816337943270394284824205046324425
-0.1871262713793964434571584268909498650569669788064856918779777233723384015328051184393878258286657016077421473468313465248270661
-0.1998626213351913268717916825343168544864060819196181381262276626341937579859230615165346840438142812515446104064544768805142899
-0.2125652895529766738829101740168861225007711191723689023425979193872169309537100368929495112492035172940879149807707194672919088
-0.225232135322598303317781864354817325377016414876592186447381249068504232166769275797936727861512707072667435155811723714234419
-0.2378610239708603499210756073174349401406008929298061535314115978835329399911876286211139858699915386354658921963882274915853732
-0.2504498272212698871301725994452823580636719305508903059110843804672677148901716476173506341811023815802977673391124078882631444
-0.2629964235527035490163721740118190363685587494676004466744599935482980728882649662411626211894300927331622015424515335523834839
-0.2754986985569357072973819257935794336715997563220609143378136726510299319745923770887480011415006313946927221837959475511127012
-0.2879545452949679511822857626228930065205824921246735252360967615939384370160568984368412597383028450180587684054611838240676327
-0.3003618646520998198199623944845041881836730974112193371181985183880779695825302361567896915796161977896894624001226546373948155
-0.3127185656916809492516374068264368906290305736370405356091613838356952441203346397677457625468444949205904446853245230081990554
-0.3250225660074850179821453793192208669604496927221074758659386772837266388485270062843794500568469750369816828295748498203330854
-0.3372717920746461075451060307259941325234403942565186366316796144797619160696011101655987489588798673813587939965704216558303528
-0.3494641795990983367054385007091167841299185464282604422567544572986595897188242279719163756095662653259997022515795375457673977
-0.3615976738654598801776225021426794367785428338403987297393580289705562111946862220780873778289369247149381727508333594504589162
-0.3736702300833027448973564311824585664711702656118582825115832852883524669836371226598804993278293011732572248878741693760021561
-0.3856798137317499489235803654322297837598099784978085661608051440839498001931568122660151187272345418983453298365528671976006124
-0.3976244009023420299213809370644740433816168648845498483657408261864297889242599205388213563934486022110572430985408769624960693
-0.4095019786401151018365727533406273166778364447279031994866699184697303806880186148748882098780299544561628752069328089314862901
-0.4213105452828329797706054642238342033959158064819713595145344450237417674056214278265281515346951740565757957620581573772029519
-0.4330481107983162041490838385295612903741185430516928384013502997037645390825107555079449478710244330157155859664987851915224658
-0.4447126971198111159961849392581451924535629660714931429193937106998969151022639185860571094608397313679289629163980388202484035
-0.4563023384793424654265626933940429044553216554924108809725711877034182695525117420469505690559256274039432242156285414158059697
-0.4678150817389933752902823231653417560862086977040493462083288101139017421701172807021400485564743685252335460794251018623111313
-0.4792489867200568311976566004526127683332892154267891444565260940212995102568667354232545387468583926860532336291160716732998636
-0.4906021265300032278506985750962633962853040106278385353395146651959106054872823581975004299755422287591581843951041662042946617
-0.501872587887208869655811618157945919242933679346869508494191199886668261972633650240622333301826815737303955718808367823974265
-0.5130584714433907009262822423812487420336641434203137688248976528091133584977143841638471451498380158030387008019322597786775129
-0.5241578921036929275395342193027102760955310513356311556798119101991405660258008623498845221432225014059365212639549712784098224
-0.5351689793443715876277998027837541791223102002949748834158571998230082279141729999326832027114881149106356917394114061459201017
-0.54608987752802353368517795962064886343340148595297867533989720239790679708246216516474048933017784566343473826789467345513855
-0.5569187462163067023007609756146175710009674918403957509857944195963942743141416898271757023398435060034770680800078191078834835
-0.5676537604800989705068797317784698053862282772410869955634904181116999425125988321493800148103907494084392018573786894517599221
-0.5782931112070433293922956702906754062961650692348909198653606310331831321280006508722448615347733115090861979064762124267169461
-0.5888350054064275460996085989352383516990775764159010543275300702537216344670407968759033176205991727051983076302889845523246173
-0.5992776665113469345300241464975926115075376545836434147828582607858253124322871038219991739250047410148618188368679913659781557
-0.6096193346780993129412310447413707169742618249295012821673293644393982674479528695839597966628078933924174113609743400171692707
-0.6198582670827616930683154320034246370506708298102205804571478517921801415609087339732070442467032041163249888813165766726492446
-0.6299927382148987203447798014890840968285553135963354046323130322764854236589825317534076248052559244926521639439245973101918261
-0.6400210401683533681707978491825779350137026735618151017907197220071141915857214147550761826083688204399445818578126509018424767
-0.649941482929070880887363638578528459197611636075001850854679422886799158535415346943561932633441708604910518847733989235006351
-0.6597523946599074600851187783191287607505255216813117612327368454778567772192155121690654903008551929690239612486792065783457538
-0.6694521219823756970211075147258242300912713591014253469790252792812188707261440395214044541416906506790762295978870051699082239
-0.6790390302552792701498820082863534529919962891345938289766655097153283740773474304117902578536426928816885757175263714866990524
-0.6885115038501899510102606807963645409198909681866018378134854323372676188908844088949363735306001791972334867734034969236690695
-0.6978679464237204938572849939891010403489861266867741300272455860193587697575946916472925651199721691146884287232114624631253536
-0.707106781186547524400844362104849039284835937688474036588339868995366239231053519425193767163820786367506923115456148512462418
-0.7162264511691390907170466392710457144401336020329675305490390927845329322904938908910068901908316987045656343030834000520754065
-0.725225419484142094743401140897424723993864234458303933325703485306234275615583541379830213569381504084525164070107507162052121
-0.7341021695853853856606632485268036942116786554327345990987213421954809119433540581618554767819730357497047711941863124549547483
-0.7428552055234548668079032826544776499372454150453324456829273829858714141005297933725879982344564113087574098715031983135239815
-0.7514830521977975454768906482181874611769117686395949583029856145429898607876724061374180708252175712871605813392324731224224294
-0.7599842556053120398898707684347087857740156188053707984836709581349646002989225928281095064470827620971762679289556734419772902
-0.768357383085383649782677302424087945678152677460000716259028535651992736686025974687013704782073899779920171064071503659707739
-0.7766010235613226961930792540549480053916879189653925302339913435064210931378841506441086688487118984892075060272404200110954688
-0.7847137877781654421913356889686141555007023891910356935987579545370826089700972776490870589355422740835465995540921246429896625
-0.7926943085367975192839709679159749856186448637644008081771831810181438395986631255585733201198429438730893528366429248446714446
-0.8005412409243604039694861948940174149851696006236564995435009588873286452422295319996612873236654332256382728592802482250068389
-0.8082532625409021153216453283598822557290417371628444185586574507964702376951471265291471749932251279708859803794090420317256845
-0.8158290737222339374165539171643891179916540221908292031606732435735897885581727213670382766937132345054400528693297961292399721
-0.8232673977589556097973187377731991877302871438932616378057805275580217335114559755115158205980717535582733117016117103432931399
-0.8305669811116120748768869734970762992055293212067605428455806175531154152438844812977350247109871072596746510117484994293138388
-0.8377265936219455231068966058101513961212764354851163614417895737476927076107454856099817741320221780970281988951071469190143834
-0.8447450287202071347781597050755154841617450391132705605145694201230565696461450804212819540968449482669851482338861260032872662
-0.8516211036284935813558518575540908547804436032958369003649304594259288499234936924520509824502597209589087613842488238263811237
-0.8583536595600740191776875022286715213390544432432664221783606706696797769797299563214606008256997115169810761870816474177267027
-0.864941561914673984043423698852076997760837148879860499534839545750712646263787078217432036051132434892910752575504811086013411
-0.8713837004696832765850818273909341323128755254253346490312193702617921086759136438641317503633839171309396206989901658925409717
-0.87767898956725561521448193410437529557651803313578827201637065015746806752548705948951452386227704138649192370986023427047133
-0.8838263682972685257822872330322784158518069859381193667082758743353847588068174872179277588509252732235393786633511887116894799
-0.8898248006761126347340808310766153509855554825903631003263166990170802967873679497501221664363503330239522563342600943067750517
-0.895673275821280235396471765518694742339856747258648729577889733900199129746244646385321869022067224247358146182486353616615901
-0.9013708081217237049514059417111486800283304904344656178740487639691166764910462468735695810432022580209054047413856915849144407
-0.9069164374039550625404368356253470707714691558812440032787136183863129850040017042319888420525488877503673731132152912999842762
-0.9123092290938586766625525689755586782376508128705256499139871706708024927059422438341046680017076288109481672936411262165304655
-0.9175482743741898524683064963204923334302968099673940531601845539971222986217345757559916813208031213753315439760210211599324372
-0.9226326903377327565877091045393463483784256708111777623603070854518490541421078504746920163642159192514528421102781596564044301
-0.927561620136091868637086691835942375302509604786724138605800721812552055582510707145752648576189945228992364446770234069881907
-0.9323342331240918844076200262897781928478702350481005478959789521399180553242357731171230115385438014744420000891255967828629045
-0.9369497249997617358215340023800922029264135761688915418106965703056242270997654998558938018335362410343021971087553916744152243
-0.9414073179398791369261950950893814181273049432135612547226702964688182091878463668127922248926267436709107770092765906924078913
-0.9457062607310528133562739089021843346917004460554434832290549431461384309130218920179102978655236268593106628959710675830748205
-0.9498458288963203247035620987322406327112448464331923009241316066162027087204543654618894290961674926248228207024821133495232319
-0.9538253248172401449662644268458077186160402189523998739110652722044225966251064937860263167540098876241834356065310295522983037
-0.9576440778514574255772583567770376891518131686043380648339591143188197315190713569098644616079052870592614662718439513070989576
-0.961301444445723628305960095061090822607929143747387812064701704393003365603159874095533397885317461780918239301814955073128865
-0.9647968082443509814625077430600972440060796263678293617561298513743043284172856943902185756417015494465749133556561943810480086
-0.9681295801930834821768568924097110739667404875304940626924680175984445014885092020305892919265066558964241477731135927987281791
-0.9712991986383669399494283349016967189966328468402444728316913410231349323937481481894184231773280652723861579067462951531065777
-0.974305129422001332043979224964012170399550594136536021465055725605335164096560200859950707770117241977922403106760451878673024
-0.9771468659711595194867185493399910586943440745081328464894841711917627509196908663835898206195884536579152919624262161688820835
-0.9798239293837571533172105191529679944071931009201524287810044141691640405161105940362577719869778578844891220454706153620410292
-0.9823358685091593841747078764094523928161110291554901246351205103660670338315905725691052658025229141597227460378500236479772542
-0.9846822600242107741662026267847060959283462628125567301759211601552483857953303957269055510274256270960243673001522951992478685
-0.98686270850457559811723730442149211742115381047049807478173208543142901288654436665261138647183663540639876778776483644236203039
-0.98887684649137651162056219704217652119693169507334368379484171103424980396912905046370640765962285661205736751039328467580833495
-0.99072433455312035563786577290780789582755038667636921602406436758260956178803205403190071737173522748192707185154412395618388711
-0.9924048613429006616425181697377949998752716146684966849272901517389735651769085120122842352502710518587088008934022722149526779
-0.99391814365086721728270339986191381303115706448867815905012043780915921402505883533757446116058375315294626672336967838159740511
-0.99526392645195385016033087799116816307868320655569990183389231901634851431829958810391605054924090177887187967182675059363660693
-0.99644198294885638642729318913764915653157720344854606317852474129490064711361464811594122239828884024798584738441650931301417504
-0.99745211461025354136230575683712670465497211877898697928901828789998372308959563534279328449409346073866235124349085477287316135
-0.99829415120426430077382788476852066524351396195606483337146344590445851152828017664479822044607325429392084059757394274935084258
-0.99896795082713615484232046684759502307282759906555898808094707206691876816590274370303292164341160266674193091188635533001447322
-0.99947339992715934973305749868212176137474935201795821827380249542458755108298202280743489826281456918347567642407259240815247046
-0.99981041332380312684343025075164584275490980392014314230673247702738876695942306541999461196752718773008257129389712521894043317
-0.9999789342220707247605811476951663625774482799014643716035092479274352740907847953678588629832444128145530871443504727556109136