0.99962030702495140574267085477960854836599662168814274943039758451409326237188382956605528208406748980108010665817283297882632673
0.99658449300666984981935200075048771878050673769934429579983178139442480187165972021554082498729074529175563895014511448291544126
0.99052208463750327552974871617518067628978555706300346264112683786809843109045526932396808729053058420706141469369106026835681211
0.98145149325241789412301115114742897501948130909149880411937198793255323541439079447584765984795986887112403737324414492838231058
0.96940026593933041673610732179616822595731899337336860372517120045902872956825137111896166219959217352893635186491408660746992458
0.95440500187950743135575271828276658340593813430328757911990344878510176240262716445688540188109382919123460047165698476729168521
0.93651124119705478802938933040374180450074092590413542170635988435051380165109726253447612510491172425016334003223801738311669111
0.91577332665505743991934923569400897007667760393252453264809440178871760384101950964540302584786041070235864763963188741981189615
0.89225423861839401792078286340805365670741357809017183838996300020645390454830580205626533845886423218324478208087479515452884825
0.86602540378443864676372317075293618347140262690519031402790348972596650845440001854057309337862428783781307070770335151498497255
0.83716647826252857480606120093691024749873231149542485893847247933305669357460671256142244888405913237722302992328731056277507409
0.80576510566097814487834328003957217832515568880467044228166406753705981297809217749985738757769812536354957919263074922761682161
0.77191665091632089388573727131580338498856844254448129835488861030143689879862555623668881072481773121152074708090343769461749501
0.7357239106731316247742076119610924993214032917500155196519385513035064565583216501679871632541714358502748447468037826816807754
0.6972968010939954123883995190174803108192299948259917455901138843926900339455123447200378566278058215862239616221235678247822903
0.6567520240477344067154384346008419370839415345499836118239695210031066413498439773883865568178927205706473314584471252920882393
0.6142127126896678174443358335144494567519475222095146187459286033403699425521185711667550904092774659347654192063476016252141614
0.5698080575102661816845660286961865846296096835515125747605513613984200167681215669736322924797953370051617246027985582542132981
0.5236729139878778613113179353244932106015595333528824280880610603430974738439173815891713056043004448534530843693183814649362538
0.4759473930370735444313529194551153377644370883352603213423365241709957885279664479768839764797670449476270222888544515138900729
0.4267764354964036681347859720543011341508970541478317210392804199960047851035381532419085325074954082865939143473465562287021431
0.3763093719478354580854128826607312195378380348534888438951982345277284885383366981572129968812531182722959954873434586431426507
0.3246994692046834874075727165465870379355397745415151922954024669294465940645468170874611030300671483004767059147970196362940713
0.2721034648453350043477078027786879151380889985473768581350573160663386956227390263989238055717863519427123902427905187826876343
0.2186810912063758065815451063216740840845348425532720594679648974815953058443055142888982386269223933409597557248532020856109098
0.1645945902807338941436520590879384195121724833596541233514712740490769028524717062977873143800939930386425929513345796884991961
0.1100082209940792950410059556544367917515219151278540903664303342516577908629273321455456382701622853388090684470011381921950745
0.0550877603558654431147216624711434092086812665947469794514905208733972109736990894948428895748050998060217521575874845917537742
0.e-127
-0.0550877603558654431147216624711434092086812665947469794514905208733972109736990894948428895748050998060217521575874845917537742
-0.1100082209940792950410059556544367917515219151278540903664303342516577908629273321455456382701622853388090684470011381921950745
-0.1645945902807338941436520590879384195121724833596541233514712740490769028524717062977873143800939930386425929513345796884991961
-0.2186810912063758065815451063216740840845348425532720594679648974815953058443055142888982386269223933409597557248532020856109098
-0.2721034648453350043477078027786879151380889985473768581350573160663386956227390263989238055717863519427123902427905187826876343
-0.3246994692046834874075727165465870379355397745415151922954024669294465940645468170874611030300671483004767059147970196362940713
-0.3763093719478354580854128826607312195378380348534888438951982345277284885383366981572129968812531182722959954873434586431426507
-0.4267764354964036681347859720543011341508970541478317210392804199960047851035381532419085325074954082865939143473465562287021431
-0.4759473930370735444313529194551153377644370883352603213423365241709957885279664479768839764797670449476270222888544515138900729
-0.5236729139878778613113179353244932106015595333528824280880610603430974738439173815891713056043004448534530843693183814649362538
-0.5698080575102661816845660286961865846296096835515125747605513613984200167681215669736322924797953370051617246027985582542132981
-0.6142127126896678174443358335144494567519475222095146187459286033403699425521185711667550904092774659347654192063476016252141614
-0.6567520240477344067154384346008419370839415345499836118239695210031066413498439773883865568178927205706473314584471252920882393
-0.6972968010939954123883995190174803108192299948259917455901138843926900339455123447200378566278058215862239616221235678247822903
-0.7357239106731316247742076119610924993214032917500155196519385513035064565583216501679871632541714358502748447468037826816807754
-0.771916650916320893885737271315803384988568442544481298354888610301436898798625556236688810724817731211520747080903437694617495
-0.8057651056609781448783432800395721783251556888046704422816640675370598129780921774998573875776981253635495791926307492276168216
-0.8371664782625285748060612009369102474987323114954248589384724793330566935746067125614224488840591323772230299232873105627750741
-0.8660254037844386467637231707529361834714026269051903140279034897259665084544000185405730933786242878378130707077033515149849725
-0.8922542386183940179207828634080536567074135780901718383899630002064539045483058020562653384588642321832447820808747951545288483
-0.9157733266550574399193492356940089700766776039325245326480944017887176038410195096454030258478604107023586476396318874198118962
-0.9365112411970547880293893304037418045007409259041354217063598843505138016510972625344761251049117242501633400322380173831166911
-0.9544050018795074313557527182827665834059381343032875791199034487851017624026271644568854018810938291912346004716569847672916852
-0.9694002659393304167361073217961682259573189933733686037251712004590287295682513711189616621995921735289363518649140866074699246
-0.9814514932524178941230111511474289750194813090914988041193719879325532354143907944758476598479598688711240373732441449283823106
-0.99052208463750327552974871617518067628978555706300346264112683786809843109045526932396808729053058420706141469369106026835681211
-0.99658449300666984981935200075048771878050673769934429579983178139442480187165972021554082498729074529175563895014511448291544126
-0.99962030702495140574267085477960854836599662168814274943039758451409326237188382956605528208406748980108010665817283297882632673