0.99853341385112386457179051107834895692431730312357032297966375045638594260146607078125453432727041887221970210799139532410210573
0.9868265225415261517686243504388935079838979296665842267851097768212818704368481717377205730486916812250271775743776195454365253
0.96354999251922296004333618100249195096324734439492567591958626327337209783608990737645599556182195214930204790577864276383086727
0.92897671981679144178962960108555426208415392351331537222381433280278747423515934177417623164137176219770429638584629497564782778
0.88351204444602292282731689422186412188957591100647121871661214915281036234733918706691561535827971282426217039032374259105404722
0.82768899815689055613578162313750326293047101995511324995078320008829489817409124386413914693347464523151148153131271652828939928
0.76216205512763646325573041380010661699679792228743246282127985260868537586344884240501707534875738427047251462811421052108456663
0.6876994588534232930838768523753670644636115991648214559266318009985068278040439039908200782303144803672543300026590109651030066
0.6051742151937651659242801329801084792646163853970035651936482804070487752128419505624535913284482610240125621302124463056461653
0.5155538571770217397098664966397134305304781997476467967277011231212162149225897434460654513407475908928094325097221018998376631
0.4198891015602645769737108950291563357023648156036048083228645264230429312580782365193824357561957745014348364347994947326116294
0.3193015301359799731972335422795273269786845253211648490985855751041137238302287856628700631411081015516103161120835491300269312
0.2149704402110240671819534770820757537978025578774112877242609267146062517531405914683628883393549710445956180932946738555648712
0.1081190184239417630308083269836870058626991245697169395637076495635517348314458410170062952380613621302912486044348356389853668
0.e-127
-0.1081190184239417630308083269836870058626991245697169395637076495635517348314458410170062952380613621302912486044348356389853668
-0.2149704402110240671819534770820757537978025578774112877242609267146062517531405914683628883393549710445956180932946738555648712
-0.3193015301359799731972335422795273269786845253211648490985855751041137238302287856628700631411081015516103161120835491300269312
-0.4198891015602645769737108950291563357023648156036048083228645264230429312580782365193824357561957745014348364347994947326116294
-0.5155538571770217397098664966397134305304781997476467967277011231212162149225897434460654513407475908928094325097221018998376631
-0.6051742151937651659242801329801084792646163853970035651936482804070487752128419505624535913284482610240125621302124463056461653
-0.6876994588534232930838768523753670644636115991648214559266318009985068278040439039908200782303144803672543300026590109651030066
-0.7621620551276364632557304138001066169967979222874324628212798526086853758634488424050170753487573842704725146281142105210845666
-0.8276889981568905561357816231375032629304710199551132499507832000882948981740912438641391469334746452315114815313127165282893993
-0.8835120444460229228273168942218641218895759110064712187166121491528103623473391870669156153582797128242621703903237425910540472
-0.9289767198167914417896296010855542620841539235133153722238143328027874742351593417741762316413717621977042963858462949756478278
-0.9635499925192229600433361810024919509632473443949256759195862632733720978360899073764559955618219521493020479057786427638308673
-0.9868265225415261517686243504388935079838979296665842267851097768212818704368481717377205730486916812250271775743776195454365253
-0.99853341385112386457179051107834895692431730312357032297966375045638594260146607078125453432727041887221970210799139532410210573