0.99997994120015442091695183923552609504979189551313234847056440042779439939486746347366547799831677458988569194044795365909859514
0.99981947562962292012275469967470309672503887669727862303394686485743926645024969767569515996809730350477029107436702663422972412
0.99949857023827575293041918457267430945154963669524661383756222157048021714954554027714659085273680191652639773073952195649902994
0.99901727652141256240619544641970887864482657699240447729418041781355280809487633183931777345586141115829528088952651332561868286
0.99837567171165341189595603843533765234297389943360360355959592918339674995108021196670237521367053610169489014870226539268287681
0.99757385876654535998585621881732880556720005817637239308791265973506618535301707447825956052227653238829761625861398233311262401
0.99661196635204098757213542090857378641022060139700708709849857174385668372450273687812690600556112206327237185664393377127048465
0.99549014882185152822081915853980255045873407338269609692983579822112868363432431253322970346205681361981063336476589826120877217
0.99420858619267791499549626436748504907600962391018056774942584410177766507060114782009743305647436394432421425238991227885933374
0.9927674841153237183971002969847814634270544089350475441172834229302789583941387629230897276315801435074912658222047571610384369
0.99116707384169461088757159121281177469415725737764691856093232708759743919826765066306181693123984634596769688409318791950036166
0.98940761218768965355337550455834954591054512067477989613550084997081549507413577898399289002213985168762245533577433721110448214
0.98748938149199035969918003510871459767813958590974479368011657871048744290994972559082413606749166189476760804533318474318478572
0.98541268957075414844076561767836354035784183245790404575258155331968281648313449785106641270592603759881132704550155202813626528
0.98317786966821945858381834861159589522788882212620965620689130411715153633545097168818615757113246742464990050510250729207288345
0.98078528040323044912618223613423903697393373089333609500291608854530651354960506391506498585330076325989486627987757846813109608
0.97823530571168986750014062495702338322826300667352900611632259284798448957230175490254653620718627156590120432796641335356549973
0.97552835478494932007329010842176725313981212578462949055578063949334916808762196150759779654922119023811584086730781112055878353
0.97266486200414683134671139205114654433644362250014543967315219975060466308285967071824924485147451805238323424448605648837446852
0.96964528687050222862281787311509058443579196838398863333282787120034576767907578315199653060669271337261379214353815507315410059
0.96647011393158153755811589405687009520865730631431947346534086370073623702842957697315294952656227919756558871482797871514689103
0.96313985270354222086405377996193103221197911796950712854538240471951283516131342447179769970333427104350683986840045282816862332
0.95965503758937173736837097537592490733294926056309007185821232700549187323867746255257663638319352753480403794813275066117951024
0.95601622779313254159638963088471208463489193128531361996897206273674234839610180825764517945154383519561236188037460961211676255
0.95222400723022728487334592327660049074517184914364213653662270886923467739069552244452937529918689253099737681709257549733322698
0.94827898443369861758230214028811016425190247901713489704921677228746207628647400106427806625927825600018141216321106831059446881
0.94418179245657862853493238633717309777332580581464640679133277476485029645221814312209203130862190732138862687766053030240316975
0.93993308877030359132242472765516894829717542655643649575698383475847702731622046796453533213918085496847420090562929081321277516
0.93553355515921031890916793161878458770232069528231802585958393610913467358739878847274225845279688836929681513910038327136371884
0.93098389761113105651147240635403894975899074670095747832000214889452325923864263646419429552400114088628465873481273591956210953
0.9262848462041044688664130146389587778638415923804018599232464835431537142983292799112271218411119678432636471872270150203043747
0.92143715498922090124151257509102631503721497944391995426622808354082036199156032946939412924324186309508805876600830789533217592
0.91644160186962071386439760169857130435561891222608470808092861632708499790942937761990121831070705586022688584648803978392298497
0.91129898847566510676320882055471037398397183356892305914270361045033226550302998509356577087815609555890918820503642705521074918
0.90601014003629946620437898689701261404551924454600458509514352911497404197983927412601461190892693797751832858561858361002299848
0.90057590524662987489584024498880596243071641367369332026971508318077435926735106888494387851030949333171842144448422059569068045
0.89499715613173403579274927445153178681615145180736932522172630018055880704044630100218904482262940801116301103119903314359616216
0.88927478790672846360190883644827723950769572203782337934544284555720914143334650905662817603926458983937543714751323135919093105
0.88340971883311439883325434694552794615344826145776991618987445912984313700222336284290791482841202105402004251903927118222884922
0.87740289007142549639566178551671618872591846882246972537951866070034445430878547434467457139571561943515327053591505447924171366
0.87125526553020093418409483773366774265171274763359271721412709806446642421772849424027143482875258898795357516577378524350386636
0.86496783171130817676051450234250389673054440479657625043740698067418374724135874547146070864811632399850905720056452242559048913
0.85854159755164021499740218211566893053928183929186907530614266051034108574374316444594772356698361328825122054632182072839393611
0.85197759426121268433620029000676311533591902065868659308160858811238133808329331652246598930940893913741660619841781887777274654
0.84527687515768684202009455364512367846166563149983410259558147529943520588793373854724352488434369117894069102019614782707122398
0.83844051549734495719864552912718283219504939562524585259543427394679130473649999433073395808189040052488950076360068980323947858
0.83146961230254523707878837761790575673856081198724996344612459022763792014464234398177491900798065033600294023844344972886919705
0.82436528418568397722130852262513539666365777022152070180929187757696873946061817963774278992074613232812516261543251851798815711
0.81712867116969318456341362715552887547770923371742874826258546433629990369974184689522990580235964177130357364115432389378125631
0.80976093450510247769651961849148433165846045036610169397757176390536133558152646269617527588430438014513851178840994587056968842
0.802263256483694620254637861747172188307929697068056546433892208426804370637472077886917116378802401838288591664173113605196391
0.79463684024878458988432138268925108922633706819252561232351544544744438005096569471663214677263911599965813085981080812053532034
0.78688290960215262708428552666195917580031293922974068812449105805033120747176587768011785155971379718145554478237980974850964944
0.77900270880766224513461787053001859205670629259362073700974538237869065649252973082243632760130830707055205602699753185734482435
0.77099750239159471429577278253196517969381960251756184747990829854388035491351997050295117638238470438556582659238917590743087237
0.7628685749397320603609447286182970115667252851254379165135917842280444390666872810122795678136186947024160303279270235934468613
0.75461723089122113940737970274262365355878966151371408050033354375130810219268863453610084109339920091294168171418378751211991589
0.74624479432925186712898950178635426120922778357692385756992739182189806022363491590307960099390093464202660838423579251418558451
0.7377526087685831923613909375239496758460809952545665779851273896256953562030128611605356356111644030315920279109911961505186719
0.7291420369399509102491652185037024420040967952280076164865207200780355516091595364350713129054691037103536678202393269313619797
0.7204144605713919108725503244467659055836307559978865061572872426125878725473432376885016322856539268324025321857906579640361757
0.7115712801665199539666478810275085553790320769269496964807763716462104811126769182455730522654272268004355719993418200857492136
0.7026139147797885495511433202956792095043074525017557696931409358627119433181551416407685310699131640350531096700367903229502612
0.6935438017887770077640050700950572510861098851450569581252502742780602510380406518509472988359028209881819950319257957652251196
0.6843623966635361988810624317645062213985599331086920993984162403572346246548233533033827808132022236394144222610212946412267826
0.6750711727330310363281085945020878491820276260565319807967398567736319658752126095580442366039176889877697164359481354635486653
0.6656716209487171613775217511318947757111237758359545970995286432173006821873978936545824624878763707388900042039050089165911686
0.6561652496452897680925834661084799341182150708219158206010252468572577611522591896405292045665093652068825907669796502582327957
0.6465535842986429608659043299242659561246551031436398387356264971697293098105709321706185336052793645960201817223488793014184457
0.6368381672810784845208244689671842089416161591980918415891991442656100869563583221529835620494228077924972811798007203971539804
0.6270205576138031083345112324657363207546240425943579094360640983273176765764130923268259379230059417352635821023686861342392233
0.6171023307167543804278990528363366702829229899395912761068028590651370903003617648215130856498006979556942553247122590608327714
0.6070850781557948976807892810070749576526701329975594645277017982460407107171444191822436045807141118858856758801984898843746157
0.5969704073873156586015556503175512063536997537354742641337187987475300867438666483320840546352416272404935681790884704400893144
0.5867599415002894823422225847253364311192265658809416625180617311961698603362935688829905364871953052211234001185541141078082314
0.5764553189558158862344821233592515191294873748929381144697346165401619115974523247136622257354024894179221311510841007598944821
0.5660581933241992167648293947062147788953588644806748255818791690506613079673342340258088433153256494260950605245897063533843422
0.555570233019602224742830813948532874374937190754804045924153528202949247577480068383124880351263934355537945824928208146300649
0.5449931210323176644820741990831625357492478631719598302464989371298914709241459995679382199487131568403832085165078703373481468
0.5343285546587008790461529300736332598585487930748400023527793662907852331711404066798175740361589045753591560523233405870330561
0.5235782452288067089507706752759230253590760716477726713302386582011861452166431286705546193871293524316372069511991530816347566
0.5127439178317744300974889284389842075481196509727529110081772041636247624759778343827866835690943583096669759382926832701925746
0.5018273110390047880856624332962471955018693616811309612449038078423060410625995572928788780043003360303659877217531285850148304
0.4908301766251735503487287505985790031510441224675053241384982572347414611656114610756085616793954444910580911279233772275805958
0.4797542792871263447323837131168139078223290830094080930604127685347071744108118885871363127864793106395820081112345645831501339
0.4686013963606998931195741489483174576490738229938509458322365450166613755928483934195170111693565436468739007890130440678591292
0.4573733175355150814561156659858805538496585663742418618752788751401391548207453920356371487830125541654202545038552525748105396
0.4460718445677876329877006712954628441140979676921373523324473583215775436426968563352254704904763505488254402666378983097778398
0.4346987909912024696318744644678029593535482673460878936825287536767920983706736242698523192622410744968278405325843023666658429
0.4232559818258981571261780158348417871975968806816431574002299654284282942751486607274126787954794440094297716532761701753714782
0.4117452532856081328662244383425252473568641197428711406300976554755065209397619894776096990517712057646959938317685834393565157
0.4001684524830057111263264039551639012689306218107341198542039160249964530334323871095052416083398945712224498549261077981948875
0.3885274371333001485929605677215674991267393222829894801234549050507074560661043613115871220174423532056325420649175238668268932
0.3768240752561313337915892953023417541512452316239749092724778682263847235227433406324187244658973331632539742932522459385536315
0.3650602448758109370051240395249348010768582308341025980611019256641083008972601861113511626407254413060837513010081784897060677
0.3532378337199581226237977483321000170849404719345161023179753838969256541973494117652049750385703804524405849542646065046473244
0.341358738916578183488836683775054561971122923804809250368878632192836467614727528769500552253035765189627695183383546867974297
0.3294248666896327066547445990550609903289731163115689927657469594584402001706160837554483409125602971084997151135093236559331928
0.3174381320531501220571392375847935279692558752410311831897762960388339624151080719376295455641377945071448959031751702907293413
0.3054004585039257197960691681555085104728159678170822543530671679193964988914329541076608753929804551789845429765636806034012488
0.2933137777128604480910025742290585586109076652026038389667087022946866622880137205495340713487150805364549591064161855134536456
0.2811800292149880223968972622323766405732807253159616553146491674843595319052708887789973859676864155287588244930884888087855996
0.2690011600982400866558811295281594632838412493794262727627687460559620448945258370438479057145728817305686221300318461335859905
0.2567791246909993701623183450919038082740386017136204814927279693637143629010076695941906805416414045640241499865178638915358513
0.2445158842484909780079130941165988482937151031684912624648822206549455564041070582983508092206305066848419267329114100792481385
0.2322134066380621395168005272238938045297614483504109186546317954381929967490361660493385648784252876881489856852435658745337069
0.2198736660234009174483752054070849823153912266257800922630513082501939517384476921668237021906499791375319841853754322972836697
0.207498642547744551009288378238679269359412936019396914029117489464190273216741359667912972626638992876234880295710397107929698
0.1950903220161282678482848684770222409276916177519548077545020894947633187859245802253253092340903817309920701055366117589657998
0.1826506955767255541823309968268556175908148635625545494386302136513568805169363558012886204232000478126731170630106636137952788
0.1701817594013310179950987196057537737854034068403407535130981419131392165559352581857279478867845459631725856614920149630919492
0.1576855143650371178359228052203589310580463424718999678817708981135884876050562942807421657746515023449482141581522554698275017
0.1451639657251561591067590150551591935042092570620295003295575049664787385665483714941720239417215422761281401986768845539663654
0.13261912279943908083568373252654412701094356251945338086000971567616443320969028164583672798377234852349227703160922486504419
0.1200529986436426687786547631075763225590722097356390028776721294452421941368999665919827424857884508577154659385147410178903287
0.1074676097284969352484912997198290707522683475516328492851353137420960473012260170839867265252302373926347212425795366340971631
0.094864975616124502324550138575288147334345774994409559080997059261451821631531998345222411622220770150086280348922055924922906
0.0822471186359639130329292941864411862794059715297039354261694175297590894712874820156812504695153289084977030469387413099632967
0.06961606356024887469110815857046742393339861230765572674169118228800152329385033380488873819577208659472480548826786790597088
0.0569738372790955098699613086310741955028037047661327247364438139855470467569273207312403966251234908237369712200685372051076864
0.0443224684752497533286261373626838132150527984979007979777418079125538042719217743064225606448553480791174542062686057679817697
0.0316639872985470878136687739530608144117080664349389804260672476736708314497280089436182862575481997750514473057452729175106193
0.0190004250401368577746269448969162992593890811523456170302035796972214728621189690784390176818586767318083925516821820988116183
0.0063338138065234378259051717912423002416614901300766633218010063987303417917014876908890089349121159867040350090580058007917654
-0.0063338138065234378259051717912423002416614901300766633218010063987303417917014876908890089349121159867040350090580058007917654
-0.0190004250401368577746269448969162992593890811523456170302035796972214728621189690784390176818586767318083925516821820988116183
-0.0316639872985470878136687739530608144117080664349389804260672476736708314497280089436182862575481997750514473057452729175106193
-0.0443224684752497533286261373626838132150527984979007979777418079125538042719217743064225606448553480791174542062686057679817697
-0.0569738372790955098699613086310741955028037047661327247364438139855470467569273207312403966251234908237369712200685372051076864
-0.06961606356024887469110815857046742393339861230765572674169118228800152329385033380488873819577208659472480548826786790597088
-0.0822471186359639130329292941864411862794059715297039354261694175297590894712874820156812504695153289084977030469387413099632967
-0.094864975616124502324550138575288147334345774994409559080997059261451821631531998345222411622220770150086280348922055924922906
-0.1074676097284969352484912997198290707522683475516328492851353137420960473012260170839867265252302373926347212425795366340971631
-0.1200529986436426687786547631075763225590722097356390028776721294452421941368999665919827424857884508577154659385147410178903287
-0.13261912279943908083568373252654412701094356251945338086000971567616443320969028164583672798377234852349227703160922486504419
-0.1451639657251561591067590150551591935042092570620295003295575049664787385665483714941720239417215422761281401986768845539663654
-0.1576855143650371178359228052203589310580463424718999678817708981135884876050562942807421657746515023449482141581522554698275017
-0.1701817594013310179950987196057537737854034068403407535130981419131392165559352581857279478867845459631725856614920149630919492
-0.1826506955767255541823309968268556175908148635625545494386302136513568805169363558012886204232000478126731170630106636137952788
-0.1950903220161282678482848684770222409276916177519548077545020894947633187859245802253253092340903817309920701055366117589657998
-0.207498642547744551009288378238679269359412936019396914029117489464190273216741359667912972626638992876234880295710397107929698
-0.2198736660234009174483752054070849823153912266257800922630513082501939517384476921668237021906499791375319841853754322972836697
-0.2322134066380621395168005272238938045297614483504109186546317954381929967490361660493385648784252876881489856852435658745337069
-0.2445158842484909780079130941165988482937151031684912624648822206549455564041070582983508092206305066848419267329114100792481385
-0.2567791246909993701623183450919038082740386017136204814927279693637143629010076695941906805416414045640241499865178638915358513
-0.2690011600982400866558811295281594632838412493794262727627687460559620448945258370438479057145728817305686221300318461335859905
-0.2811800292149880223968972622323766405732807253159616553146491674843595319052708887789973859676864155287588244930884888087855996
-0.2933137777128604480910025742290585586109076652026038389667087022946866622880137205495340713487150805364549591064161855134536456
-0.3054004585039257197960691681555085104728159678170822543530671679193964988914329541076608753929804551789845429765636806034012488
-0.3174381320531501220571392375847935279692558752410311831897762960388339624151080719376295455641377945071448959031751702907293413
-0.3294248666896327066547445990550609903289731163115689927657469594584402001706160837554483409125602971084997151135093236559331928
-0.341358738916578183488836683775054561971122923804809250368878632192836467614727528769500552253035765189627695183383546867974297
-0.3532378337199581226237977483321000170849404719345161023179753838969256541973494117652049750385703804524405849542646065046473244
-0.3650602448758109370051240395249348010768582308341025980611019256641083008972601861113511626407254413060837513010081784897060677
-0.3768240752561313337915892953023417541512452316239749092724778682263847235227433406324187244658973331632539742932522459385536315
-0.3885274371333001485929605677215674991267393222829894801234549050507074560661043613115871220174423532056325420649175238668268932
-0.4001684524830057111263264039551639012689306218107341198542039160249964530334323871095052416083398945712224498549261077981948875
-0.4117452532856081328662244383425252473568641197428711406300976554755065209397619894776096990517712057646959938317685834393565157
-0.4232559818258981571261780158348417871975968806816431574002299654284282942751486607274126787954794440094297716532761701753714782
-0.4346987909912024696318744644678029593535482673460878936825287536767920983706736242698523192622410744968278405325843023666658429
-0.4460718445677876329877006712954628441140979676921373523324473583215775436426968563352254704904763505488254402666378983097778398
-0.4573733175355150814561156659858805538496585663742418618752788751401391548207453920356371487830125541654202545038552525748105396
-0.4686013963606998931195741489483174576490738229938509458322365450166613755928483934195170111693565436468739007890130440678591292
-0.4797542792871263447323837131168139078223290830094080930604127685347071744108118885871363127864793106395820081112345645831501339
-0.4908301766251735503487287505985790031510441224675053241384982572347414611656114610756085616793954444910580911279233772275805958
-0.5018273110390047880856624332962471955018693616811309612449038078423060410625995572928788780043003360303659877217531285850148304
-0.5127439178317744300974889284389842075481196509727529110081772041636247624759778343827866835690943583096669759382926832701925746
-0.5235782452288067089507706752759230253590760716477726713302386582011861452166431286705546193871293524316372069511991530816347566
-0.5343285546587008790461529300736332598585487930748400023527793662907852331711404066798175740361589045753591560523233405870330561
-0.5449931210323176644820741990831625357492478631719598302464989371298914709241459995679382199487131568403832085165078703373481468
-0.555570233019602224742830813948532874374937190754804045924153528202949247577480068383124880351263934355537945824928208146300649
-0.5660581933241992167648293947062147788953588644806748255818791690506613079673342340258088433153256494260950605245897063533843422
-0.5764553189558158862344821233592515191294873748929381144697346165401619115974523247136622257354024894179221311510841007598944821
-0.5867599415002894823422225847253364311192265658809416625180617311961698603362935688829905364871953052211234001185541141078082314
-0.5969704073873156586015556503175512063536997537354742641337187987475300867438666483320840546352416272404935681790884704400893144
-0.6070850781557948976807892810070749576526701329975594645277017982460407107171444191822436045807141118858856758801984898843746157
-0.6171023307167543804278990528363366702829229899395912761068028590651370903003617648215130856498006979556942553247122590608327714
-0.6270205576138031083345112324657363207546240425943579094360640983273176765764130923268259379230059417352635821023686861342392233
-0.6368381672810784845208244689671842089416161591980918415891991442656100869563583221529835620494228077924972811798007203971539804
-0.6465535842986429608659043299242659561246551031436398387356264971697293098105709321706185336052793645960201817223488793014184457
-0.6561652496452897680925834661084799341182150708219158206010252468572577611522591896405292045665093652068825907669796502582327957
-0.6656716209487171613775217511318947757111237758359545970995286432173006821873978936545824624878763707388900042039050089165911686
-0.6750711727330310363281085945020878491820276260565319807967398567736319658752126095580442366039176889877697164359481354635486653
-0.6843623966635361988810624317645062213985599331086920993984162403572346246548233533033827808132022236394144222610212946412267826
-0.6935438017887770077640050700950572510861098851450569581252502742780602510380406518509472988359028209881819950319257957652251196
-0.7026139147797885495511433202956792095043074525017557696931409358627119433181551416407685310699131640350531096700367903229502612
-0.7115712801665199539666478810275085553790320769269496964807763716462104811126769182455730522654272268004355719993418200857492136
-0.7204144605713919108725503244467659055836307559978865061572872426125878725473432376885016322856539268324025321857906579640361757
-0.7291420369399509102491652185037024420040967952280076164865207200780355516091595364350713129054691037103536678202393269313619797
-0.7377526087685831923613909375239496758460809952545665779851273896256953562030128611605356356111644030315920279109911961505186719
-0.7462447943292518671289895017863542612092277835769238575699273918218980602236349159030796009939009346420266083842357925141855845
-0.7546172308912211394073797027426236535587896615137140805003335437513081021926886345361008410933992009129416817141837875121199159
-0.7628685749397320603609447286182970115667252851254379165135917842280444390666872810122795678136186947024160303279270235934468613
-0.7709975023915947142957727825319651796938196025175618474799082985438803549135199705029511763823847043855658265923891759074308724
-0.7790027088076622451346178705300185920567062925936207370097453823786906564925297308224363276013083070705520560269975318573448244
-0.7868829096021526270842855266619591758003129392297406881244910580503312074717658776801178515597137971814555447823798097485096494
-0.7946368402487845898843213826892510892263370681925256123235154454474443800509656947166321467726391159996581308598108081205353203
-0.802263256483694620254637861747172188307929697068056546433892208426804370637472077886917116378802401838288591664173113605196391
-0.8097609345051024776965196184914843316584604503661016939775717639053613355815264626961752758843043801451385117884099458705696884
-0.8171286711696931845634136271555288754777092337174287482625854643362999036997418468952299058023596417713035736411543238937812563
-0.8243652841856839772213085226251353966636577702215207018092918775769687394606181796377427899207461323281251626154325185179881571
-0.831469612302545237078788377617905756738560811987249963446124590227637920144642343981774919007980650336002940238443449728869197
-0.8384405154973449571986455291271828321950493956252458525954342739467913047364999943307339580818904005248895007636006898032394786
-0.845276875157686842020094553645123678461665631499834102595581475299435205887933738547243524884343691178940691020196147827071224
-0.8519775942612126843362002900067631153359190206586865930816085881123813380832933165224659893094089391374166061984178188777727465
-0.8585415975516402149974021821156689305392818392918690753061426605103410857437431644459477235669836132882512205463218207283939361
-0.8649678317113081767605145023425038967305444047965762504374069806741837472413587454714607086481163239985090572005645224255904891
-0.8712552655302009341840948377336677426517127476335927172141270980644664242177284942402714348287525889879535751657737852435038664
-0.8774028900714254963956617855167161887259184688224697253795186607003444543087854743446745713957156194351532705359150544792417137
-0.8834097188331143988332543469455279461534482614577699161898744591298431370022233628429079148284120210540200425190392711822288492
-0.8892747879067284636019088364482772395076957220378233793454428455572091414333465090566281760392645898393754371475132313591909311
-0.8949971561317340357927492744515317868161514518073693252217263001805588070404463010021890448226294080111630110311990331435961622
-0.9005759052466298748958402449888059624307164136736933202697150831807743592673510688849438785103094933317184214444842205956906804
-0.9060101400362994662043789868970126140455192445460045850951435291149740419798392741260146119089269379775183285856185836100229985
-0.9112989884756651067632088205547103739839718335689230591427036104503322655030299850935657708781560955589091882050364270552107492
-0.916441601869620713864397601698571304355618912226084708080928616327084997909429377619901218310707055860226885846488039783922985
-0.9214371549892209012415125750910263150372149794439199542662280835408203619915603294693941292432418630950880587660083078953321759
-0.9262848462041044688664130146389587778638415923804018599232464835431537142983292799112271218411119678432636471872270150203043747
-0.9309838976111310565114724063540389497589907467009574783200021488945232592386426364641942955240011408862846587348127359195621095
-0.9355335551592103189091679316187845877023206952823180258595839361091346735873987884727422584527968883692968151391003832713637188
-0.9399330887703035913224247276551689482971754265564364957569838347584770273162204679645353321391808549684742009056292908132127752
-0.9441817924565786285349323863371730977733258058146464067913327747648502964522181431220920313086219073213886268776605303024031698
-0.9482789844336986175823021402881101642519024790171348970492167722874620762864740010642780662592782560001814121632110683105944688
-0.952224007230227284873345923276600490745171849143642136536622708869234677390695522444529375299186892530997376817092575497333227
-0.9560162277931325415963896308847120846348919312853136199689720627367423483961018082576451794515438351956123618803746096121167626
-0.9596550375893717373683709753759249073329492605630900718582123270054918732386774625525766363831935275348040379481327506611795102
-0.9631398527035422208640537799619310322119791179695071285453824047195128351613134244717976997033342710435068398684004528281686233
-0.966470113931581537558115894056870095208657306314319473465340863700736237028429576973152949526562279197565588714827978715146891
-0.9696452868705022286228178731150905844357919683839886333328278712003457676790757831519965306066927133726137921435381550731541006
-0.9726648620041468313467113920511465443364436225001454396731521997506046630828596707182492448514745180523832342444860564883744685
-0.9755283547849493200732901084217672531398121257846294905557806394933491680876219615075977965492211902381158408673078111205587835
-0.9782353057116898675001406249570233832282630066735290061163225928479844895723017549025465362071862715659012043279664133535654997
-0.9807852804032304491261822361342390369739337308933360950029160885453065135496050639150649858533007632598948662798775784681310961
-0.9831778696682194585838183486115958952278888221262096562068913041171515363354509716881861575711324674246499005051025072920728835
-0.9854126895707541484407656176783635403578418324579040457525815533196828164831344978510664127059260375988113270455015520281362653
-0.98748938149199035969918003510871459767813958590974479368011657871048744290994972559082413606749166189476760804533318474318478572
-0.98940761218768965355337550455834954591054512067477989613550084997081549507413577898399289002213985168762245533577433721110448214
-0.99116707384169461088757159121281177469415725737764691856093232708759743919826765066306181693123984634596769688409318791950036166
-0.9927674841153237183971002969847814634270544089350475441172834229302789583941387629230897276315801435074912658222047571610384369
-0.99420858619267791499549626436748504907600962391018056774942584410177766507060114782009743305647436394432421425238991227885933374
-0.99549014882185152822081915853980255045873407338269609692983579822112868363432431253322970346205681361981063336476589826120877217
-0.99661196635204098757213542090857378641022060139700708709849857174385668372450273687812690600556112206327237185664393377127048465
-0.99757385876654535998585621881732880556720005817637239308791265973506618535301707447825956052227653238829761625861398233311262401
-0.99837567171165341189595603843533765234297389943360360355959592918339674995108021196670237521367053610169489014870226539268287681
-0.99901727652141256240619544641970887864482657699240447729418041781355280809487633183931777345586141115829528088952651332561868286
-0.99949857023827575293041918457267430945154963669524661383756222157048021714954554027714659085273680191652639773073952195649902994
-0.99981947562962292012275469967470309672503887669727862303394686485743926645024969767569515996809730350477029107436702663422972412
-0.99997994120015442091695183923552609504979189551313234847056440042779439939486746347366547799831677458988569194044795365909859514