0.99997910724560573823798562220747029407382531956170043989150830889886236256064396063392813599195455532635347711660135372020390359
0.9998119704485013989394719262346338476914888446083740200671108331197101979137989486390572719810783932370177035992096580265576383
0.99947772478958531184657199069210612062142545911961932869112106804357389031729502413882457369458761767003695576847287377965203799
0.99897642613477354708699549796250563382145103966003881751205311415544654355973745175591539986397629541982250355949478878245857198
0.99830815827126820804782070878327753293708292269299721175133724350812923129910312700950294033045731377516681527734050689664904177
0.99747303289355321419093026424338401265040769076514804405781855321396346713242431682668428951008861746936074065358427294457989999
0.99647118958472565271700563964767143123968191284586768948295651157821889406560016492361115525220906422751584904680481109290694557
0.99530279579316581936136070968850150086903138567342392479902078301566000214740342500057808437160851845231566137420332336735135378
0.99396804680454984769774109190849742826123480279606654353475821102775476582395806894904874385024019868345803305279596978140481418
0.99246716570920960476731928976291470076278436433698127290630777327318194745491442134153196146692475791688698330714161692791211338
0.99080040336484530850936728661350256157877592796121222796443228956342821049180561226454622581307646911806934346494884991424984834
0.98896803835459709921750995554933116497259743629808526770802380679024248944464716626651691034724042081453353407282679553785289683
0.98697037694048257295122865839134624268135694197287368874788031373117246221670846299422953964311871406058093008207001133149472584
0.98480775301220805936674302458952301367064325171984241879002575235582759994303623927467841005611989916062133620382429048903021783
0.98248052803136219966509421361357384413956105445580089199574736921936704227371859228232280754207611809265122970357555351005360084
0.97998909097100115215894646947416072068402908908593584943939932198576100189843488500120650366265410097011866956413311315789864957
0.97733385825063552320431598071102968258959017041959576757960211550436927687133645931921031353560084890727009088840337763453153335
0.97451527366662988980038804299506075855841878766678436941375299000162340488236767962260385186680387394765077673902616514416743456
0.97153380831802654690133845324904230803227684769571050336369059752102293949262042900706681971680518062777434142723638659814815879
0.96838996052780587728047967243355032260658117074025972247319712921552277956256565868806618789492296951716954624866225356852269758
0.96508425575959650451127828668139201536957403431615695315635036436520323446658719313584025594576871158423912435071698849087170271
0.96161724652984915015435572564135794705838798848185546324367041502023605030920659264835729712306173609822868426517057838650956977
0.95798951231548887443737476695675462425798132572837204319645689646280133506082722922068411404735209726499193704143718497879007899
0.9542016594570611354590046688262782399234213492995431900001761311905641700602475325416880455856976816474152556426701724082443002
0.95025432105738785511263250938648951942125915145273340397209556742476901995139623900668358738025278438111206775120573099345926624
0.94614815687575043038426334415001022230803161750130981835737587845105354483332265080020697325414669807923703198780101974650089466
0.94188385321761737630669522429599701338390806572906850278358167665489205892306737278809358984700477628491169188956899369683646412
0.93746212281993503152360824875820319721445634413009512024558826280718199666603939375519485905314620065988904631910447374627796069
0.93288370473200049900820503309741717307594105539294750073700253584097344566643979307309560594236365615305169620837570676819876509
0.92814936419193673286753353422568562466381276085651114179878510005553053136708807477103831391606391993337725381625289915688980365
0.92325989249879041722219794015027316909937000957666500536513676139894344638001473659928410705549928748827621188169363194470453775
0.91821610688027401475896141531463660248136827999787722216067948484545281226488411179183001719986873212557707616048612574620828103
0.91301885035617409058848474593411400997348052873950562173673554709525010199159825223903527783198818082344684744030909388402394437
0.90766899159744874138044341897622467493033493312730972363365720625879020702986788353758350512525235061237380354589598494863437449
0.90216742478103768027245599634689617850186662424419121981976414717073091630535619934298438066210292697555240182817225850401751462
0.89651506944040924463721019092136494815994825140012313439619349980724998122923280555762346395420821466019311106597138908669746821
0.89071287031186930632411909556266911857255354980273985038631393036629064149031700752733291087437698605432421526407034607463321366
0.88476179717665777234868576472864163903019360467607085046250696099499751027049632996727917177040301800842770020227285805451812159
0.87866284469885906806610483267779931693639553424795286491885333684420539596947171749624391298075316684878303063806074937668438071
0.8724170322591536945178077206829835302286352670405734276739610611173593204360020918759664565738598940494570979391212122880283447
0.86602540378443864676372317075293618347140262690519031402790348972596650845440001854057309337862428783781307070770335151498497255
0.85948902757334517049279410791316574890285199908145341938794349546450364934660235356269493104693188771873375037269595675080374208
0.85280899611768301992435818883839131348651386404620162624713801723043810076371158775809553340467291502534499629480617830817438867
0.84598642591984106085875139140979514425245945884621436716289161138007114393916046507169889647128135467961413149859683694581327512
0.83902245730617473859313488175275849997493210020710048661001298758232084374757036238708144927943087670268682265169612775339617062
0.83191825423641160117511212099011016042513462377181893904300910709629002428540614892607928476045886673003255965484822783190012368
0.82467500410910673401008529682692566398853427102432545997749079754139176886449709881610309766242239827414494875128953582132180579
0.8172939175631806220572585718520963245317471570504666181363478721322897987187375353407668182054977604702356767230458080750982504
0.80977622827557261063338114350509632123884925214443474030910195131153724819876980267132901253211731459385424448972030255955788253
0.80212319275504378508329489193392513362789237842094594682352920181308248879433373907299608102998217294330374745718444083230173163
0.79433609013216373316359529486683492562632952310472006540171061223268740033260087822051325334374550229391221526109279010415468043
0.78641622194551629181266095511285127414703258189210043392455944789311482790716352349210314197456031021919941507603485543105968503
0.77836491192416001194034993611648455038654090587614830735819677264634965086413932235150700938500282899453999681966605013367251127
0.77018350576637970085817414984282280429620065569860505139668149799472363558790046613658508948045666125877190473601118329788506708
0.7618733709147660218811185552405518347441924931368961582651277748155853522907630312058848958695652041733322490120162764522893822
0.75343589632766074436185790856996095507873801904547156356882706884244760452614867172414669159251252868891585779454639445232229256
0.74487249224700584486436131854467758954937671509733980649508972260761558207104814824986971183796541716634316412632364183680919245
0.7361845899626352612452351597539254760445872430031143843397952656606987422752612851425138054108518375151530086897173209358423158
0.7273736415730486959871764176638155218003628206714425769082333536476362618253485084103415271161715943458790082784471381686074997
0.718441119742707453120213669497730633309429978924913558204417502725220103095311266754654725579149766114316700667184426204101677
0.7093885174558928743747246107244689915654890359889141034167934114536470662220169369114855210459462886118404884702717287676474225
0.700217347767168514738377277449050212753999434072698631867765975929757183735970468162864920387297713125198062140939234680741745
0.6909291435484877652411200882259829010561826414159739181457078709013868215390962863000718287010080957787840294889668431229850486
0.6815254572329891914732660189773189976230044704429194716086237364437989715685361820921722311604808388151141888549329092088351143
0.6720078605555224099578662606903293523849503470159491844043143655065121331306547548524848142512440870692103338402400985491744669
0.6623779442899478709574170280106475034792284392340143236283964993049793811438810035893273587574955891627460099571408074129023045
0.6526373179832544555051544978331950698130813880890476146940260570665826220371223763143891256494902879201329934365966292632229212
0.6427876096865393263226434099072634329075598842056817903249772546711128362409586397104882277175943516201478026726464649853926197
0.6328304656828949967291575082908494819410032471560412824455652371014280847891919338447172644141425298375314236827325917009763924
0.622767550212249098576829056079744060095833593467019218567226049278646153806043660263573587073659698023098609311670033162364628
0.6126005451932028395723105407528061702894182859645333260075904651137933584031301276405031016206136847425512272029007946110158125
0.6023311499419146419856153808070399896266161731992915304412347885037915067675602737451266144116461126752392040633065589825011232
0.5919610808880759486160417042216035622549566344737340010873780422636016762131566444430803070639984360045843680441665140969523172
0.5814920712880266679010886485829879971277200982118273975032710750034338727940717837266740958437697366079379703888740069156362415
0.5709258709350582081358152757656716803627838455975765829132676645689757341438972952399421790851941777794938983126581813166220056
0.5602642458669525208372614139650015570519282782682231865886222321904623821540049082241813149931947961317665379776852859223728252
0.5495089780708060352627803740501339165127392448958332597168207483465606968581772275555465299633703598910134315737501961701790308
0.5386618651851878198952110291679241368909973875194987042817237890608382596715916494652654396748669790422690409183196096862399763
0.52772472019968175226589225155706233482264425981677180464958371810180052323698143333181082857314458721792067183281739533090453
0.5166993711518629157241254630634651259006955959853559100580761434737749649531431399472257289091512594624297353846521718222657784
0.5055876608217588706057410565407485204709746765834566204333882675112291844094465498042630616192190222773253763884115620647078673
0.4943914464238468676322445656667217736028506429782438194581200413876331781511974108296650743727355330490281007281897916554960363
0.4831125992966384832153464631711687217907932486230181100090346896459352329606558086918315430719271337745879682145574862042918599
0.471753004589903559580679739135043785798781199302847524041537349941773367080313590807013745121443030452116283935655478448747508
0.4603145609495857271917844687945814969304536521405401132303293250946082838881458022906499601891093163775534626411751790962185956
0.448799180200462172785040334733143616424343677797163952034516495161568534440925899453956410367086953884153383703590310726470011
0.4372087870266006933536688502783824555984794124969248574691963210235010849784194086025029745168938213375942026758989870222070748
0.42554531864966744458119036388199975087689806724829110656968884700924315992170286968366897616701488644802195073414662977628494
0.4138107245051391514602720611055135037413112874615965272957497080122261293533316412739039885278387818443776909853293164517151123
0.4020069659164738990816993876868938660062781683223325424473801687641530896108014245059684367862417626788736650086294556844524969
0.3901360157672949627817039089558747111361681911376897424650729847693904406873541475964053470552786452416477792438350579454109902
0.3781998581716424689370567458606963912893576419966789019568418244496348520886754846240431241924627843755181162620480553032340359
0.3662004881423480006406808994695871048767638428310660491407977575115963356386035060029433232735807227914349247611567623754882689
0.3541399112575875762220711501004967607403536948168324063023150766297443774275165291495122752289761842230495063993374196305183334
0.3420201433256687330440996146822595807630833675141606284650484976847147637020775995641901823385255475404735335311778255036375982
0.3298432100481077441599397157803787743264796663667532773017213121527844202365962159679336818925858301725182362669789242468306797
0.317611146681053281201529441463513217204800649851921525811002822680781620754553881411879144905158511807372659606992305744996345
0.3053259976951131132464497200207003302046398234036465831752877499978571437406817044667254992843567618380597570481632790853570664
0.2929898164336406983271220240177417609354143172238648978051292535578244333138314975304316207063230351325365878840932559353323202
0.2806046647695387816602183650230594069760942062797365852179827266196361179535241427069949910157970848489903119382695434751631102
0.2681726127606373625421023949845001098525817366675610906054311532857655958265951905252012675076252563919714841077230188877809526
0.2556957383037036301365536759569230238040849983272428497395569529115561682445702562243547348998224229723986358804452597232242802
0.2431761267871416970341420561436273137489580095569419050392529122950159472138953258937025715439119699839119835979861521824078928
0.2306158707424401784501983492929391024576185050569294662882235428151650732354787208103425869311805029191129287629900468101825793
0.2180170694944258742137695090723527638788341062964288056603808655298654277849862473991742401748458441322622469529528514724019844
0.2053818288103820102482711908418119298718824363553935974770058448171534378803480907568138755422873672147689036248820891566500738
0.1927122605480896860224054355800492672292935984558382547885488096086059403071739790760602816616341693903211741932546252941786021
0.1800104823028513544255766690554451786397155725921723445184539018393067066323043415822086939774395721115794428775527172445470819
0.1672786170535553306654340989153803929182556884314900688489067648124583610781389276186097695726895394011171415830932904483928936
0.1545187928078404870678550969809326226894001495167991933788057631946237948023004707215885965573608271585116993887096566345262538
0.1417331422464204410548725791128343505167801789644107078742256521624157034599245512789351719415036097141778387402180437258301186
0.1289238023666266840586026452834382434730404864719449399634261491662560460474138583787708537117537851943639966206008418405498573
0.1160929141252302296756665233807114688534759015769312753371502830323703234705503727188339361698865591822733287033016849139065494
0.1032426220806014799551036024290176887346312765950708814276335957837128537928284495677062652998708662295926029505887913244660618
0.0903750740342681193231848471241283503985877760768431054973093341265004083111303481968166869197545901421381268228501768735361241
0.0774924206719309462623706995199705145133323532198657598422733496293391474408591005268812829996805287014074530768827226826957088
0.0645968152039976434620980699312547877348136276283041953531843927109599569438266566315441791937493479301605514111231612547973445
0.051690413005694567730984213809910618597621449595639363776300942783969797742746645140251461594946109351637392612374218321237043
0.0387753712568167114899343733188464947777341458298564832996153496149263663313358648955802752991216633288135687036760211087048465
0.025853848581176048141746643839408003449881670201751238671715319613767295205760129738148379576080251823438034343254571068509992
0.0129280046858085240250136127698177813257832679591200082860175656528556710893997383132715255269280063307233475664252555372246026
0.e-127
-0.0129280046858085240250136127698177813257832679591200082860175656528556710893997383132715255269280063307233475664252555372246026
-0.025853848581176048141746643839408003449881670201751238671715319613767295205760129738148379576080251823438034343254571068509992
-0.0387753712568167114899343733188464947777341458298564832996153496149263663313358648955802752991216633288135687036760211087048465
-0.051690413005694567730984213809910618597621449595639363776300942783969797742746645140251461594946109351637392612374218321237043
-0.0645968152039976434620980699312547877348136276283041953531843927109599569438266566315441791937493479301605514111231612547973445
-0.0774924206719309462623706995199705145133323532198657598422733496293391474408591005268812829996805287014074530768827226826957088
-0.0903750740342681193231848471241283503985877760768431054973093341265004083111303481968166869197545901421381268228501768735361241
-0.1032426220806014799551036024290176887346312765950708814276335957837128537928284495677062652998708662295926029505887913244660618
-0.1160929141252302296756665233807114688534759015769312753371502830323703234705503727188339361698865591822733287033016849139065494
-0.1289238023666266840586026452834382434730404864719449399634261491662560460474138583787708537117537851943639966206008418405498573
-0.1417331422464204410548725791128343505167801789644107078742256521624157034599245512789351719415036097141778387402180437258301186
-0.1545187928078404870678550969809326226894001495167991933788057631946237948023004707215885965573608271585116993887096566345262538
-0.1672786170535553306654340989153803929182556884314900688489067648124583610781389276186097695726895394011171415830932904483928936
-0.1800104823028513544255766690554451786397155725921723445184539018393067066323043415822086939774395721115794428775527172445470819
-0.1927122605480896860224054355800492672292935984558382547885488096086059403071739790760602816616341693903211741932546252941786021
-0.2053818288103820102482711908418119298718824363553935974770058448171534378803480907568138755422873672147689036248820891566500738
-0.2180170694944258742137695090723527638788341062964288056603808655298654277849862473991742401748458441322622469529528514724019844
-0.2306158707424401784501983492929391024576185050569294662882235428151650732354787208103425869311805029191129287629900468101825793
-0.2431761267871416970341420561436273137489580095569419050392529122950159472138953258937025715439119699839119835979861521824078928
-0.2556957383037036301365536759569230238040849983272428497395569529115561682445702562243547348998224229723986358804452597232242802
-0.2681726127606373625421023949845001098525817366675610906054311532857655958265951905252012675076252563919714841077230188877809526
-0.2806046647695387816602183650230594069760942062797365852179827266196361179535241427069949910157970848489903119382695434751631102
-0.2929898164336406983271220240177417609354143172238648978051292535578244333138314975304316207063230351325365878840932559353323202
-0.3053259976951131132464497200207003302046398234036465831752877499978571437406817044667254992843567618380597570481632790853570664
-0.317611146681053281201529441463513217204800649851921525811002822680781620754553881411879144905158511807372659606992305744996345
-0.3298432100481077441599397157803787743264796663667532773017213121527844202365962159679336818925858301725182362669789242468306797
-0.3420201433256687330440996146822595807630833675141606284650484976847147637020775995641901823385255475404735335311778255036375982
-0.3541399112575875762220711501004967607403536948168324063023150766297443774275165291495122752289761842230495063993374196305183334
-0.3662004881423480006406808994695871048767638428310660491407977575115963356386035060029433232735807227914349247611567623754882689
-0.3781998581716424689370567458606963912893576419966789019568418244496348520886754846240431241924627843755181162620480553032340359
-0.3901360157672949627817039089558747111361681911376897424650729847693904406873541475964053470552786452416477792438350579454109902
-0.4020069659164738990816993876868938660062781683223325424473801687641530896108014245059684367862417626788736650086294556844524969
-0.4138107245051391514602720611055135037413112874615965272957497080122261293533316412739039885278387818443776909853293164517151123
-0.42554531864966744458119036388199975087689806724829110656968884700924315992170286968366897616701488644802195073414662977628494
-0.4372087870266006933536688502783824555984794124969248574691963210235010849784194086025029745168938213375942026758989870222070748
-0.448799180200462172785040334733143616424343677797163952034516495161568534440925899453956410367086953884153383703590310726470011
-0.4603145609495857271917844687945814969304536521405401132303293250946082838881458022906499601891093163775534626411751790962185956
-0.471753004589903559580679739135043785798781199302847524041537349941773367080313590807013745121443030452116283935655478448747508
-0.4831125992966384832153464631711687217907932486230181100090346896459352329606558086918315430719271337745879682145574862042918599
-0.4943914464238468676322445656667217736028506429782438194581200413876331781511974108296650743727355330490281007281897916554960363
-0.5055876608217588706057410565407485204709746765834566204333882675112291844094465498042630616192190222773253763884115620647078673
-0.5166993711518629157241254630634651259006955959853559100580761434737749649531431399472257289091512594624297353846521718222657784
-0.52772472019968175226589225155706233482264425981677180464958371810180052323698143333181082857314458721792067183281739533090453
-0.5386618651851878198952110291679241368909973875194987042817237890608382596715916494652654396748669790422690409183196096862399763
-0.5495089780708060352627803740501339165127392448958332597168207483465606968581772275555465299633703598910134315737501961701790308
-0.5602642458669525208372614139650015570519282782682231865886222321904623821540049082241813149931947961317665379776852859223728252
-0.5709258709350582081358152757656716803627838455975765829132676645689757341438972952399421790851941777794938983126581813166220056
-0.5814920712880266679010886485829879971277200982118273975032710750034338727940717837266740958437697366079379703888740069156362415
-0.5919610808880759486160417042216035622549566344737340010873780422636016762131566444430803070639984360045843680441665140969523172
-0.6023311499419146419856153808070399896266161731992915304412347885037915067675602737451266144116461126752392040633065589825011232
-0.6126005451932028395723105407528061702894182859645333260075904651137933584031301276405031016206136847425512272029007946110158125
-0.622767550212249098576829056079744060095833593467019218567226049278646153806043660263573587073659698023098609311670033162364628
-0.6328304656828949967291575082908494819410032471560412824455652371014280847891919338447172644141425298375314236827325917009763924
-0.6427876096865393263226434099072634329075598842056817903249772546711128362409586397104882277175943516201478026726464649853926197
-0.6526373179832544555051544978331950698130813880890476146940260570665826220371223763143891256494902879201329934365966292632229212
-0.6623779442899478709574170280106475034792284392340143236283964993049793811438810035893273587574955891627460099571408074129023045
-0.6720078605555224099578662606903293523849503470159491844043143655065121331306547548524848142512440870692103338402400985491744669
-0.6815254572329891914732660189773189976230044704429194716086237364437989715685361820921722311604808388151141888549329092088351143
-0.6909291435484877652411200882259829010561826414159739181457078709013868215390962863000718287010080957787840294889668431229850486
-0.700217347767168514738377277449050212753999434072698631867765975929757183735970468162864920387297713125198062140939234680741745
-0.7093885174558928743747246107244689915654890359889141034167934114536470662220169369114855210459462886118404884702717287676474225
-0.718441119742707453120213669497730633309429978924913558204417502725220103095311266754654725579149766114316700667184426204101677
-0.7273736415730486959871764176638155218003628206714425769082333536476362618253485084103415271161715943458790082784471381686074997
-0.7361845899626352612452351597539254760445872430031143843397952656606987422752612851425138054108518375151530086897173209358423158
-0.7448724922470058448643613185446775895493767150973398064950897226076155820710481482498697118379654171663431641263236418368091924
-0.7534358963276607443618579085699609550787380190454715635688270688424476045261486717241466915925125286889158577945463944523222926
-0.7618733709147660218811185552405518347441924931368961582651277748155853522907630312058848958695652041733322490120162764522893822
-0.7701835057663797008581741498428228042962006556986050513966814979947236355879004661365850894804566612587719047360111832978850671
-0.7783649119241600119403499361164845503865409058761483073581967726463496508641393223515070093850028289945399968196660501336725113
-0.786416221945516291812660955112851274147032581892100433924559447893114827907163523492103141974560310219199415076034855431059685
-0.7943360901321637331635952948668349256263295231047200654017106122326874003326008782205132533437455022939122152610927901041546804
-0.8021231927550437850832948919339251336278923784209459468235292018130824887943337390729960810299821729433037474571844408323017316
-0.8097762282755726106333811435050963212388492521444347403091019513115372481987698026713290125321173145938542444897203025595578825
-0.8172939175631806220572585718520963245317471570504666181363478721322897987187375353407668182054977604702356767230458080750982504
-0.8246750041091067340100852968269256639885342710243254599774907975413917688644970988161030976624223982741449487512895358213218058
-0.8319182542364116011751121209901101604251346237718189390430091070962900242854061489260792847604588667300325596548482278319001237
-0.8390224573061747385931348817527584999749321002071004866100129875823208437475703623870814492794308767026868226516961277533961706
-0.8459864259198410608587513914097951442524594588462143671628916113800711439391604650716988964712813546796141314985968369458132751
-0.8528089961176830199243581888383913134865138640462016262471380172304381007637115877580955334046729150253449962948061783081743887
-0.8594890275733451704927941079131657489028519990814534193879434954645036493466023535626949310469318877187337503726959567508037421
-0.8660254037844386467637231707529361834714026269051903140279034897259665084544000185405730933786242878378130707077033515149849725
-0.8724170322591536945178077206829835302286352670405734276739610611173593204360020918759664565738598940494570979391212122880283447
-0.8786628446988590680661048326777993169363955342479528649188533368442053959694717174962439129807531668487830306380607493766843807
-0.8847617971766577723486857647286416390301936046760708504625069609949975102704963299672791717704030180084277002022728580545181216
-0.8907128703118693063241190955626691185725535498027398503863139303662906414903170075273329108743769860543242152640703460746332137
-0.8965150694404092446372101909213649481599482514001231343961934998072499812292328055576234639542082146601931110659713890866974682
-0.9021674247810376802724559963468961785018666242441912198197641471707309163053561993429843806621029269755524018281722585040175146
-0.9076689915974487413804434189762246749303349331273097236336572062587902070298678835375835051252523506123738035458959849486343745
-0.9130188503561740905884847459341140099734805287395056217367355470952501019915982522390352778319881808234468474403090938840239444
-0.918216106880274014758961415314636602481368279997877222160679484845452812264884111791830017199868732125577076160486125746208281
-0.9232598924987904172221979401502731690993700095766650053651367613989434463800147365992841070554992874882762118816936319447045377
-0.9281493641919367328675335342256856246638127608565111417987851000555305313670880747710383139160639199333772538162528991568898036
-0.9328837047320004990082050330974171730759410553929475007370025358409734456664397930730956059423636561530516962083757067681987651
-0.9374621228199350315236082487582031972144563441300951202455882628071819966660393937551948590531462006598890463191044737462779607
-0.9418838532176173763066952242959970133839080657290685027835816766548920589230673727880935898470047762849116918895689936968364641
-0.9461481568757504303842633441500102223080316175013098183573758784510535448333226508002069732541466980792370319878010197465008947
-0.9502543210573878551126325093864895194212591514527334039720955674247690199513962390066835873802527843811120677512057309934592662
-0.9542016594570611354590046688262782399234213492995431900001761311905641700602475325416880455856976816474152556426701724082443002
-0.957989512315488874437374766956754624257981325728372043196456896462801335060827229220684114047352097264991937041437184978790079
-0.9616172465298491501543557256413579470583879884818554632436704150202360503092065926483572971230617360982286842651705783865095698
-0.9650842557595965045112782866813920153695740343161569531563503643652032344665871931358402559457687115842391243507169884908717027
-0.9683899605278058772804796724335503226065811707402597224731971292155227795625656586880661878949229695171695462486622535685226976
-0.9715338083180265469013384532490423080322768476957105033636905975210229394926204290070668197168051806277743414272363865981481588
-0.9745152736666298898003880429950607585584187876667843694137529900016234048823676796226038518668038739476507767390261651441674346
-0.9773338582506355232043159807110296825895901704195957675796021155043692768713364593192103135356008489072700908884033776345315334
-0.9799890909710011521589464694741607206840290890859358494393993219857610018984348850012065036626541009701186695641331131578986496
-0.9824805280313621996650942136135738441395610544558008919957473692193670422737185922823228075420761180926512297035755535100536008
-0.9848077530122080593667430245895230136706432517198424187900257523558275999430362392746784100561198991606213362038242904890302178
-0.98697037694048257295122865839134624268135694197287368874788031373117246221670846299422953964311871406058093008207001133149472584
-0.98896803835459709921750995554933116497259743629808526770802380679024248944464716626651691034724042081453353407282679553785289683
-0.99080040336484530850936728661350256157877592796121222796443228956342821049180561226454622581307646911806934346494884991424984834
-0.99246716570920960476731928976291470076278436433698127290630777327318194745491442134153196146692475791688698330714161692791211338
-0.99396804680454984769774109190849742826123480279606654353475821102775476582395806894904874385024019868345803305279596978140481418
-0.99530279579316581936136070968850150086903138567342392479902078301566000214740342500057808437160851845231566137420332336735135378
-0.99647118958472565271700563964767143123968191284586768948295651157821889406560016492361115525220906422751584904680481109290694557
-0.99747303289355321419093026424338401265040769076514804405781855321396346713242431682668428951008861746936074065358427294457989999
-0.99830815827126820804782070878327753293708292269299721175133724350812923129910312700950294033045731377516681527734050689664904177
-0.99897642613477354708699549796250563382145103966003881751205311415544654355973745175591539986397629541982250355949478878245857198
-0.99947772478958531184657199069210612062142545911961932869112106804357389031729502413882457369458761767003695576847287377965203799
-0.9998119704485013989394719262346338476914888446083740200671108331197101979137989486390572719810783932370177035992096580265576383
-0.99997910724560573823798562220747029407382531956170043989150830889886236256064396063392813599195455532635347711660135372020390359