0.9999703552851146692907319117300974023052954531997536710488013766954254746502015131949007149243506237457088665271045949996114777
0.99973320811163726302388561100587413970710112931245618583599315543987983104735935747222578140091170034082027929520009534310339806
0.99925897000513157089241261971648563835619435394509251014952468632574653318659900490357982549416135686162265586374175125532173563
0.99854775343315817476565252350396655781955145080956029925594607820979401777157520466832826339239145068664978183223606225915237631
0.99759972706371696319175153935917010040862651749598229083913710937799401258786047170263448928273718446816125840445106020094076034
0.99641511572524680616976914610872727321658164498545516959933084826341765076209311774777060577161057607856732143838978147714031325
0.99499420035330654572748769816949329950099346756343136963050686857564487176159137560330086069469127585607747980547920440165545573
0.99333731792394994713215440820269060329750053632769502177828842765785955804576830056264997619822337688344498513665557923881344081
0.99144486137381041114455752692856287127773827444810227145877460352892206840508253176326543345327739735737867993502493944915599907
0.98931727950691439956287724170274389830695405752542052972905639925016818059045265872946678262897416218190397662766425272193476054
0.98695507688824567364418559309775445478129221521904821505401972980483901825901532521731676173679276091676126224107247350752525802
0.98435881372408558709189331871749193451494910612375665679119849799521324234701266899295829174936839476176160485510200776493343957
0.98152910572915781141169265143335323320508424440164864463244049634008844313089883459219331316431268048321863513088777644005263415
0.97846662398060900082288104677324502806394747075507642066565450505220428352021224287810388832877649250755655160418451525418452202
0.97517209475886002582422494059889397236757504591325017031139437329410985777035746881902482253818555429892745409083604399779294009
0.9716462993753655182133603236245602799831084440297306928890558536906028952215871415293958415846335561378374996252291494972604965
0.96789007398732257510770115773926911320092785106723719654817283833340863688572347962813833195347313240777817157865859399916853863
0.96390430939937256457663317936730352821235301668205765708866852262382228002616850690110032263087623328392466538935411370435773985
0.95968995085234306013540251865796778865300236140166311814739878583103196308525439869744188937225229822094341182827858822418741741
0.95524799779908000483903031692966023889370259474526922012220689758662007295535049321946756182987138268273668466127875341788736559
0.9505795036674232673209055673908089916061988820462980864478772285282069428424059850726935885331918039876468629853784236257535553
0.94568557561038180111935592616398365590514900631946285274875161430147029568293688106221270685267935879955042952299462633731510895
0.94056737424356765430338739526839320491866764886804043275825624241656717661690575594744357973476739089551206515621879374267107852
0.93522611336995109802599716460187680239430163863031324746983693639023849040820282281005190295231438807323436714229703645427136508
0.9296630596920021494834102915381177316232565817609029707577198691259848524208770797639340395237432383252921454362639518946861448
0.92387953251128675612818318939678828682241662586364248611509773128053500750110235871483993485034459609796302578224788303086917758
0.91787690341558888316393921568388244722407198268867454034664413068163470051289218711615419272368494015011121785771604220150674879
0.91165659595363270463397759557523011672925205490837541101614543017310674379751787893765928105895951609600792080122178060679295482
0.90522008529748203910355688598501185313940976382612813337689581705581106224187972626099852288882803337391264059908533981177204653
0.89856889789269709332890176367803595432679635577122754463154665126823877025854333949974187805801753821599309159974976654362244971
0.89170461109633148071185926329480905215630768587092064521478700388175264334676387554451529152840328518910717700119302682094047763
0.88462885280285536506908278857861687767859784018971443752875096939621995304480010794713928083723870416482251546134427822962632524
0.87734330105809344361476059160322031766397633654015335023368323398638754990426977267644836640151349327588130503052323012300890045
0.8698496836612693253871696949159899774293252455965085133692309486392621065215366897294975489916365535053242358855890528056219814
0.86214977775525068196765561218694090893943864034814797769948214734623800240670948360819682102096784671511156303297310603019226693
0.85424540940509234557709121230256110668677272233499046505135160849133770436488625363594172546692290198539144762653770800671274143
0.84613845316497730482584113168255236741962220910948939663048368394346418960196157815959545266887398464102140418571891671619546339
0.83783083163365829988060306419055519185464830789457335086433780075058209748030524924782924953686485091502734634328142069267899097
0.82932451499850544594268725667822545786180390268201797772070676787481300906188880362879673980050757211800643666485206510057811575
0.8206215205682680160605799847974959627372349897976655702076309155958578557123491749276200846023672890157522682416458741219115356
0.8117239122946611907841945962503596089004023286247765550597271111041537671719769020797156008449439995875015910382968259116495645
0.80263380028289123237430532270447136085784900408052121180139314677673035522041638346500844819669149972805259105240987432383720417
0.79335334029123516457977696150129927662867592105191023422448078294540218227127872910059956585805247319221357878427644228834604483
0.78388473321979363476522130026556843819602401686819204698658440302855322524609917499316763790081018820200988365197211148525467307
0.7742302245885382027970310296578803235729116051423689583743155119263161853779730765812869971000643978158777856748791599072912859
0.76439210400477683996744072328712836817280521747592320597896440625108840291307203713301087852798642921043318102759270413639594987
0.75437270462016393075223816281118861905830426142848383599020518731176497484555675068025544929102557204928667736598268658179017116
0.74417440257738354976285558772152444709337008300435745757453983181761201605553013149642050841268620191156905452590459176232135207
0.7337996164466372352797700645601549209883671150705990028931929874818997750132421898799002177070024253163683121388018119052976714
0.7232508066520698986606382407877477680644698385609265026648755196040449999383889100763968134725661917247415602041064846011113141
0.7125304748882698951299665841593514682608382623361333019789520302002155971728616092862641665077940963443238348306041339767107265
0.7016411635269816354114732759161110077696426124711430082995875492108465560894802163527807344805078493605776997469448692877594934
0.6905854550141714388013820544009881889269166986943623643781417703634117944986084068510568342104422360444281503122351144563699899
0.679365971257589616050234077649778641466557568985521091162879682712892957866386475596952165022013637234770797044573856376454749
0.6679853730049740242798571713153810784505709712327048702617784196329849730783937581064226562254174371052749593154109042739017455
0.656446359213042555576380502587021564651001356282401010947271018741184222627182276658000379973565506719315632598307484390454284
0.6447516664074242053432833524177817657343975764394807862801328445137686702556129415940693536651071004126977306082540483250448736
0.632904068033680515452369382995781938744650584031770763719436545593644255011668829785085428640366383812425366995666272251257488
0.6209063737995713001856291630839639582455055204235866662119077623880710385828790844604166135079262623316888922478549157335025569
0.6087614290087206394160975428981640045163937119624752300249739679013760344449928395262516481109938502089543912735313835483999889
0.5964721138858411629385886961360113830229512803810927885224082832703593566599818677647332151557701166294580424479790352923363804
0.5840413428936766518479330986403902395353074992903141237180436051769719902546187607751791093915737873393085545003333239794047405
0.5714720640418249468982678192011617100807570063752469286656330149831847677296633533956158032204168312643458798028822020951281293
0.5587672581876050793962648815494762241780343848642104287574734076814808396000351133964177962965516348714303519594043436679840655
0.5459299383291344269272533977609539108325086971744042317950280915547818303935697876857042072357516066718047895035545986723707839
0.5329631488907835436385499097433476306215220430818129014320644894333714993964542046450358124173179045750013294684972207111193978
0.5198699650011781224708332171246707230942711386516163397905020367836231628447241702322822799710337083240430073784426769677167075
0.5066534917639193142073892018724530157297011365837766816270218239807391149877952050028994170061500693922900228612198178091466225
0.4933168635211953550833427098576443865755943166159769894217795527146863596624063081920012979182005543534188436658847771904648552
0.4798632431104591405530523938812034166128299906608398460454911186562566682026351872399435014298779920167772719167574183753866906
0.4662958211143480272538627099731380077346723108632796087174601968923750337901448002585440130768434522866213263952445305442023378
0.4526178151040237478383991257430126469870427536351560674609179866550121873780054169826240561566398440148449923286814635867815924
0.4388324688761118837954866578096938762305921326317718620816637016965131729878253583062166929861855495967309064450467165329566948
0.424943051683421859271501326907565563135824638610208240933697833280232883032429764352154802551193744814221441635507579382012184
0.4109528574596298938795545995291030599656859682731172459124632633986728815069726148281217513031174885167689253051458804222507152
0.3968652040381087841935657120666792202745492559466022332558801443875002013857864327979167610424532602539869426886765439464770604
0.3826834323650897717284599840303988667613445624856270414338006356275460339600896922370137853422835471484242886614935559007560102
0.3684109057073430993772480786187799400614485371018338635171486368620971420075735742690501691210478998502150843798093369884322036
0.35405100885456515819181621010197251603664163118727745133458318421119476324734649543223133309642637710433589524540620125626777
0.339607147316661381748609966299710168780551529684275870511065653481444572091399727398888938084261294349063874246847959439888566
0.3250827465161152558353121488463316685540828881192476336851694775989042205037165579341929331907471737639030025325802920495983501
0.3104812509756349765430238754578639496133764995223715504038760854192193104418184847716812321033590554022815922887736109802827766
0.295806123501270409773990862949115330901017476927729079148514690581216899903970993222072657516171917064156657046262187621338191
0.2810608443611940794119782692235720910561917453353683285109140833271911007229787346783390073741913200934093493129940350408905066
0.2662489104603409396962278818231581054312852385960941882485852891225620807962432632753575974729652830472004718317137247114090452
0.2513738345111026694466665952079520599515147543459243551097164924236066828533068976148361561230821369396008305587499797276470133
0.2364391442002731614747642778702200205885325228407366154825232662269869631468654886210450758996861064962018516241721036230761033
0.2214483813524427695592602523695053179053354796746702172290139101047202979421083033395673441228689573663683725224769415125896941
0.2064051010900397175580499796692845445128287990419406288733373967105949267868758535762730801205056020760778084594738318634322032
0.1913128709902178703671177633527950368468447448909790167585464269897053208373801303819572575616537867502637521570119397555249378
0.1761752702387908143359466719812648367458624313921172267792918361654787737038337188144327012067809616850788841286260896062751286
0.1609958887814128952289661349439964788213900334879442890955214244639223050302297462287649058522499902573565814674178765469800792
0.1457783264722085147181889912725492934272325648927109237711354660974316271747779047707664016229330501232822617842918404094314717
0.1305261922200515915484062278954890101937407048117322518906169483351328252298236296142403689922921229057494469979714407425231327
0.1152431031326976507896338929794110863662229786081533285452509839049043452924758036511457445269934404220586268053061678776695446
0.0999326836589715138497829993248705078288497262835988559564183190689529766255409768579436802140155165085063297629249546951433903
0.0845985647292140230429769011875158904021747740284625631692649014599532065295305513333784382864607443581603723574394656898605109
0.069244382894191647386214506999810496464992453089209566910839883393425761196654535870945138257509966097986654934897701443044334
0.0538737794626731808312561991042538603016593779763472943504492031311705458664586262966860419915384342740798306579116061282614867
0.0384903996378780602432416568960645102589756310802250408982672854527557634428385297875438281683647195238011112756253615134308618
0.023097891653001098037669379300659210977203614205162885182331625495049845539383519040506640934590591290489857403985522116296159
0.0076999059060186434195140827290490684898866052483605356697488012930241041148272061213007279706687067902126728526159467754297145
-0.0076999059060186434195140827290490684898866052483605356697488012930241041148272061213007279706687067902126728526159467754297145
-0.023097891653001098037669379300659210977203614205162885182331625495049845539383519040506640934590591290489857403985522116296159
-0.0384903996378780602432416568960645102589756310802250408982672854527557634428385297875438281683647195238011112756253615134308618
-0.0538737794626731808312561991042538603016593779763472943504492031311705458664586262966860419915384342740798306579116061282614867
-0.069244382894191647386214506999810496464992453089209566910839883393425761196654535870945138257509966097986654934897701443044334
-0.0845985647292140230429769011875158904021747740284625631692649014599532065295305513333784382864607443581603723574394656898605109
-0.0999326836589715138497829993248705078288497262835988559564183190689529766255409768579436802140155165085063297629249546951433903
-0.1152431031326976507896338929794110863662229786081533285452509839049043452924758036511457445269934404220586268053061678776695446
-0.1305261922200515915484062278954890101937407048117322518906169483351328252298236296142403689922921229057494469979714407425231327
-0.1457783264722085147181889912725492934272325648927109237711354660974316271747779047707664016229330501232822617842918404094314717
-0.1609958887814128952289661349439964788213900334879442890955214244639223050302297462287649058522499902573565814674178765469800792
-0.1761752702387908143359466719812648367458624313921172267792918361654787737038337188144327012067809616850788841286260896062751286
-0.1913128709902178703671177633527950368468447448909790167585464269897053208373801303819572575616537867502637521570119397555249378
-0.2064051010900397175580499796692845445128287990419406288733373967105949267868758535762730801205056020760778084594738318634322032
-0.2214483813524427695592602523695053179053354796746702172290139101047202979421083033395673441228689573663683725224769415125896941
-0.2364391442002731614747642778702200205885325228407366154825232662269869631468654886210450758996861064962018516241721036230761033
-0.2513738345111026694466665952079520599515147543459243551097164924236066828533068976148361561230821369396008305587499797276470133
-0.2662489104603409396962278818231581054312852385960941882485852891225620807962432632753575974729652830472004718317137247114090452
-0.2810608443611940794119782692235720910561917453353683285109140833271911007229787346783390073741913200934093493129940350408905066
-0.295806123501270409773990862949115330901017476927729079148514690581216899903970993222072657516171917064156657046262187621338191
-0.3104812509756349765430238754578639496133764995223715504038760854192193104418184847716812321033590554022815922887736109802827766
-0.3250827465161152558353121488463316685540828881192476336851694775989042205037165579341929331907471737639030025325802920495983501
-0.339607147316661381748609966299710168780551529684275870511065653481444572091399727398888938084261294349063874246847959439888566
-0.35405100885456515819181621010197251603664163118727745133458318421119476324734649543223133309642637710433589524540620125626777
-0.3684109057073430993772480786187799400614485371018338635171486368620971420075735742690501691210478998502150843798093369884322036
-0.3826834323650897717284599840303988667613445624856270414338006356275460339600896922370137853422835471484242886614935559007560102
-0.3968652040381087841935657120666792202745492559466022332558801443875002013857864327979167610424532602539869426886765439464770604
-0.4109528574596298938795545995291030599656859682731172459124632633986728815069726148281217513031174885167689253051458804222507152
-0.424943051683421859271501326907565563135824638610208240933697833280232883032429764352154802551193744814221441635507579382012184
-0.4388324688761118837954866578096938762305921326317718620816637016965131729878253583062166929861855495967309064450467165329566948
-0.4526178151040237478383991257430126469870427536351560674609179866550121873780054169826240561566398440148449923286814635867815924
-0.4662958211143480272538627099731380077346723108632796087174601968923750337901448002585440130768434522866213263952445305442023378
-0.4798632431104591405530523938812034166128299906608398460454911186562566682026351872399435014298779920167772719167574183753866906
-0.4933168635211953550833427098576443865755943166159769894217795527146863596624063081920012979182005543534188436658847771904648552
-0.5066534917639193142073892018724530157297011365837766816270218239807391149877952050028994170061500693922900228612198178091466225
-0.5198699650011781224708332171246707230942711386516163397905020367836231628447241702322822799710337083240430073784426769677167075
-0.5329631488907835436385499097433476306215220430818129014320644894333714993964542046450358124173179045750013294684972207111193978
-0.5459299383291344269272533977609539108325086971744042317950280915547818303935697876857042072357516066718047895035545986723707839
-0.5587672581876050793962648815494762241780343848642104287574734076814808396000351133964177962965516348714303519594043436679840655
-0.5714720640418249468982678192011617100807570063752469286656330149831847677296633533956158032204168312643458798028822020951281293
-0.5840413428936766518479330986403902395353074992903141237180436051769719902546187607751791093915737873393085545003333239794047405
-0.5964721138858411629385886961360113830229512803810927885224082832703593566599818677647332151557701166294580424479790352923363804
-0.6087614290087206394160975428981640045163937119624752300249739679013760344449928395262516481109938502089543912735313835483999889
-0.6209063737995713001856291630839639582455055204235866662119077623880710385828790844604166135079262623316888922478549157335025569
-0.632904068033680515452369382995781938744650584031770763719436545593644255011668829785085428640366383812425366995666272251257488
-0.6447516664074242053432833524177817657343975764394807862801328445137686702556129415940693536651071004126977306082540483250448736
-0.656446359213042555576380502587021564651001356282401010947271018741184222627182276658000379973565506719315632598307484390454284
-0.6679853730049740242798571713153810784505709712327048702617784196329849730783937581064226562254174371052749593154109042739017455
-0.679365971257589616050234077649778641466557568985521091162879682712892957866386475596952165022013637234770797044573856376454749
-0.6905854550141714388013820544009881889269166986943623643781417703634117944986084068510568342104422360444281503122351144563699899
-0.7016411635269816354114732759161110077696426124711430082995875492108465560894802163527807344805078493605776997469448692877594934
-0.7125304748882698951299665841593514682608382623361333019789520302002155971728616092862641665077940963443238348306041339767107265
-0.7232508066520698986606382407877477680644698385609265026648755196040449999383889100763968134725661917247415602041064846011113141
-0.7337996164466372352797700645601549209883671150705990028931929874818997750132421898799002177070024253163683121388018119052976714
-0.7441744025773835497628555877215244470933700830043574575745398318176120160555301314964205084126862019115690545259045917623213521
-0.7543727046201639307522381628111886190583042614284838359902051873117649748455567506802554492910255720492866773659826865817901712
-0.7643921040047768399674407232871283681728052174759232059789644062510884029130720371330108785279864292104331810275927041363959499
-0.7742302245885382027970310296578803235729116051423689583743155119263161853779730765812869971000643978158777856748791599072912859
-0.7838847332197936347652213002655684381960240168681920469865844030285532252460991749931676379008101882020098836519721114852546731
-0.7933533402912351645797769615012992766286759210519102342244807829454021822712787291005995658580524731922135787842764422883460448
-0.8026338002828912323743053227044713608578490040805212118013931467767303552204163834650084481966914997280525910524098743238372042
-0.8117239122946611907841945962503596089004023286247765550597271111041537671719769020797156008449439995875015910382968259116495645
-0.8206215205682680160605799847974959627372349897976655702076309155958578557123491749276200846023672890157522682416458741219115356
-0.8293245149985054459426872566782254578618039026820179777207067678748130090618888036287967398005075721180064366648520651005781158
-0.837830831633658299880603064190555191854648307894573350864337800750582097480305249247829249536864850915027346343281420692678991
-0.8461384531649773048258411316825523674196222091094893966304836839434641896019615781595954526688739846410214041857189167161954634
-0.8542454094050923455770912123025611066867727223349904650513516084913377043648862536359417254669229019853914476265377080067127414
-0.8621497777552506819676556121869409089394386403481479776994821473462380024067094836081968210209678467151115630329731060301922669
-0.8698496836612693253871696949159899774293252455965085133692309486392621065215366897294975489916365535053242358855890528056219814
-0.8773433010580934436147605916032203176639763365401533502336832339863875499042697726764483664015134932758813050305232301230089005
-0.8846288528028553650690827885786168776785978401897144375287509693962199530448001079471392808372387041648225154613442782296263252
-0.8917046110963314807118592632948090521563076858709206452147870038817526433467638755445152915284032851891071770011930268209404776
-0.8985688978926970933289017636780359543267963557712275446315466512682387702585433394997418780580175382159930915997497665436224497
-0.9052200852974820391035568859850118531394097638261281333768958170558110622418797262609985228888280333739126405990853398117720465
-0.9116565959536327046339775955752301167292520549083754110161454301731067437975178789376592810589595160960079208012217806067929548
-0.9178769034155888831639392156838824472240719826886745403466441306816347005128921871161541927236849401501112178577160422015067488
-0.9238795325112867561281831893967882868224166258636424861150977312805350075011023587148399348503445960979630257822478830308691776
-0.9296630596920021494834102915381177316232565817609029707577198691259848524208770797639340395237432383252921454362639518946861448
-0.9352261133699510980259971646018768023943016386303132474698369363902384904082028228100519029523143880732343671422970364542713651
-0.9405673742435676543033873952683932049186676488680404327582562424165671766169057559474435797347673908955120651562187937426710785
-0.945685575610381801119355926163983655905149006319462852748751614301470295682936881062212706852679358799550429522994626337315109
-0.9505795036674232673209055673908089916061988820462980864478772285282069428424059850726935885331918039876468629853784236257535553
-0.9552479977990800048390303169296602388937025947452692201222068975866200729553504932194675618298713826827366846612787534178873656
-0.9596899508523430601354025186579677886530023614016631181473987858310319630852543986974418893722522982209434118282785882241874174
-0.9639043093993725645766331793673035282123530166820576570886685226238222800261685069011003226308762332839246653893541137043577398
-0.9678900739873225751077011577392691132009278510672371965481728383334086368857234796281383319534731324077781715786585939991685386
-0.9716462993753655182133603236245602799831084440297306928890558536906028952215871415293958415846335561378374996252291494972604965
-0.9751720947588600258242249405988939723675750459132501703113943732941098577703574688190248225381855542989274540908360439977929401
-0.978466623980609000822881046773245028063947470755076420665654505052204283520212242878103888328776492507556551604184515254184522
-0.9815291057291578114116926514333532332050842444016486446324404963400884431308988345921933131643126804832186351308877764400526342
-0.9843588137240855870918933187174919345149491061237566567911984979952132423470126689929582917493683947617616048551020077649334396
-0.98695507688824567364418559309775445478129221521904821505401972980483901825901532521731676173679276091676126224107247350752525802
-0.98931727950691439956287724170274389830695405752542052972905639925016818059045265872946678262897416218190397662766425272193476054
-0.99144486137381041114455752692856287127773827444810227145877460352892206840508253176326543345327739735737867993502493944915599907
-0.99333731792394994713215440820269060329750053632769502177828842765785955804576830056264997619822337688344498513665557923881344081
-0.99499420035330654572748769816949329950099346756343136963050686857564487176159137560330086069469127585607747980547920440165545573
-0.99641511572524680616976914610872727321658164498545516959933084826341765076209311774777060577161057607856732143838978147714031325
-0.99759972706371696319175153935917010040862651749598229083913710937799401258786047170263448928273718446816125840445106020094076034
-0.99854775343315817476565252350396655781955145080956029925594607820979401777157520466832826339239145068664978183223606225915237631
-0.99925897000513157089241261971648563835619435394509251014952468632574653318659900490357982549416135686162265586374175125532173563
-0.99973320811163726302388561100587413970710112931245618583599315543987983104735935747222578140091170034082027929520009534310339806
-0.9999703552851146692907319117300974023052954531997536710488013766954254746502015131949007149243506237457088665271045949996114777