0.99995628927287277259025152521383116071496962641206292219011212910369556742872995792737566127326473171707998286386657876709722997
0.99960662638305288550527426308472152227786337340950407946757095358192841813204796522054013135928667561106930893999007544941709263
0.99890742287289411645001726842426001182457758746669188263683296483068967617158948323235238334790299399668726397054908332323985954
0.99785892323860350673806979127277760453186639632596641807472562927418785082869811103795654762696687676152145802164698300971237868
0.99646149411761914652978277294758963955639346825907067418087860375063129193436985994173450235823685374495027335611281167501621904
0.9947156241604050647749214020277893445793838013862215196674361626743527489295422525891586947251090960675121992351660521650267278
0.99262192385958082697894759768181027008662096518374163881277318552081821095686956592206450504425604941322615920687291744446758254
0.99018112533644559044326281003276052528125815799975176602414747380984287961223262747861054234352065442579996597830142592377175736
0.98739408208497126485807591978763011227703859013646014055847446824383618978740456888661771651974925828916910255123869338184509969
0.98426176867335429825216146955489576679464151528749654680846794953322026237441510276273852895374605230574558133904968290614167911
0.98078528040323044912618223613423903697393373089333609500291608854530651354960506391506498585330076325989486627987757846813109608
0.97696583292667170992595556849607721917427283995837402715112613388845754496552740382805985305066154156595207295939069710603224111
0.97280476182109930967229398398566186983301287051542114462422402569867396611085770317391128916522857042327580758415007784292368971
0.96830352212226143939266714802388850878242660907623419558221629715221456301877091950111292082735878212940038734677673052096448954
0.96346368781543900785111047321039149658231914660513213244881183169482056973380342525640179273614939637259807304449363513652235891
0.95828695128505734181891645105764478612890037012664201218473419345162347698779425897386200592742082868449800170657147070323194337
0.95277512272289628966202815805657950704925206479306512239628776366647452759297078646624954029032727735520992007332545374600174559
0.94693012949510566425580427485398368369883283329694828837848042605079740373146403175133466156841096024914099882742392113177790614
0.94075401546824736611156840375410373844457442777837959747372460225223361808319064150213539072821188031805406295008337706284030956
0.93424894029459985507502251092702065868439657590746502112127159873757340513479225884383289569728418478774744495461668585708251317
0.92741717865697488402418941906788202237796859476733372655249396652306713872903380328708341416829489062861607723237252518602835344
0.92026111947331056567286320491533841429956969786979412561335762817184851390708800416201509511233813407744223959444831808533484351
0.91278326506131890892395800593044324214332898766063504296774355201463567617356007804114484446101722607294809632005464879900417619
0.90498623026347992929731325194772257557394124806037232471854565545038932477640763830415543074643818894797784039720434329567699979
0.89687274153268830389410393639308119817919311593230398127811224097398482759103130926798293626950064110106562182666872339750562385
0.88844563597887230030640248320795665397384528031157740275758020607753780635761660501750798970056211840057318313620068402184061159
0.87970786037691835602444079035166517703719373724200444274454302222095028748826029303195659170369325284693328884622847187008722506
0.87066247013624821546361873680991963539604078000381250431009665996744081166494766772651100747485339539747339123166152680727327954
0.86131262823240894099695398541698890928990044670838164228857241242780496799096955601322003326146771854549275112896947078705724685
0.85166160410104939764754046439340508397001041701673998245931072280247189718101675775132115785772191087897507814589855591051971086
0.84171277249466996372481025546929848351662943147712573121775920770200170198158838086133190518935507595989285185168408398769833591
0.83146961230254523707878837761790575673856081198724996344612459022763792014464234398177491900798065033600294023844344972886919705
0.82093570533423238424619482267749457314232858860476162224126724015804209963092370698224492470983341519458876941813795218235277143
0.81011473506709051306816762964814366575714158641558383854030239835965563362569622904178190904906906935545302699361020379288712569
0.79901048535824903391899560886489397766889857056856847213843277964698050900215392572034022800547897584864962077160101207094268368
0.78762683912147540609801371248247444953311033002276390306403892439788357067169328733983739763037471132643444395239004573176393648
0.77596777696940493985573427176392673048899785802493244144312564602617161777504697003186436080884789760851773630083779391749343283
0.76403737582160743665844182247322363285208607986326578739885860202685834998686730135539561286411617863606981759107231882802528564
0.75183980747897739640751940637696144277114121554499348062397833655603408494553945152600935233432057851814892872188730937281210631
0.73937933716494629624340541879896398403371085887168675373137707352088450108359533686140707591049526862904360696136194986704505459
0.7266603220340270471615222876385396255743959906260308124064974914832921256397397235649776074622179535005673684770465547671217068
0.7136872096482121578919461032973944470582683762857901233482089946043188857119196770843574160955654206177928613099849944708999564
0.7004645364217583763515475066512766809211721656185583409543300364069958585770701064023091374418694562090999785257005308311233299
0.6869969260349016335361463414661483035462818114497513112922211478487728608245413423317741860499106721285542446370038992293808535
0.6732890878170569791153478430632235425158156568551644826521719073766660858122384639757252297879221639723314385049144141537386966
0.6593458151000688684251246120553374509154692728858069400953745842519938732933739539577293372327956053871090389442641237537548445
0.6451719835420876332916589890067163479062709931112542934893455817886667892944888436692196177051950718410164221282058332829218943
0.6307725494226582405023766394940783339922561692072355354941912899919517789412813939874892411675712156589432047251766626850796117
0.6161525479096175081748059263096149626159541537953674167555018694426481838548575806710003274201377665831172209763182450560727095
0.6013170912984058082408764754369813163847822895227508896235121493068432779124482025662627709717719545072328302281046765130940032
0.5862713672244089293164083374408980620504593661320894103284453622807092244684090132494335274849178151428638797059508408030835481
0.5710206368489552049898264032244080052084570985382177431458419204009569063991065456540182822320134307661878435383977253829824743
0.555570233019602224742830813948532874374937190754804045924153528202949247577480068383124880351263934355537945824928208146300649
0.5399255584053564350875651795977888196031644630990945276937354787915375529187602286609992321463195550219954094935761107059783742
0.5240920836074777039260136861745564453451308467258357151818209750271955246720532776991264922784437033602390586995383878334455385
0.5080753452465294585428491475669648936485538085393678149533289821452090784772478856254752908813521361484604946615493445940671948
0.4918809440263433140474023776468662670664158178726951072367831469584864889514820723019003703919125955686194882023172341730300352
0.4755145427755751815792605769101650769327325266836683642857499785547328934599946875214136390808429722508302502404516876159715542
0.4589818644675376813624520888264711922214131243675973549430974860391521232528292545713531512015834389746918544769729726172614854
0.4422886902190012819952389773242447301569292055711623721505721010712386032512180426548316672757029424059835121967187748634117297
0.4254408572686639415399563697231816343479363697208529310350366833496743855352633142877162201262234229787624298177150862920337448
0.4084442569359961354585130645868912825289244352541321093389908003936435244611332393397251672401912809246483195292152113619431797
0.3913048325611750187380711222448289537018386756609907491892610362139749330444213633558017340724840949059933289787682409313735793
0.3740285774268280822684568837231455626653040042043843492686456043671946957573750468076102149233828878426827450019831808676990479
0.356621532662313024355699280293551778284782420929224605064283178251884410846123174899128475352178042630225897826062030696765488
0.3390897851312666649605024805481794188883705221762422533191223677445534730799262590935189112485509804647291592108438496232197849
0.3214394653031615807010576240789015860584644580075291549075415042933126402562311099573356486205051578727858273356134547143762516
0.3036767451096147308106077254328536766584571831032095444989542265117914591532889398523346232627393775936206344544762829522935445
0.2858078357861976761361476425195135662867310590656698333320028778499011052863163608421371031153178982947215629471461786135428362
0.2678389857005030630411196413726118278612544434576758546278862607452187044417008130988037833854893259203004088210761996898411597
0.2497764781672268499591643699129970495240507703193420091006028370905016840218837481720443766405839757548052117345086406656224025
0.2316266292510302946573941634191051605545043795006111997782367019683313513480545354088843984652028751839306332295249159361102365
0.213395785557949993418622739257615523015541205921378368664910690145590026509375449604842464379832008726166313111963503878956691
0.1950903220161282678482848684770222409276916177519548077545020894947633187859245802253253092340903817309920701055366117589657998
0.1767166396466399294531265812808801055924883479151138100748660002253752680963233401467397778640957016819842453590110582348150239
0.1582811633251949152192882391630939281953987178825325796781459527114017873597452888119685348884362871792297086537788919395890803
0.139790339535499477926175706585407572844858264744569823488455042125183568057340515947246016537920179302181633279982479454264417
0.1212506341150615317538675960504444366306711273012256534749248485248680049049340784416748671068591582287926188228473060143921598
0.1026685299942283958557903762822995763861874012450512044274411536549800425478638489993629354119481567174950693264444450061170505
0.0840505249292475450511184292702280024316126594556107024772784152923472251454839313219105060366047737533890709790663911133242284
0.0654031292301430668153155587751754414406323039450540178319876507463469074463889652862080172615199907650626815882252736686364268
0.0467328634842023365815922277386581704572158488344516715398209983755361043760282241561760845112070424406803312845166000341422757
0.0280462562758689583769003259582600930671833202252644602852322994184783903072435352806354338459713419679582107003299159595675142
0.0093498419038392744666647513929307261061403332954308620215242475396358436739781117132909742133856768519806401026920560202160327
-0.0093498419038392744666647513929307261061403332954308620215242475396358436739781117132909742133856768519806401026920560202160327
-0.0280462562758689583769003259582600930671833202252644602852322994184783903072435352806354338459713419679582107003299159595675142
-0.0467328634842023365815922277386581704572158488344516715398209983755361043760282241561760845112070424406803312845166000341422757
-0.0654031292301430668153155587751754414406323039450540178319876507463469074463889652862080172615199907650626815882252736686364268
-0.0840505249292475450511184292702280024316126594556107024772784152923472251454839313219105060366047737533890709790663911133242284
-0.1026685299942283958557903762822995763861874012450512044274411536549800425478638489993629354119481567174950693264444450061170505
-0.1212506341150615317538675960504444366306711273012256534749248485248680049049340784416748671068591582287926188228473060143921598
-0.139790339535499477926175706585407572844858264744569823488455042125183568057340515947246016537920179302181633279982479454264417
-0.1582811633251949152192882391630939281953987178825325796781459527114017873597452888119685348884362871792297086537788919395890803
-0.1767166396466399294531265812808801055924883479151138100748660002253752680963233401467397778640957016819842453590110582348150239
-0.1950903220161282678482848684770222409276916177519548077545020894947633187859245802253253092340903817309920701055366117589657998
-0.213395785557949993418622739257615523015541205921378368664910690145590026509375449604842464379832008726166313111963503878956691
-0.2316266292510302946573941634191051605545043795006111997782367019683313513480545354088843984652028751839306332295249159361102365
-0.2497764781672268499591643699129970495240507703193420091006028370905016840218837481720443766405839757548052117345086406656224025
-0.2678389857005030630411196413726118278612544434576758546278862607452187044417008130988037833854893259203004088210761996898411597
-0.2858078357861976761361476425195135662867310590656698333320028778499011052863163608421371031153178982947215629471461786135428362
-0.3036767451096147308106077254328536766584571831032095444989542265117914591532889398523346232627393775936206344544762829522935445
-0.3214394653031615807010576240789015860584644580075291549075415042933126402562311099573356486205051578727858273356134547143762516
-0.3390897851312666649605024805481794188883705221762422533191223677445534730799262590935189112485509804647291592108438496232197849
-0.356621532662313024355699280293551778284782420929224605064283178251884410846123174899128475352178042630225897826062030696765488
-0.3740285774268280822684568837231455626653040042043843492686456043671946957573750468076102149233828878426827450019831808676990479
-0.3913048325611750187380711222448289537018386756609907491892610362139749330444213633558017340724840949059933289787682409313735793
-0.4084442569359961354585130645868912825289244352541321093389908003936435244611332393397251672401912809246483195292152113619431797
-0.4254408572686639415399563697231816343479363697208529310350366833496743855352633142877162201262234229787624298177150862920337448
-0.4422886902190012819952389773242447301569292055711623721505721010712386032512180426548316672757029424059835121967187748634117297
-0.4589818644675376813624520888264711922214131243675973549430974860391521232528292545713531512015834389746918544769729726172614854
-0.4755145427755751815792605769101650769327325266836683642857499785547328934599946875214136390808429722508302502404516876159715542
-0.4918809440263433140474023776468662670664158178726951072367831469584864889514820723019003703919125955686194882023172341730300352
-0.5080753452465294585428491475669648936485538085393678149533289821452090784772478856254752908813521361484604946615493445940671948
-0.5240920836074777039260136861745564453451308467258357151818209750271955246720532776991264922784437033602390586995383878334455385
-0.5399255584053564350875651795977888196031644630990945276937354787915375529187602286609992321463195550219954094935761107059783742
-0.555570233019602224742830813948532874374937190754804045924153528202949247577480068383124880351263934355537945824928208146300649
-0.5710206368489552049898264032244080052084570985382177431458419204009569063991065456540182822320134307661878435383977253829824743
-0.5862713672244089293164083374408980620504593661320894103284453622807092244684090132494335274849178151428638797059508408030835481
-0.6013170912984058082408764754369813163847822895227508896235121493068432779124482025662627709717719545072328302281046765130940032
-0.6161525479096175081748059263096149626159541537953674167555018694426481838548575806710003274201377665831172209763182450560727095
-0.6307725494226582405023766394940783339922561692072355354941912899919517789412813939874892411675712156589432047251766626850796117
-0.6451719835420876332916589890067163479062709931112542934893455817886667892944888436692196177051950718410164221282058332829218943
-0.6593458151000688684251246120553374509154692728858069400953745842519938732933739539577293372327956053871090389442641237537548445
-0.6732890878170569791153478430632235425158156568551644826521719073766660858122384639757252297879221639723314385049144141537386966
-0.6869969260349016335361463414661483035462818114497513112922211478487728608245413423317741860499106721285542446370038992293808535
-0.7004645364217583763515475066512766809211721656185583409543300364069958585770701064023091374418694562090999785257005308311233299
-0.7136872096482121578919461032973944470582683762857901233482089946043188857119196770843574160955654206177928613099849944708999564
-0.7266603220340270471615222876385396255743959906260308124064974914832921256397397235649776074622179535005673684770465547671217068
-0.7393793371649462962434054187989639840337108588716867537313770735208845010835953368614070759104952686290436069613619498670450546
-0.7518398074789773964075194063769614427711412155449934806239783365560340849455394515260093523343205785181489287218873093728121063
-0.7640373758216074366584418224732236328520860798632657873988586020268583499868673013553956128641161786360698175910723188280252856
-0.7759677769694049398557342717639267304889978580249324414431256460261716177750469700318643608088478976085177363008377939174934328
-0.7876268391214754060980137124824744495331103300227639030640389243978835706716932873398373976303747113264344439523900457317639365
-0.7990104853582490339189956088648939776688985705685684721384327796469805090021539257203402280054789758486496207716010120709426837
-0.8101147350670905130681676296481436657571415864155838385403023983596556336256962290417819090490690693554530269936102037928871257
-0.8209357053342323842461948226774945731423285886047616222412672401580420996309237069822449247098334151945887694181379521823527714
-0.831469612302545237078788377617905756738560811987249963446124590227637920144642343981774919007980650336002940238443449728869197
-0.8417127724946699637248102554692984835166294314771257312177592077020017019815883808613319051893550759598928518516840839876983359
-0.8516616041010493976475404643934050839700104170167399824593107228024718971810167577513211578577219108789750781458985559105197109
-0.8613126282324089409969539854169889092899004467083816422885724124278049679909695560132200332614677185454927511289694707870572468
-0.8706624701362482154636187368099196353960407800038125043100966599674408116649476677265110074748533953974733912316615268072732795
-0.8797078603769183560244407903516651770371937372420044427445430222209502874882602930319565917036932528469332888462284718700872251
-0.8884456359788723003064024832079566539738452803115774027575802060775378063576166050175079897005621184005731831362006840218406116
-0.8968727415326883038941039363930811981791931159323039812781122409739848275910313092679829362695006411010656218266687233975056239
-0.9049862302634799292973132519477225755739412480603723247185456554503893247764076383041554307464381889479778403972043432956769998
-0.9127832650613189089239580059304432421433289876606350429677435520146356761735600780411448444610172260729480963200546487990041762
-0.9202611194733105656728632049153384142995696978697941256133576281718485139070880041620150951123381340774422395944483180853348435
-0.9274171786569748840241894190678820223779685947673337265524939665230671387290338032870834141682948906286160772323725251860283534
-0.9342489402945998550750225109270206586843965759074650211212715987375734051347922588438328956972841847877474449546166858570825132
-0.9407540154682473661115684037541037384445744277783795974737246022522336180831906415021353907282118803180540629500833770628403096
-0.9469301294951056642558042748539836836988328332969482883784804260507974037314640317513346615684109602491409988274239211317779061
-0.9527751227228962896620281580565795070492520647930651223962877636664745275929707864662495402903272773552099200733254537460017456
-0.9582869512850573418189164510576447861289003701266420121847341934516234769877942589738620059274208286844980017065714707032319434
-0.9634636878154390078511104732103914965823191466051321324488118316948205697338034252564017927361493963725980730444936351365223589
-0.9683035221222614393926671480238885087824266090762341955822162971522145630187709195011129208273587821294003873467767305209644895
-0.9728047618210993096722939839856618698330128705154211446242240256986739661108577031739112891652285704232758075841500778429236897
-0.9769658329266717099259555684960772191742728399583740271511261338884575449655274038280598530506615415659520729593906971060322411
-0.9807852804032304491261822361342390369739337308933360950029160885453065135496050639150649858533007632598948662798775784681310961
-0.9842617686733542982521614695548957667946415152874965468084679495332202623744151027627385289537460523057455813390496829061416791
-0.98739408208497126485807591978763011227703859013646014055847446824383618978740456888661771651974925828916910255123869338184509969
-0.99018112533644559044326281003276052528125815799975176602414747380984287961223262747861054234352065442579996597830142592377175736
-0.99262192385958082697894759768181027008662096518374163881277318552081821095686956592206450504425604941322615920687291744446758254
-0.9947156241604050647749214020277893445793838013862215196674361626743527489295422525891586947251090960675121992351660521650267278
-0.99646149411761914652978277294758963955639346825907067418087860375063129193436985994173450235823685374495027335611281167501621904
-0.99785892323860350673806979127277760453186639632596641807472562927418785082869811103795654762696687676152145802164698300971237868
-0.99890742287289411645001726842426001182457758746669188263683296483068967617158948323235238334790299399668726397054908332323985954
-0.99960662638305288550527426308472152227786337340950407946757095358192841813204796522054013135928667561106930893999007544941709263
-0.99995628927287277259025152521383116071496962641206292219011212910369556742872995792737566127326473171707998286386657876709722997