0.99926618105081002039322445909952500447126909061311407007713178098704928233365056242588321433757257402222836313276814344617836692
0.99340208975967506879474239834796371568068087815546301331493529818936037723392297123050009158289762118665752215059325269972679657
0.98170831999685493767768589988065974510931578792029174648297671121837879737392721284722744861610823713298038318155874671441018349
0.9642534954531409838529948264870398702492611245526687070198781981609976914703727500629532306107306075894495257821352598310706795
0.94114004797956157414323482458817248504804927615496277911035555491502952488578626763865137568353150426123107724071543047524817528
0.91250361647655001596808508000741932011100314446241493492827839962415310780448990746390865976068295562082755878150502133757612035
0.87851225091094237703244410129040221257435730728965425381236614248068827273745851598360626630631007497925445265102426779698736192
0.83936542613194995963752213019242388433276070909467262678994572994519693800000181087103894866090068046137547823441795786305433317
0.79529287127342644197479995878613231129846465495551236075088947029668280387536053908402864033337833641374028533498395501618246493
0.7465532216119626505430821259987599991059121769932679017062817398906254858654167910470545194640158100202859207427583958081578314
0.6934325007922417286259483972875805939519730077199654998772938492251678837324657474265702373778036165749117905119191546604499607
0.6362424423265598332563914426192972085437113489622938013264969717098876073558861757418241284644081897902647025800964917978583347
0.5753186602186205995927072726495191736474514437151955864417265713412635869888004558793923176247449969920992549720232210509766999
0.5110186794471103662576250033662606123172722678485286386723571772345308277286837282245959513438306277512735765017323786216383947
0.4437198378669596859957300716487510074805305041849119860752534323803762748785464239161668568488086033802149055076088767686583069
0.3738170718407687913912982304163231070236154680779412655921650650285616210574125496280081280180768602384732313328090257797537904
0.3017205985951923159681622307862467380142985055514704392098730185683426394095789251852967675453149165064877736154533736626634397
0.2278535089031375755972602599574454122751414928654686528591393203848306140925270682991148336616633909597795659556545760409302941
0.152649284218874498538279806789489351516621171383458742711090499347092986915737494074662032710198607567089323277059957416197866
0.076549252836495646866675743982508355812718724370819368919103914997283915207440938701357531263557581684574265424981848668716378
0.e-127
-0.076549252836495646866675743982508355812718724370819368919103914997283915207440938701357531263557581684574265424981848668716378
-0.152649284218874498538279806789489351516621171383458742711090499347092986915737494074662032710198607567089323277059957416197866
-0.2278535089031375755972602599574454122751414928654686528591393203848306140925270682991148336616633909597795659556545760409302941
-0.3017205985951923159681622307862467380142985055514704392098730185683426394095789251852967675453149165064877736154533736626634397
-0.3738170718407687913912982304163231070236154680779412655921650650285616210574125496280081280180768602384732313328090257797537904
-0.4437198378669596859957300716487510074805305041849119860752534323803762748785464239161668568488086033802149055076088767686583069
-0.5110186794471103662576250033662606123172722678485286386723571772345308277286837282245959513438306277512735765017323786216383947
-0.5753186602186205995927072726495191736474514437151955864417265713412635869888004558793923176247449969920992549720232210509766999
-0.6362424423265598332563914426192972085437113489622938013264969717098876073558861757418241284644081897902647025800964917978583347
-0.6934325007922417286259483972875805939519730077199654998772938492251678837324657474265702373778036165749117905119191546604499607
-0.7465532216119626505430821259987599991059121769932679017062817398906254858654167910470545194640158100202859207427583958081578314
-0.7952928712734264419747999587861323112984646549555123607508894702966828038753605390840286403333783364137402853349839550161824649
-0.8393654261319499596375221301924238843327607090946726267899457299451969380000018108710389486609006804613754782344179578630543332
-0.8785122509109423770324441012904022125743573072896542538123661424806882727374585159836062663063100749792544526510242677969873619
-0.9125036164765500159680850800074193201110031444624149349282783996241531078044899074639086597606829556208275587815050213375761203
-0.9411400479795615741432348245881724850480492761549627791103555549150295248857862676386513756835315042612310772407154304752481753
-0.9642534954531409838529948264870398702492611245526687070198781981609976914703727500629532306107306075894495257821352598310706795
-0.9817083199968549376776858998806597451093157879202917464829767112183787973739272128472274486161082371329803831815587467144101835
-0.99340208975967506879474239834796371568068087815546301331493529818936037723392297123050009158289762118665752215059325269972679657
-0.99926618105081002039322445909952500447126909061311407007713178098704928233365056242588321433757257402222836313276814344617836692