0.99933284837023937207048212287104611340672589186535375452893812480351076873441896143863675607086268702922127970133072833263293715
0.99400097523994591878843420364976827653927898203996832772766379947961483447113713644163993416717019034246105057218063244202851974
0.98336567682946611967536713262974943358290316481773763065112934888563662956471378565842319052644962478101497912323203230548289423
0.9674836970574252545056551754955779856175471805977017624563186089881453975407032563015792620371865418976611521826760885383527445
0.9464397731576093538703011154574776795266086068189731843956075199832939216085712030466931923915842423016034809555324626959592804
0.92034618356915944630705130068356567108944505293723724906208897137359951412961512061834196693033813485077402784055395955704629803
0.88934214888251890341816450315377213659297391212686688978523320007298609466455473039038183386396975205916983394165659352280551063
0.85359308903734644834184603040733366034527360798388005215613343916771590444933673586867631207687084270991828489562396406633261442
0.81328974073556535200777153876893533469700549279232418528176332306752220878006625640158976503193953929633071437218345349813698815
0.76864713977853207116723094871570318404882585485448755838554857101283494764930474475177259195863113145464780268604001923089049182
0.7199034737579958486390645343470509553063074357271469514062055113143104084518645970266563440669046961763365220732743700502310052
0.6673188112222394158299466460967518615170201271109869683749261754200605597775374698115060990162730272079828825715506427308560199
0.611173714097849292248140068882706310855134825802104989295363584001472797981923562069749742903228190352642608476814659794704443
0.5517677407704459049547942137195885263307616902113747803683399311434645062923650423253960659672262617620167192602681113611414986
0.489417847811085509162071455947484049685337134829874195515782181193353815818322517345968382173609739736674779198281927877950229
0.4244566988758150853990378624175550294483728603522044798074622371751008672536975176119367399754975589145208376678281393658880472
0.3572308898011327811970544491665739772808111535632473291728421315477413694763423178306184241508750535436585022849472837667682981
0.288099099365237568926693126489910735305120823405872125970322670146511239074265243539014639099197032970271365327566423729342662
0.2174301755815569683483334697013744130646177375375267682049245883132466816010547405786687811729345885062708943143782086111012986
0.1456011677350048723993394166411729066078141688702939184016886510405650342522180081709976684295764074615731009348028839342737599
0.0729953146609075252900786306555002357534007807738653818156709711080755874620457701759640237186052370976928624218242260485287211
0.e-127
-0.0729953146609075252900786306555002357534007807738653818156709711080755874620457701759640237186052370976928624218242260485287211
-0.1456011677350048723993394166411729066078141688702939184016886510405650342522180081709976684295764074615731009348028839342737599
-0.2174301755815569683483334697013744130646177375375267682049245883132466816010547405786687811729345885062708943143782086111012986
-0.288099099365237568926693126489910735305120823405872125970322670146511239074265243539014639099197032970271365327566423729342662
-0.3572308898011327811970544491665739772808111535632473291728421315477413694763423178306184241508750535436585022849472837667682981
-0.4244566988758150853990378624175550294483728603522044798074622371751008672536975176119367399754975589145208376678281393658880472
-0.489417847811085509162071455947484049685337134829874195515782181193353815818322517345968382173609739736674779198281927877950229
-0.5517677407704459049547942137195885263307616902113747803683399311434645062923650423253960659672262617620167192602681113611414986
-0.611173714097849292248140068882706310855134825802104989295363584001472797981923562069749742903228190352642608476814659794704443
-0.6673188112222394158299466460967518615170201271109869683749261754200605597775374698115060990162730272079828825715506427308560199
-0.7199034737579958486390645343470509553063074357271469514062055113143104084518645970266563440669046961763365220732743700502310052
-0.7686471397785320711672309487157031840488258548544875583855485710128349476493047447517725919586311314546478026860400192308904918
-0.8132897407355653520077715387689353346970054927923241852817633230675222087800662564015897650319395392963307143721834534981369881
-0.8535930890373464483418460304073336603452736079838800521561334391677159044493367358686763120768708427099182848956239640663326144
-0.8893421488825189034181645031537721365929739121268668897852332000729860946645547303903818338639697520591698339416565935228055106
-0.920346183569159446307051300683565671089445052937237249062088971373599514129615120618341966930338134850774027840553959557046298
-0.9464397731576093538703011154574776795266086068189731843956075199832939216085712030466931923915842423016034809555324626959592804
-0.9674836970574252545056551754955779856175471805977017624563186089881453975407032563015792620371865418976611521826760885383527445
-0.9833656768294661196753671326297494335829031648177376306511293488856366295647137856584231905264496247810149791232320323054828942
-0.99400097523994591878843420364976827653927898203996832772766379947961483447113713644163993416717019034246105057218063244202851974
-0.99933284837023937207048212287104611340672589186535375452893812480351076873441896143863675607086268702922127970133072833263293715