0.99979192818920649537363030673949523398166783758781047302642168237830361515016548033354327357685444433021551937158704877845766089
0.99812787319336687827966130546597327768347326572936821190248684354506732047110424706362874481516294558669568140539413734080854219
0.99480253285700401983194443577216192777519732961650646401762020640135480676820333887269620446870999908898532604104000205925162701
0.98982144188093273237609203777671878737651937194871668783861544492362236572535409860444233983835660359683775025856814210051233034
0.98319289079950297361405105700471814159058091421660668379946122814045871278933352846602490755202202501905255898476692416366730628
0.97492791218182360701813168299393121723278580061999743764807957508764593163440379370011245812073692516401481293875625289435821838
0.96504026226913991516919661457071600285477836540718700541469952809374208493312492938145311362844376446169662052076045217706645465
0.95354639807892763895616533498475966776660940958479643759047992744878772155017981055565742302385693785013495383748251039878938199
0.94046545001381151853072744779699780768176939032421965509345458222612398730997968463403219976914638831837249273887049816719800126
0.92581919002089808790286775488253298700616331145871211706937581761169283614053214742836955843418584841821477603439790387495884032
0.90963199535451837141171538307902846006024105119464417075610445031751735451746803738741566040627599911100090808517355516341883033
0.89193080800269382062874885811863670084006319426207200335924272413361823787278535137486475225667925349142663475145203154568138573
0.87274508984485613497315350281723920292130631738442236018359694913348864343958607236246131061613207927373340759718513416761049845
0.85210677361545651595069564164150005927520126090266337317601802042845935692494350517489438832940791224289179911725712074770155951
0.8300502097550805880519388888258970064007058165791849288600883369480830391641597219876201644137138648510305494061343837327147578
0.80661210923753006030483841109704223066558205615876817652255239837892108393468850146052284822654868042006119606896649719371915628
0.78183148246802980870844452667405775023233451870868752898063495804509173163393644170086800689099098223226157916053801447223925705
0.75574957435425828377403584397234442017971744516922356957999988305190613888672243995948471123326377317734391790922996700805690876
0.728409795658269105274487601892011243416295178105258329730046668832697371574344441817966750177176665555401333080642414782225699
0.6998576507435617958858266961749753688843207715336495612781255823746632772722960281367604913157788916832837677817763807640725708
0.6701406618375595239035146937263559601461741758622719888516681107571635085508585354947720170589076073746679612082916428844842588
0.6393082899355514863578199974622529546651365739928977062078515846889326611661769984550296837344787676444068278608234670689284922
0.6074118524777475145076432576478524035347562623851153927741834674263521641543669258927846376131724702855090026484574306596654072
0.5745044379364633199391484461733159036361872632425441942320179769278958587152697112803257729186365566719189733793400125902583237
0.5406408174555975821076359543186916954317706078981138400357498893123823726908842540544426904469143978223314110760769548770640755
0.505877353689468247484152754181121094234696780425159816053925404478268413499516490495206561634277312322836294383850279120387703
0.4702719069927368006677156054292327188906476571654543597256881052622059651053128252772363294044009963284287276452323312557457379
0.4338837391175581204757683328483587546099907277874598764445473035322032516531984215207840217744561020887441029300455358187257105
0.3967734145782425110294705067384480554334527157329217024776193708978712884207694200898907456910961188616945404260704676488375059
0.3590026998475986936438583883025581951097788917080251887951283357895507937509305939268030078109158533106595048830288639655007881
0.3206344605527354983840622330969726533685854010962826670441473706346189470216492619595804890835102549630063898144097698873786558
0.2817325568414296977114179153466168990357778989732668718310803060878487985190291681234676184518865499679941077660622194739232356
0.2423617370932123367545009738902828590945176778331794259343910530961709980838251126396497846085484756525557351487110362659816233
0.2025875301520809674441283467616525721867387506759279719587185069462818499966309032794273976530019540051480718955313235319697209
0.1624761362602058015348852723192560525025871770177830459021198583970964096380851059244280472905026319733403245953805352990585502
0.1220943168741598649599217637303584717657326567251041700178757047991981654748111692953923090493387330703298232283559488981100568
0.0815092835470631644827697817366362557504172126071282783768909180481665963339449044475350564013239254632503695964150779061208044
0.0407885860615855715522969740000889917071328792524077286902779190840363594927859427708792406435982307813728475234318054078468361
0.e-127
-0.0407885860615855715522969740000889917071328792524077286902779190840363594927859427708792406435982307813728475234318054078468361
-0.0815092835470631644827697817366362557504172126071282783768909180481665963339449044475350564013239254632503695964150779061208044
-0.1220943168741598649599217637303584717657326567251041700178757047991981654748111692953923090493387330703298232283559488981100568
-0.1624761362602058015348852723192560525025871770177830459021198583970964096380851059244280472905026319733403245953805352990585502
-0.2025875301520809674441283467616525721867387506759279719587185069462818499966309032794273976530019540051480718955313235319697209
-0.2423617370932123367545009738902828590945176778331794259343910530961709980838251126396497846085484756525557351487110362659816233
-0.2817325568414296977114179153466168990357778989732668718310803060878487985190291681234676184518865499679941077660622194739232356
-0.3206344605527354983840622330969726533685854010962826670441473706346189470216492619595804890835102549630063898144097698873786558
-0.3590026998475986936438583883025581951097788917080251887951283357895507937509305939268030078109158533106595048830288639655007881
-0.3967734145782425110294705067384480554334527157329217024776193708978712884207694200898907456910961188616945404260704676488375059
-0.4338837391175581204757683328483587546099907277874598764445473035322032516531984215207840217744561020887441029300455358187257105
-0.4702719069927368006677156054292327188906476571654543597256881052622059651053128252772363294044009963284287276452323312557457379
-0.505877353689468247484152754181121094234696780425159816053925404478268413499516490495206561634277312322836294383850279120387703
-0.5406408174555975821076359543186916954317706078981138400357498893123823726908842540544426904469143978223314110760769548770640755
-0.5745044379364633199391484461733159036361872632425441942320179769278958587152697112803257729186365566719189733793400125902583237
-0.6074118524777475145076432576478524035347562623851153927741834674263521641543669258927846376131724702855090026484574306596654072
-0.6393082899355514863578199974622529546651365739928977062078515846889326611661769984550296837344787676444068278608234670689284922
-0.6701406618375595239035146937263559601461741758622719888516681107571635085508585354947720170589076073746679612082916428844842588
-0.6998576507435617958858266961749753688843207715336495612781255823746632772722960281367604913157788916832837677817763807640725708
-0.728409795658269105274487601892011243416295178105258329730046668832697371574344441817966750177176665555401333080642414782225699
-0.7557495743542582837740358439723444201797174451692235695799998830519061388867224399594847112332637731773439179092299670080569088
-0.781831482468029808708444526674057750232334518708687528980634958045091731633936441700868006890990982232261579160538014472239257
-0.8066121092375300603048384110970422306655820561587681765225523983789210839346885014605228482265486804200611960689664971937191563
-0.8300502097550805880519388888258970064007058165791849288600883369480830391641597219876201644137138648510305494061343837327147578
-0.8521067736154565159506956416415000592752012609026633731760180204284593569249435051748943883294079122428917991172571207477015595
-0.8727450898448561349731535028172392029213063173844223601835969491334886434395860723624613106161320792737334075971851341676104984
-0.8919308080026938206287488581186367008400631942620720033592427241336182378727853513748647522566792534914266347514520315456813857
-0.9096319953545183714117153830790284600602410511946441707561044503175173545174680373874156604062759991110009080851735551634188303
-0.9258191900208980879028677548825329870061633114587121170693758176116928361405321474283695584341858484182147760343979038749588403
-0.9404654500138115185307274477969978076817693903242196550934545822261239873099796846340321997691463883183724927388704981671980013
-0.953546398078927638956165334984759667766609409584796437590479927448787721550179810555657423023856937850134953837482510398789382
-0.9650402622691399151691966145707160028547783654071870054146995280937420849331249293814531136284437644616966205207604521770664546
-0.9749279121818236070181316829939312172327858006199974376480795750876459316344037937001124581207369251640148129387562528943582184
-0.9831928907995029736140510570047181415905809142166066837994612281404587127893335284660249075520220250190525589847669241636673063
-0.98982144188093273237609203777671878737651937194871668783861544492362236572535409860444233983835660359683775025856814210051233034
-0.99480253285700401983194443577216192777519732961650646401762020640135480676820333887269620446870999908898532604104000205925162701
-0.99812787319336687827966130546597327768347326572936821190248684354506732047110424706362874481516294558669568140539413734080854219
-0.99979192818920649537363030673949523398166783758781047302642168237830361515016548033354327357685444433021551937158704877845766089