0.99984425343699861420620213654935706342037354919784488213035957527698187419888823090892234076850738867568574025079036429928523651
0.99859857200177839633097822509880271128936269556010000417053676286892471398803626393682631266642730743762595119197593971091754937
0.99610876109528906416882773013332572087832952630487919099342845730366710828784088458642944599542924265370851471667271926341192617
0.9923779227118789985127499767241259819103471077815146475541536984564034156063796622486002110815189514294299815082475867846653616
0.9874107050115951718871570943882274446551330938097736149056423891489951941708399814315548241239819810491423862438740860863866187
0.98121329652915453729941983752042075206732161120939931803631087899442396869797657946363390093882495359758819395478555738515148255
0.97379341846380039174406934350020178193192926278162198182718497713947022233514747059376004440132930221127848614818364349859860464
0.96516031505964959333313809689109957289490584043475644075719328954608173023262721771148017038511981404232341275361328691058682775
0.95532474208851552154287139446912168409010567766456101442523296829042303443367439889225400956506991781870604175576250307484081114
0.94429895344955574900388966101013934888424971031401676253245931865485609339805570475797018823765610425978557857539931335899802063
0.93209668590243959517086119851179807777833960209857504524811020674910121816748876350359341709931507498978911106184334763778060077
0.91873314195305613401343411806154306039667481676335363654946902015402338980735810458159841977917554584112153503056673251242933877
0.90422497091308493241149364839219281576941675617081913448184920676346862452834677678602606609105398660351146947754663627491701709
0.88859024815702693557751561284216465410808814637835493855483420351892106669425566697751211752310392137222073726790728728805650631
0.87184845260253865602619693446667230345388052184297907440407670703197661828089727305845791695460332880058316259186152158157002618
0.85402044244212636545402204904838890368583455520886256578631315692895207104496650915499904344017160456037708456529290667280851677
0.83512842915643557658022746265874281822260632465378236203181782846892153052441381646399372401973058821736209635162138033639511229
0.81519594984151202028678149374769836137869976218986058948402272815360005277454433533737269266649877788345885101740068124035620468
0.79424783788451090496091355605652691445992116738088768809983545501620709575369418216987729337533661982451623335258255893354844456
0.77231019202438887272634876243485146201356014435877549333086309849029070056189049640735578317871579432527404753711566763643931336
0.74941034383612517770073596702144002388381367751583860063846911958392138932750201068323538514822488718079148439009478832568780708
0.7255768236789826976977342083611404050994861931556062932405220348629463467215932215880841540816955549224557676879183535976578868
0.70083932515123300589591356626625717550593392144484932353008989815552779776436681909611712142498454421723581856939892549077744
0.6752286680956304887969034253954026524342255405199288271563743079847732758913973937779705630243938333856908294782018100239748997
0.6487767602017260830170820758524994557221436642968230563216898051672684386460954360903635709187798596297190793911748423325484139
0.6215165572528593665649527769521816429310156775850975420880035960030943235634694773923090648880072839436614650922161698565204146
0.5934820220673563022566486687934521372576611651359450652906912020012587637544256433767439338236950876222579249809405694856345748
0.5647080821850867880767662880531076015260905528188253283128418458888827652211090927887344122627849305348503598539038855039697019
0.5352305863520992947395127912755814616080284143584538954764906745677743994181167464874528472117146425523065823424644772845437846
0.5050862598575473169863039355568098978437388028003514049970697635700133273801288057034388001299377313063792125681524018490168971
0.4743126587785522666388700330872991413216329628406424858828596991335565094136386756362122928973371863612297948206094647413609564
0.4429481231900080106324247540083605903624033588938302048564021386683183868195797691383641775833307913926513810233209830092046814
0.4110317293976218110742449590144296380386820309871390331833107505944578524611673987479976266982463502359481299740850123127020026
0.3786032412537033501856183344771013424978097307054112051492587059960983245739560375811737200012391594211970258784962555840300928
0.3457030606163563046515133851732749168342993598663530221910068041094089190395112076968107892344321803308251132620949104382958319
0.3123721770137941476588606758043667747108390212747761302749470147737802834144082607959230817185741200739921571613284229484232479
0.2786521165764921731355581399660073346589903751809952882549221379150135793475761939237179509223570252335426785323298139051598224
0.2445848903007999215975207843135309887438649445043565303698252964076275730050161111739551200936666982074704879178417288106573951
0.2102129417084711041014956499864430725974014129732684097484324752941336883251639984505452378518706739156083867519365680203959384
0.175579093967320732375979945339491481783333766219655135648755971622340611163287282041611436383682581578754338838319289989860854
0.1407264965388905316011100317815897255700206888049910451116086940303659381553098525275406434274718063479198228039360044166288502
0.1056985714195930010894083091835741345503250815785408603759323766772143505933031827445680364588806620336483280102405673612657739
0.0705389590423109631023434292636566156442598338600196190521276764049519923908361836968422814167813066633182596015216558507926305
0.0352914639058524702180160301315532952160689610447129050484406591230435569452792308459023846571168628022123165518584020175076031
0.e-127
-0.0352914639058524702180160301315532952160689610447129050484406591230435569452792308459023846571168628022123165518584020175076031
-0.0705389590423109631023434292636566156442598338600196190521276764049519923908361836968422814167813066633182596015216558507926305
-0.1056985714195930010894083091835741345503250815785408603759323766772143505933031827445680364588806620336483280102405673612657739
-0.1407264965388905316011100317815897255700206888049910451116086940303659381553098525275406434274718063479198228039360044166288502
-0.175579093967320732375979945339491481783333766219655135648755971622340611163287282041611436383682581578754338838319289989860854
-0.2102129417084711041014956499864430725974014129732684097484324752941336883251639984505452378518706739156083867519365680203959384
-0.2445848903007999215975207843135309887438649445043565303698252964076275730050161111739551200936666982074704879178417288106573951
-0.2786521165764921731355581399660073346589903751809952882549221379150135793475761939237179509223570252335426785323298139051598224
-0.3123721770137941476588606758043667747108390212747761302749470147737802834144082607959230817185741200739921571613284229484232479
-0.3457030606163563046515133851732749168342993598663530221910068041094089190395112076968107892344321803308251132620949104382958319
-0.3786032412537033501856183344771013424978097307054112051492587059960983245739560375811737200012391594211970258784962555840300928
-0.4110317293976218110742449590144296380386820309871390331833107505944578524611673987479976266982463502359481299740850123127020026
-0.4429481231900080106324247540083605903624033588938302048564021386683183868195797691383641775833307913926513810233209830092046814
-0.4743126587785522666388700330872991413216329628406424858828596991335565094136386756362122928973371863612297948206094647413609564
-0.5050862598575473169863039355568098978437388028003514049970697635700133273801288057034388001299377313063792125681524018490168971
-0.5352305863520992947395127912755814616080284143584538954764906745677743994181167464874528472117146425523065823424644772845437846
-0.5647080821850867880767662880531076015260905528188253283128418458888827652211090927887344122627849305348503598539038855039697019
-0.5934820220673563022566486687934521372576611651359450652906912020012587637544256433767439338236950876222579249809405694856345748
-0.6215165572528593665649527769521816429310156775850975420880035960030943235634694773923090648880072839436614650922161698565204146
-0.6487767602017260830170820758524994557221436642968230563216898051672684386460954360903635709187798596297190793911748423325484139
-0.6752286680956304887969034253954026524342255405199288271563743079847732758913973937779705630243938333856908294782018100239748997
-0.70083932515123300589591356626625717550593392144484932353008989815552779776436681909611712142498454421723581856939892549077744
-0.7255768236789826976977342083611404050994861931556062932405220348629463467215932215880841540816955549224557676879183535976578868
-0.7494103438361251777007359670214400238838136775158386006384691195839213893275020106832353851482248871807914843900947883256878071
-0.7723101920243888727263487624348514620135601443587754933308630984902907005618904964073557831787157943252740475371156676364393134
-0.7942478378845109049609135560565269144599211673808876880998354550162070957536941821698772933753366198245162333525825589335484446
-0.8151959498415120202867814937476983613786997621898605894840227281536000527745443353373726926664987778834588510174006812403562047
-0.8351284291564355765802274626587428182226063246537823620318178284689215305244138164639937240197305882173620963516213803363951123
-0.8540204424421263654540220490483889036858345552088625657863131569289520710449665091549990434401716045603770845652929066728085168
-0.8718484526025386560261969344666723034538805218429790744040767070319766182808972730584579169546033288005831625918615215815700262
-0.8885902481570269355775156128421646541080881463783549385548342035189210666942556669775121175231039213722207372679072872880565063
-0.9042249709130849324114936483921928157694167561708191344818492067634686245283467767860260660910539866035114694775466362749170171
-0.9187331419530561340134341180615430603966748167633536365494690201540233898073581045815984197791755458411215350305667325124293388
-0.9320966859024395951708611985117980777783396020985750452481102067491012181674887635035934170993150749897891110618433476377806008
-0.9442989534495557490038896610101393488842497103140167625324593186548560933980557047579701882376561042597855785753993133589980206
-0.9553247420885155215428713944691216840901056776645610144252329682904230344336743988922540095650699178187060417557625030748408111
-0.9651603150596495933331380968910995728949058404347564407571932895460817302326272177114801703851198140423234127536132869105868277
-0.9737934184638003917440693435002017819319292627816219818271849771394702223351474705937600444013293022112784861481836434985986046
-0.9812132965291545372994198375204207520673216112093993180363108789944239686979765794636339009388249535975881939547855573851514826
-0.9874107050115951718871570943882274446551330938097736149056423891489951941708399814315548241239819810491423862438740860863866187
-0.9923779227118789985127499767241259819103471077815146475541536984564034156063796622486002110815189514294299815082475867846653616
-0.99610876109528906416882773013332572087832952630487919099342845730366710828784088458642944599542924265370851471667271926341192617
-0.99859857200177839633097822509880271128936269556010000417053676286892471398803626393682631266642730743762595119197593971091754937
-0.99984425343699861420620213654935706342037354919784488213035957527698187419888823090892234076850738867568574025079036429928523651