0.99992586471326447799980011711266883122111180477639866672317075062521340322243621450667978095585239671072148460996403554264634613
0.99933284837023937207048212287104611340672589186535375452893812480351076873441896143863675607086268702922127970133072833263293715
0.99814716737864522442556184652796939804775502382164033211825480294625575907910898931322192871016631848742224596755861097848678524
0.99636952491881814045179262983329959641580868828165151540789717864657389400995129751027596795920253489323928187178028522926878359
0.99400097523994591878843420364976827653927898203996832772766379947961483447113713644163993416717019034246105057218063244202851974
0.99104292303483470148804856784320668662427149069606264129764941338366396062706071972908334788918984148393798568888973651927705407
0.98749712260684142334272666495768773844940676235010180135180912118552002461504341880131100502732812212189093366664932050263891166
0.98336567682946611967536713262974943358290316481773763065112934888563662956471378565842319052644962478101497912323203230548289423
0.97865103589922111710418477720459515655366191465470423668101845416614108970258161874850006674132000342758526510689076146967136091
0.97335599588251673106443684311069422718940126946508804960168264726379557570330450922502542235218604975177763435670897700039625544
0.9674836970574252545056551754955779856175471805977017624563186089881453975407032563015792620371865418976611521826760885383527445
0.96103762205130667172683837371271729571857131931436167447206494201125813352899108433213451895923273712041498452887365166587363034
0.95402159377540059762057366994410754761452021489726855790554886292299519236679978947318953271175782224838959545922943317012906544
0.9464397731576093538703011154574776795266086068189731843956075199832939216085712030466931923915842423016034809555324626959592804
0.93829665667481677847175571340104019598529785004627431118326990757781651419771346750875032689659064268068617813787520581324883292
0.92959707368620625234970593702017077869731959671592811616934983481154489268815563448390811323455619353398616567658508083238918668
0.92034618356915944630705130068356567108944505293723724906208897137359951412961512061834196693033813485077402784055395955704629803
0.91054947265943437308248628211430933440702129421317878447120963734449500990636887063529671886091833024465520430605811095345819992
0.9002127509974374034688690599820525371247376866595707075728478914560563792573224967455242950346799227168315915775716437523167543
0.88934214888251890341816450315377213659297391212686688978523320007298609466455473039038183386396975205916983394165659352280551063
0.87794411323733600262962770821946327816943483881556769597802069920025074725358467160084296194287034075109950840812081794978197427
0.86602540378443864676372317075293618347140262690519031402790348972596650845440001854057309337862428783781307070770335151498497255
0.85359308903734644834184603040733366034527360798388005215613343916771590444933673586867631207687084270991828489562396406633261442
0.84065454210849386953629936405393583688826816049665320575365369881528675508292198409123481933854312155729472880144259360480109493
0.82721743633652987817879042932655230137133690588570532575717692034798079179527672656956027131607468561913872915574741770378803317
0.81328974073556535200777153876893533469700549279232418528176332306752220878006625640158976503193953929633071437218345349813698815
0.79887971526906710189852727597050283159512024784023222867323601651418481016363877286265249181899575231711168977591432075618038505
0.78399590595120137995036652037899787208950542784563419776766118377097985843593762631291044480497978607241306474178219689811542673
0.76864713977853207116723094871570318404882585485448755838554857101283494764930474475177259195863113145464780268604001923089049182
0.75284251949507937737192252346524348706000049268899370245514829952313991084147173023780058999787461852078598016353519047483298958
0.7365914181938436292722402002427331345499024773597417897006242746097485107657450488945207515388232337421187011448512245590277668
0.7199034737579958486390645343470509553063074357271469514062055113143104084518645970266563440669046961763365220732743700502310052
0.7027885831450317698432660845204432078694389328046522666545433645534211285602692475307695448621058320286921510432393703824487658
0.6852568965172791621377437166207834918842804460592159236313599771172843366290392656860107832529890167815062690291425532710535934
0.6673188112222394158299466460967518615170201271109869683749261754200605597775374698115060990162730272079828825715506427308560199
0.6489849656263334128282006826452625670748664899236239732750733512030201630791119758548491142062161828547910856902913509013461797
0.6302662328057086421456722157911137611685956087868544721789669896377786551387011009706925808764530685782324313817020367358706136
0.611173714097849292248140068882706310855134825802104989295363584001472797981923562069749742903228190352642608476814659794704443
0.5917187325178136043614106319363967864043757581248541829623394210462687468048298396231196889255383176846043804833681127857580737
0.5719128260430030550527547674157445669674358279294470356004349414714730267562537798983392279837049759787184442039521458633807364
0.5517677407704459049547942137195885263307616902113747803683399311434645062923650423253960659672262617620167192602681113611414986
0.5312954239506532571697657759222230879317226121524813958368718177903562194896588565314939153577491445497920781515706926418771384
0.5105080169021789688377286611651847815357746699465244712073885694318595874041136971607113987822426569740467054116821076646961172
0.489417847811085509162071455947484049685337134829874195515782181193353815818322517345968382173609739736674779198281927877950229
0.4680374244195861149007163469488230254750032797128723586920663070131545492447601049071428407131135424794292015497600356907557987
0.4463794266081993194707676328083808717169933336102655517499148718027912527867439469878258627429400567254055267072904996173452866
0.4244566988758150853990378624175550294483728603522044798074622371751008672536975176119367399754975589145208376678281393658880472
0.4022822427221323144270235717133714901349032239151141447653243784333460876663072968185202452416318726578566700888125196562704461
0.3798692089369854092399084989605003757691366648939576520022858293821911626451371576593336049859616511312953772120750767245726111
0.3572308898011327811970544491665739772808111535632473291728421315477413694763423178306184241508750535436585022849472837667682981
0.3343807112031327068471664499844868665080366748941136573760559976826164664856018098035740763202334419262238934329406814041367145
0.311332224676981701274238131107843295036641787543717268306092278746080529925044148936993967725046976219602382535340118738815341
0.288099099365237568926693126489910735305120823405872125970322670146511239074265243539014639099197032970271365327566423729342662
0.2646951139123934846623890909751347777481082477930494958017752444347242689804340087708097171750807098689690011394367181559039787
0.2411341482933108230877738393656663404122638835872147230658594306969477250771264873054781748923280409440784624555992816156426252
0.2174301755815569683483334697013744130646177375375267682049245883132466816010547405786687811729345885062708943143782086111012986
0.1935972536625299764983785919922341924666081141299794819404592204601540107670994728088926023937096237808175007919972722211262908
0.1696495168962847073045247646853370119364719951917867527977213365649815665484087227569777349379595112260383754518351865823583411
0.1456011677350048723993394166411729066078141688702939184016886510405650342522180081709976684295764074615731009348028839342737599
0.121466468300092344408524024713062839494324805097005020388852954859414703965976347755689475111342382533662338064639638800865913
0.0972597319238690210747147433453739997100158014208545991894463142769728011263026142337069538289787909483244899338746574553212118
0.0729953146609075252900786306555002357534007807738653818156709711080755874620457701759640237186052370976928624218242260485287211
0.0486876067740250338818651390998362997047057516302136840315795012576993395816327462991470145254266305018751051402139999180044157
0.0243510241999895542877816778121296178241612308316876438218872600325348428042479357321666498659994980411812235124968538834493598
0.e-127
-0.0243510241999895542877816778121296178241612308316876438218872600325348428042479357321666498659994980411812235124968538834493598
-0.0486876067740250338818651390998362997047057516302136840315795012576993395816327462991470145254266305018751051402139999180044157
-0.0729953146609075252900786306555002357534007807738653818156709711080755874620457701759640237186052370976928624218242260485287211
-0.0972597319238690210747147433453739997100158014208545991894463142769728011263026142337069538289787909483244899338746574553212118
-0.121466468300092344408524024713062839494324805097005020388852954859414703965976347755689475111342382533662338064639638800865913
-0.1456011677350048723993394166411729066078141688702939184016886510405650342522180081709976684295764074615731009348028839342737599
-0.1696495168962847073045247646853370119364719951917867527977213365649815665484087227569777349379595112260383754518351865823583411
-0.1935972536625299764983785919922341924666081141299794819404592204601540107670994728088926023937096237808175007919972722211262908
-0.2174301755815569683483334697013744130646177375375267682049245883132466816010547405786687811729345885062708943143782086111012986
-0.2411341482933108230877738393656663404122638835872147230658594306969477250771264873054781748923280409440784624555992816156426252
-0.2646951139123934846623890909751347777481082477930494958017752444347242689804340087708097171750807098689690011394367181559039787
-0.288099099365237568926693126489910735305120823405872125970322670146511239074265243539014639099197032970271365327566423729342662
-0.311332224676981701274238131107843295036641787543717268306092278746080529925044148936993967725046976219602382535340118738815341
-0.3343807112031327068471664499844868665080366748941136573760559976826164664856018098035740763202334419262238934329406814041367145
-0.3572308898011327811970544491665739772808111535632473291728421315477413694763423178306184241508750535436585022849472837667682981
-0.3798692089369854092399084989605003757691366648939576520022858293821911626451371576593336049859616511312953772120750767245726111
-0.4022822427221323144270235717133714901349032239151141447653243784333460876663072968185202452416318726578566700888125196562704461
-0.4244566988758150853990378624175550294483728603522044798074622371751008672536975176119367399754975589145208376678281393658880472
-0.4463794266081993194707676328083808717169933336102655517499148718027912527867439469878258627429400567254055267072904996173452866
-0.4680374244195861149007163469488230254750032797128723586920663070131545492447601049071428407131135424794292015497600356907557987
-0.489417847811085509162071455947484049685337134829874195515782181193353815818322517345968382173609739736674779198281927877950229
-0.5105080169021789688377286611651847815357746699465244712073885694318595874041136971607113987822426569740467054116821076646961172
-0.5312954239506532571697657759222230879317226121524813958368718177903562194896588565314939153577491445497920781515706926418771384
-0.5517677407704459049547942137195885263307616902113747803683399311434645062923650423253960659672262617620167192602681113611414986
-0.5719128260430030550527547674157445669674358279294470356004349414714730267562537798983392279837049759787184442039521458633807364
-0.5917187325178136043614106319363967864043757581248541829623394210462687468048298396231196889255383176846043804833681127857580737
-0.611173714097849292248140068882706310855134825802104989295363584001472797981923562069749742903228190352642608476814659794704443
-0.6302662328057086421456722157911137611685956087868544721789669896377786551387011009706925808764530685782324313817020367358706136
-0.6489849656263334128282006826452625670748664899236239732750733512030201630791119758548491142062161828547910856902913509013461797
-0.6673188112222394158299466460967518615170201271109869683749261754200605597775374698115060990162730272079828825715506427308560199
-0.6852568965172791621377437166207834918842804460592159236313599771172843366290392656860107832529890167815062690291425532710535934
-0.7027885831450317698432660845204432078694389328046522666545433645534211285602692475307695448621058320286921510432393703824487658
-0.7199034737579958486390645343470509553063074357271469514062055113143104084518645970266563440669046961763365220732743700502310052
-0.7365914181938436292722402002427331345499024773597417897006242746097485107657450488945207515388232337421187011448512245590277668
-0.7528425194950793773719225234652434870600004926889937024551482995231399108414717302378005899978746185207859801635351904748329896
-0.7686471397785320711672309487157031840488258548544875583855485710128349476493047447517725919586311314546478026860400192308904918
-0.7839959059512013799503665203789978720895054278456341977676611837709798584359376263129104448049797860724130647417821968981154267
-0.798879715269067101898527275970502831595120247840232228673236016514184810163638772862652491818995752317111689775914320756180385
-0.8132897407355653520077715387689353346970054927923241852817633230675222087800662564015897650319395392963307143721834534981369881
-0.8272174363365298781787904293265523013713369058857053257571769203479807917952767265695602713160746856191387291557474177037880332
-0.8406545421084938695362993640539358368882681604966532057536536988152867550829219840912348193385431215572947288014425936048010949
-0.8535930890373464483418460304073336603452736079838800521561334391677159044493367358686763120768708427099182848956239640663326144
-0.8660254037844386467637231707529361834714026269051903140279034897259665084544000185405730933786242878378130707077033515149849725
-0.8779441132373360026296277082194632781694348388155676959780206992002507472535846716008429619428703407510995084081208179497819743
-0.8893421488825189034181645031537721365929739121268668897852332000729860946645547303903818338639697520591698339416565935228055106
-0.9002127509974374034688690599820525371247376866595707075728478914560563792573224967455242950346799227168315915775716437523167543
-0.9105494726594343730824862821143093344070212942131787844712096373444950099063688706352967188609183302446552043060581109534581999
-0.920346183569159446307051300683565671089445052937237249062088971373599514129615120618341966930338134850774027840553959557046298
-0.9295970736862062523497059370201707786973195967159281161693498348115448926881556344839081132345561935339861656765850808323891867
-0.9382966566748167784717557134010401959852978500462743111832699075778165141977134675087503268965906426806861781378752058132488329
-0.9464397731576093538703011154574776795266086068189731843956075199832939216085712030466931923915842423016034809555324626959592804
-0.9540215937754005976205736699441075476145202148972685579055488629229951923667997894731895327117578222483895954592294331701290654
-0.9610376220513066717268383737127172957185713193143616744720649420112581335289910843321345189592327371204149845288736516658736303
-0.9674836970574252545056551754955779856175471805977017624563186089881453975407032563015792620371865418976611521826760885383527445
-0.9733559958825167310644368431106942271894012694650880496016826472637955757033045092250254223521860497517776343567089770003962554
-0.9786510358992211171041847772045951565536619146547042366810184541661410897025816187485000667413200034275852651068907614696713609
-0.9833656768294661196753671326297494335829031648177376306511293488856366295647137856584231905264496247810149791232320323054828942
-0.98749712260684142334272666495768773844940676235010180135180912118552002461504341880131100502732812212189093366664932050263891166
-0.99104292303483470148804856784320668662427149069606264129764941338366396062706071972908334788918984148393798568888973651927705407
-0.99400097523994591878843420364976827653927898203996832772766379947961483447113713644163993416717019034246105057218063244202851974
-0.99636952491881814045179262983329959641580868828165151540789717864657389400995129751027596795920253489323928187178028522926878359
-0.99814716737864522442556184652796939804775502382164033211825480294625575907910898931322192871016631848742224596755861097848678524
-0.99933284837023937207048212287104611340672589186535375452893812480351076873441896143863675607086268702922127970133072833263293715
-0.99992586471326447799980011711266883122111180477639866672317075062521340322243621450667978095585239671072148460996403554264634613