0.99996755571652791239785482771119520828893137786602889179456351902286976985554532861428025697876483469771908511855286683681219126
0.99970801408019296428380834045678748933791139943120751779230772437306106895164564724126747210691340068323428817134383556001541944
0.99918899817156963770090694663906795554859916767167066116207860848161924181286292998509368384198003450905175574752854931214673171
0.99841064270126672979575161048734749218336476255824594884454338733464822378969689653403181708021508420805869628846660993498785436
0.99737314969149111899079269287439735641064435023716005764172268408118954915144373906784914103677371422145115054674584842140537169
0.99607678842361288962314673645120660339861267704122430972224574902254374226778362512765728494323598843813133079614003005402232602
0.99452189536827333692269194498057038152079208870931942736655883357431625068689836257930622038336092967901760933592087343856440085
0.99270887409805399280075164949252017934367563297016685577099756051186744621396291455861694934278240441899118607141770910714048897
0.99063819518272933920872205745888154575826886690167517981535870010011591987666392755120818853833491810584739845060710903071769595
0.98831039606713039623088889614670440443320557429134015598664503318893923400487190149492909454439170468175580797694872474267101509
0.98572608093165088542413584010300226413402485681108658637637133926003461446386438848324784422065811469446958286244154588371460216
0.98288592053543217403783600460807838777339319845958315760944025127907116474828271820883438508313227697525208517337574906074003685
0.97979065204226770147063198527382558739750484438940936191539466634792026049218233402554467290986129205384530758236423184598965214
0.97644107882927207448018465921880649675736256182095329530334097236271885715698820962454384301257777311981662999657663306851761395
0.97283807027836449109318286293313844038340943859945714310375591115216592775046607869269946569345824095605147682853493559232724583
0.96898256155062061370487579889812428871754659344335501681357502425298215812858983060168044843937457914167028262097157995483629592
0.96487555334355145835238367363434387243527010969135105984278757199635728722797061957411330248485981932830400511514313108171517569
0.96051811163137229843997160395111343694042305397432144142274225416415715082784962386443264158032634610796666726004950771637542465
0.9559113673883289961371946526551068716890443312447081576725575515400855446028776554765070709772907489942156764455467609436086419
0.95105651629515357211643933337938214340569863412575022244730564443015317008519350171879281097081138167589971755140300420898706619
0.94595481842872520310354179474323447164318981835414154818107722454261968805193341727307747332715136396558725872404717170539112337
0.94060759793501719574733550901230066850029277439600766384499095166605611712397872954640272561740294946753092159074145571885621416
0.93501624268541482343978459983783072905051746957843187069638027009183054288001194863399549469645873606855560282996752901007156584
0.92918220391649322881183214690484437226753889021733047330223310887780580043221358159227424829950201205948526056500612600236698137
0.92310699585334888757099359434224014290149231809665813411223843004524449206202811470359942378529614272109769529857044586701907407
0.91679219531658239802082070797067219343111525742695251991805381833191392214598502424955013359944578472563429141247111520240501209
0.91023944131303460390171676806223927492252855575600813448260972507261467968492145344132824721417782547184710091475538965410649079
0.90345043461038227501585025867543257879952252604105698842006789485142334629083151743171994201612065297456347950103218959597248511
0.89642693729570375935161550155440019387587324899821203586406169529695069703102248699934713945285301000946954942119996101562366498
0.88917077231812918101790370361318948716799017179929818127730117673958073247318610645602784290988091579982378954893616207622462597
0.88168382301569388915549411972804651133406339374628840018716323501776810568817264903978472804778542131846738352125816930960682862
0.87396803262651796303998829409042078786828943759515654696096453561626298953183410642520246118340788036552195110257208803907893368
0.86602540378443864676372317075293618347140262690519031402790348972596650845440001854057309337862428783781307070770335151498497255
0.85785799799922662212711671884563013937464899918634188160367359097075799810783422105514350398295175534109747625912526501854079594
0.84946793512152102963557504394600296594569327887109853588395456425453920321678160041967876480867854536180534057773562373727103999
0.84085739279262211374789401914820771693151647582810344682155286591833061793259225674862396976557744031973983458861856611156887681
0.8320286058792842987265809037796364959151902380500118683600848575197114177136446985439245563398067485166890980601786622777182799
0.82298386589365639457961742343938199065506769308757380582700272457163570015031429594218669825596220625244164549068743996456351107
0.81372552039851948764642088682981315693105644337182882016096325887803913099530645234437184998072017932399399598856779207181682103
0.80425597239797688636755222934452090165940289798392055814999594419896531905840735100665220799195084085485915668866146033923148316
0.79457767971375426869762981015047695392492500097169854179381325601898418650270439197057515641286042831078366930393858389172447715
0.7846931543472719124938951197617093145422141405677805083491760370600596360024673963369655051179339012147315167496352226697682066
0.77460496182765458306955478116091435052755829215748186621000325160255961028086572204627030696654225132546980702180758313268043531
0.76431572054584830198291118713243565745805238474005627886403538295717654186163928217529569997468627564944768379461356129048548626
0.75382810107501682709306475664716950170080777330591722100455358109525937476566432354024935879741004496447722030589924581276072402
0.74314482547739423501469704897425697718911387349802638604012367054777034442111912541416405424808380861803436695639437010239598251
0.7322686665977735124238416887610502426852003893932675744456824392744769100810299104480433550288114762930555576214129596777193702
0.7212024473438145312912178776909015417372500312360154280675825355023255879770977519032376593594618988489932094936284674605728842
0.7099490399533582041493574673837468872464969149828769303326901315198204974737002534064776672125488322110510222781490028328275385
0.6985113652489369880464727008248419055412122227948934924193914007974977959341444010428774405961738411938457736094242493052232371
0.6868923918796752290284431025398756601370802208798877297401778486845149838882837939140453933579219127875194149042413263690116453
0.6750951355507761119579128633627269543285753356765359825215536249407782244661173984444588286899484410204279584314523815625412496
0.6631226582407952023767854926667662795247641070441061881807863297157262129848846704688858862385844386720999115888120977777299035
0.6509780674069037371091368718682697127776411215510877411445100575291632909090919623159940748567593712637931204743871699877830686
0.6386645151783479375629698612740067924015540165134263952233726766173671647550606531462544744480982374199252328117035408979879062
0.6261851975383136834122179125755268143462687635724749213097297434792340193353811854017022701647980843618578454919833136822971945
0.6135433534944088937297822455150521739683405762659864360642511556314212868004386559852778470126082585750189823914248126801690818
0.6007422642379789169170698743449837706706754793705726461118912497340024501300957401193450874541358652527079391266670295957505667
0.5877852522924731291687059546390727685976524376431459910722724807572784741623519575085040498627413359600531316027526593663389303
0.5746756806510837829705454411883207221311805280711913712631199780910316021551516165458565326035403551996550465617206173369949105
0.5614169519038809315172270747941958601398401818124827941832911823700913506251767130471419678105779859779211937785942151103140827
0.5480125073546699812296091543140319007250424274883609977075741307534571604468286647541805892320935256220254882464901156459978355
0.5344658261278010920448916115059631779908633023392016842080539234649515277413066156814256911951794088449597593947167882076132065
0.5207804242651622531507147680413208271512691680948055495599274061424542090801367768373607891884388263067175049340779306310659228
0.5069598538135904096621256601862058582070446902659260984738527094903457292842664839969357795919948041300644680785189823293276319
0.4930077019029375027357291675249893500818866876001027933207108095325240405712788446173444773867700305676546170400338845074845594
0.4789275898150307111330935724154666621866422313364019682323803182306068598715088704039066829184745743765167832372659049289494966
0.4647231720437685456560153351331047775577358653324689769540246850166677140715563143036679926468006256640919963528117611045335252
0.4503981353465967485661424561733155914583223350698849511369692565811910633428682317798512278481215585860332080419764942889900188
0.435956197787610187473565618080201496270804168424677263458431501711098198526267026020707173226195728243529956768151633311091289
0.4214011077725291066526012952628858812674321489700329384591257709315121401126320085818007523396956332384762842344194127170274156
0.4067366430758002077539859903414976129231396510661734362942863528170377765245464050708021705206195937189644777331682140722254705
0.3919666098600750758836817751475364086730001535995942096591063107778649960838671744392718618886465391662832469447506795113899222
0.3770948416883204454789398119438293717899282906356887437511075444686946330762252715659303415257266595308284160591822963505486141
0.3621251985288167128186709835711775900869368107188652346769152897097052146694907160932268243795936203198979624849654110603738205
0.347061565753302947861165978828995471732470840297660191152998662642667449708803735336993369772559877274544350050738004985726696
0.3319078531285284369286991327398086749957520769084954164649301937499078738391907558928403102263729057114589646989885790729569682
0.3166679938014724990938464926070593078727407373453031737346083366321940475072976635566587866712768533817453959935521340682597486
0.3013459432784959625222717958560795424287872261444173127817873474219406326908708111800850143226293320993886715651242515059763643
0.2859456783986892620647397603932627802463292177195694133635780624676509438621822847786540723355363281685320619242936092233156005
0.2704711963016836256584030980732823831763343706484615243941836234554843621944454295588030078432007379478245090115473306496130588
0.2549265133901932542030262062505969851887731947084741295100974404765367897542703661676356352723109871172529828369941282488876372
0.2393156642875577671487537262602118952031730227383060133551597186618315628507518719611949822208644472589734577664210402558025404
0.2236427007905554837133529638940566290038439418514405832268751122656086345218477450284637159484792727011601188241338012658892717
0.2079116908177593371017422844051251662165847606277238364071819738823828256640743763046287567227275730578653505950086341065910837
0.1921267173537083760104770380960649699423820450482243271765236434473603132862690937328281145297413190011100384181479258926303994
0.1762918773891688937644243218798650110422403896559513849809555687088795752623394473711070256427166738180832377961278944283707279
0.1604112808577602403702298186769163785229591774209500044863770184892709325991462265877251877299164847430857958081599458773911305
0.1444890495692213163179370271431350577253247496495499649530570718177461644297461852553087431815681108447537438153709033325987748
0.1285293161395946188733637841917631889765673171249595923184251740262603055593237227330242673724357144103140259946318619752945969
0.1125362229186055116532684786261512917717123594430319617680578741329486030875776732428979256074949438707751347238096548631735289
0.0965139209145151162552958812324261179914721123841793143216464661945755486896150010969563972334576461478531049261875975822896698
0.080466568716725880436232835236050588144454832953483182593065170279787646140517221489533243760158446722121834010344749631408974
0.0643983314164194606250345977747636979606830109482001675039768377772392793173777884554225831130462614927804513610212987379053851
0.0483133795255070672700096844649817702364736959711947344557483108212501145405938497074038731443034754800839549603175959646557492
0.0322158878941728595199190757820435453883701148751898643032086707632289024713910486201059632391068759566620429435225455723357886
0.0161100346272913409128715752447906484936404384088146653572909446455049914239998853700589572004561250244244748434468230205381377
0.e-127
-0.0161100346272913409128715752447906484936404384088146653572909446455049914239998853700589572004561250244244748434468230205381377
-0.0322158878941728595199190757820435453883701148751898643032086707632289024713910486201059632391068759566620429435225455723357886
-0.0483133795255070672700096844649817702364736959711947344557483108212501145405938497074038731443034754800839549603175959646557492
-0.0643983314164194606250345977747636979606830109482001675039768377772392793173777884554225831130462614927804513610212987379053851
-0.080466568716725880436232835236050588144454832953483182593065170279787646140517221489533243760158446722121834010344749631408974
-0.0965139209145151162552958812324261179914721123841793143216464661945755486896150010969563972334576461478531049261875975822896698
-0.1125362229186055116532684786261512917717123594430319617680578741329486030875776732428979256074949438707751347238096548631735289
-0.1285293161395946188733637841917631889765673171249595923184251740262603055593237227330242673724357144103140259946318619752945969
-0.1444890495692213163179370271431350577253247496495499649530570718177461644297461852553087431815681108447537438153709033325987748
-0.1604112808577602403702298186769163785229591774209500044863770184892709325991462265877251877299164847430857958081599458773911305
-0.1762918773891688937644243218798650110422403896559513849809555687088795752623394473711070256427166738180832377961278944283707279
-0.1921267173537083760104770380960649699423820450482243271765236434473603132862690937328281145297413190011100384181479258926303994
-0.2079116908177593371017422844051251662165847606277238364071819738823828256640743763046287567227275730578653505950086341065910837
-0.2236427007905554837133529638940566290038439418514405832268751122656086345218477450284637159484792727011601188241338012658892717
-0.2393156642875577671487537262602118952031730227383060133551597186618315628507518719611949822208644472589734577664210402558025404
-0.2549265133901932542030262062505969851887731947084741295100974404765367897542703661676356352723109871172529828369941282488876372
-0.2704711963016836256584030980732823831763343706484615243941836234554843621944454295588030078432007379478245090115473306496130588
-0.2859456783986892620647397603932627802463292177195694133635780624676509438621822847786540723355363281685320619242936092233156005
-0.3013459432784959625222717958560795424287872261444173127817873474219406326908708111800850143226293320993886715651242515059763643
-0.3166679938014724990938464926070593078727407373453031737346083366321940475072976635566587866712768533817453959935521340682597486
-0.3319078531285284369286991327398086749957520769084954164649301937499078738391907558928403102263729057114589646989885790729569682
-0.347061565753302947861165978828995471732470840297660191152998662642667449708803735336993369772559877274544350050738004985726696
-0.3621251985288167128186709835711775900869368107188652346769152897097052146694907160932268243795936203198979624849654110603738205
-0.3770948416883204454789398119438293717899282906356887437511075444686946330762252715659303415257266595308284160591822963505486141
-0.3919666098600750758836817751475364086730001535995942096591063107778649960838671744392718618886465391662832469447506795113899222
-0.4067366430758002077539859903414976129231396510661734362942863528170377765245464050708021705206195937189644777331682140722254705
-0.4214011077725291066526012952628858812674321489700329384591257709315121401126320085818007523396956332384762842344194127170274156
-0.435956197787610187473565618080201496270804168424677263458431501711098198526267026020707173226195728243529956768151633311091289
-0.4503981353465967485661424561733155914583223350698849511369692565811910633428682317798512278481215585860332080419764942889900188
-0.4647231720437685456560153351331047775577358653324689769540246850166677140715563143036679926468006256640919963528117611045335252
-0.4789275898150307111330935724154666621866422313364019682323803182306068598715088704039066829184745743765167832372659049289494966
-0.4930077019029375027357291675249893500818866876001027933207108095325240405712788446173444773867700305676546170400338845074845594
-0.5069598538135904096621256601862058582070446902659260984738527094903457292842664839969357795919948041300644680785189823293276319
-0.5207804242651622531507147680413208271512691680948055495599274061424542090801367768373607891884388263067175049340779306310659228
-0.5344658261278010920448916115059631779908633023392016842080539234649515277413066156814256911951794088449597593947167882076132065
-0.5480125073546699812296091543140319007250424274883609977075741307534571604468286647541805892320935256220254882464901156459978355
-0.5614169519038809315172270747941958601398401818124827941832911823700913506251767130471419678105779859779211937785942151103140827
-0.5746756806510837829705454411883207221311805280711913712631199780910316021551516165458565326035403551996550465617206173369949105
-0.5877852522924731291687059546390727685976524376431459910722724807572784741623519575085040498627413359600531316027526593663389303
-0.6007422642379789169170698743449837706706754793705726461118912497340024501300957401193450874541358652527079391266670295957505667
-0.6135433534944088937297822455150521739683405762659864360642511556314212868004386559852778470126082585750189823914248126801690818
-0.6261851975383136834122179125755268143462687635724749213097297434792340193353811854017022701647980843618578454919833136822971945
-0.6386645151783479375629698612740067924015540165134263952233726766173671647550606531462544744480982374199252328117035408979879062
-0.6509780674069037371091368718682697127776411215510877411445100575291632909090919623159940748567593712637931204743871699877830686
-0.6631226582407952023767854926667662795247641070441061881807863297157262129848846704688858862385844386720999115888120977777299035
-0.6750951355507761119579128633627269543285753356765359825215536249407782244661173984444588286899484410204279584314523815625412496
-0.6868923918796752290284431025398756601370802208798877297401778486845149838882837939140453933579219127875194149042413263690116453
-0.6985113652489369880464727008248419055412122227948934924193914007974977959341444010428774405961738411938457736094242493052232371
-0.7099490399533582041493574673837468872464969149828769303326901315198204974737002534064776672125488322110510222781490028328275385
-0.7212024473438145312912178776909015417372500312360154280675825355023255879770977519032376593594618988489932094936284674605728842
-0.7322686665977735124238416887610502426852003893932675744456824392744769100810299104480433550288114762930555576214129596777193702
-0.7431448254773942350146970489742569771891138734980263860401236705477703444211191254141640542480838086180343669563943701023959825
-0.753828101075016827093064756647169501700807773305917221004553581095259374765664323540249358797410044964477220305899245812760724
-0.7643157205458483019829111871324356574580523847400562788640353829571765418616392821752956999746862756494476837946135612904854863
-0.7746049618276545830695547811609143505275582921574818662100032516025596102808657220462703069665422513254698070218075831326804353
-0.7846931543472719124938951197617093145422141405677805083491760370600596360024673963369655051179339012147315167496352226697682066
-0.7945776797137542686976298101504769539249250009716985417938132560189841865027043919705751564128604283107836693039385838917244771
-0.8042559723979768863675522293445209016594028979839205581499959441989653190584073510066522079919508408548591566886614603392314832
-0.813725520398519487646420886829813156931056443371828820160963258878039130995306452344371849980720179323993995988567792071816821
-0.8229838658936563945796174234393819906550676930875738058270027245716357001503142959421866982559622062524416454906874399645635111
-0.8320286058792842987265809037796364959151902380500118683600848575197114177136446985439245563398067485166890980601786622777182799
-0.8408573927926221137478940191482077169315164758281034468215528659183306179325922567486239697655774403197398345886185661115688768
-0.84946793512152102963557504394600296594569327887109853588395456425453920321678160041967876480867854536180534057773562373727104
-0.8578579979992266221271167188456301393746489991863418816036735909707579981078342210551435039829517553410974762591252650185407959
-0.8660254037844386467637231707529361834714026269051903140279034897259665084544000185405730933786242878378130707077033515149849725
-0.8739680326265179630399882940904207878682894375951565469609645356162629895318341064252024611834078803655219511025720880390789337
-0.8816838230156938891554941197280465113340633937462884001871632350177681056881726490397847280477854213184673835212581693096068286
-0.889170772318129181017903703613189487167990171799298181277301176739580732473186106456027842909880915799823789548936162076224626
-0.896426937295703759351615501554400193875873248998212035864061695296950697031022486999347139452853010009469549421199961015623665
-0.9034504346103822750158502586754325787995225260410569884200678948514233462908315174317199420161206529745634795010321895959724851
-0.9102394413130346039017167680622392749225285557560081344826097250726146796849214534413282472141778254718471009147553896541064908
-0.9167921953165823980208207079706721934311152574269525199180538183319139221459850242495501335994457847256342914124711152024050121
-0.9231069958533488875709935943422401429014923180966581341122384300452444920620281147035994237852961427210976952985704458670190741
-0.9291822039164932288118321469048443722675388902173304733022331088778058004322135815922742482995020120594852605650061260023669814
-0.9350162426854148234397845998378307290505174695784318706963802700918305428800119486339954946964587360685556028299675290100715658
-0.9406075979350171957473355090123006685002927743960076638449909516660561171239787295464027256174029494675309215907414557188562142
-0.9459548184287252031035417947432344716431898183541415481810772245426196880519334172730774733271513639655872587240471717053911234
-0.9510565162951535721164393333793821434056986341257502224473056444301531700851935017187928109708113816758997175514030042089870662
-0.9559113673883289961371946526551068716890443312447081576725575515400855446028776554765070709772907489942156764455467609436086419
-0.9605181116313722984399716039511134369404230539743214414227422541641571508278496238644326415803263461079666672600495077163754247
-0.9648755533435514583523836736343438724352701096913510598427875719963572872279706195741133024848598193283040051151431310817151757
-0.9689825615506206137048757988981242887175465934433550168135750242529821581285898306016804484393745791416702826209715799548362959
-0.9728380702783644910931828629331384403834094385994571431037559111521659277504660786926994656934582409560514768285349355923272458
-0.976441078829272074480184659218806496757362561820953295303340972362718857156988209624543843012577773119816629996576633068517614
-0.9797906520422677014706319852738255873975048443894093619153946663479202604921823340255446729098612920538453075823642318459896521
-0.9828859205354321740378360046080783877733931984595831576094402512790711647482827182088343850831322769752520851733757490607400368
-0.9857260809316508854241358401030022641340248568110865863763713392600346144638643884832478442206581146944695828624415458837146022
-0.98831039606713039623088889614670440443320557429134015598664503318893923400487190149492909454439170468175580797694872474267101509
-0.99063819518272933920872205745888154575826886690167517981535870010011591987666392755120818853833491810584739845060710903071769595
-0.99270887409805399280075164949252017934367563297016685577099756051186744621396291455861694934278240441899118607141770910714048897
-0.99452189536827333692269194498057038152079208870931942736655883357431625068689836257930622038336092967901760933592087343856440085
-0.99607678842361288962314673645120660339861267704122430972224574902254374226778362512765728494323598843813133079614003005402232602
-0.99737314969149111899079269287439735641064435023716005764172268408118954915144373906784914103677371422145115054674584842140537169
-0.99841064270126672979575161048734749218336476255824594884454338733464822378969689653403181708021508420805869628846660993498785436
-0.99918899817156963770090694663906795554859916767167066116207860848161924181286292998509368384198003450905175574752854931214673171
-0.99970801408019296428380834045678748933791139943120751779230772437306106895164564724126747210691340068323428817134383556001541944
-0.99996755571652791239785482771119520828893137786602889179456351902286976985554532861428025697876483469771908511855286683681219126