0.99973320811163726302388561100587413970710112931245618583599315543987983104735935747222578140091170034082027929520009534310339806
0.99759972706371696319175153935917010040862651749598229083913710937799401258786047170263448928273718446816125840445106020094076034
0.99333731792394994713215440820269060329750053632769502177828842765785955804576830056264997619822337688344498513665557923881344081
0.98695507688824567364418559309775445478129221521904821505401972980483901825901532521731676173679276091676126224107247350752525802
0.97846662398060900082288104677324502806394747075507642066565450505220428352021224287810388832877649250755655160418451525418452202
0.96789007398732257510770115773926911320092785106723719654817283833340863688572347962813833195347313240777817157865859399916853863
0.95524799779908000483903031692966023889370259474526922012220689758662007295535049321946756182987138268273668466127875341788736559
0.94056737424356765430338739526839320491866764886804043275825624241656717661690575594744357973476739089551206515621879374267107852
0.92387953251128675612818318939678828682241662586364248611509773128053500750110235871483993485034459609796302578224788303086917758
0.90522008529748203910355688598501185313940976382612813337689581705581106224187972626099852288882803337391264059908533981177204653
0.88462885280285536506908278857861687767859784018971443752875096939621995304480010794713928083723870416482251546134427822962632524
0.86214977775525068196765561218694090893943864034814797769948214734623800240670948360819682102096784671511156303297310603019226693
0.83783083163365829988060306419055519185464830789457335086433780075058209748030524924782924953686485091502734634328142069267899097
0.8117239122946611907841945962503596089004023286247765550597271111041537671719769020797156008449439995875015910382968259116495645
0.78388473321979363476522130026556843819602401686819204698658440302855322524609917499316763790081018820200988365197211148525467307
0.75437270462016393075223816281118861905830426142848383599020518731176497484555675068025544929102557204928667736598268658179017116
0.7232508066520698986606382407877477680644698385609265026648755196040449999383889100763968134725661917247415602041064846011113141
0.6905854550141714388013820544009881889269166986943623643781417703634117944986084068510568342104422360444281503122351144563699899
0.656446359213042555576380502587021564651001356282401010947271018741184222627182276658000379973565506719315632598307484390454284
0.6209063737995713001856291630839639582455055204235866662119077623880710385828790844604166135079262623316888922478549157335025569
0.5840413428936766518479330986403902395353074992903141237180436051769719902546187607751791093915737873393085545003333239794047405
0.5459299383291344269272533977609539108325086971744042317950280915547818303935697876857042072357516066718047895035545986723707839
0.5066534917639193142073892018724530157297011365837766816270218239807391149877952050028994170061500693922900228612198178091466225
0.4662958211143480272538627099731380077346723108632796087174601968923750337901448002585440130768434522866213263952445305442023378
0.424943051683421859271501326907565563135824638610208240933697833280232883032429764352154802551193744814221441635507579382012184
0.3826834323650897717284599840303988667613445624856270414338006356275460339600896922370137853422835471484242886614935559007560102
0.339607147316661381748609966299710168780551529684275870511065653481444572091399727398888938084261294349063874246847959439888566
0.295806123501270409773990862949115330901017476927729079148514690581216899903970993222072657516171917064156657046262187621338191
0.2513738345111026694466665952079520599515147543459243551097164924236066828533068976148361561230821369396008305587499797276470133
0.2064051010900397175580499796692845445128287990419406288733373967105949267868758535762730801205056020760778084594738318634322032
0.1609958887814128952289661349439964788213900334879442890955214244639223050302297462287649058522499902573565814674178765469800792
0.1152431031326976507896338929794110863662229786081533285452509839049043452924758036511457445269934404220586268053061678776695446
0.069244382894191647386214506999810496464992453089209566910839883393425761196654535870945138257509966097986654934897701443044334
0.023097891653001098037669379300659210977203614205162885182331625495049845539383519040506640934590591290489857403985522116296159
-0.023097891653001098037669379300659210977203614205162885182331625495049845539383519040506640934590591290489857403985522116296159
-0.069244382894191647386214506999810496464992453089209566910839883393425761196654535870945138257509966097986654934897701443044334
-0.1152431031326976507896338929794110863662229786081533285452509839049043452924758036511457445269934404220586268053061678776695446
-0.1609958887814128952289661349439964788213900334879442890955214244639223050302297462287649058522499902573565814674178765469800792
-0.2064051010900397175580499796692845445128287990419406288733373967105949267868758535762730801205056020760778084594738318634322032
-0.2513738345111026694466665952079520599515147543459243551097164924236066828533068976148361561230821369396008305587499797276470133
-0.295806123501270409773990862949115330901017476927729079148514690581216899903970993222072657516171917064156657046262187621338191
-0.339607147316661381748609966299710168780551529684275870511065653481444572091399727398888938084261294349063874246847959439888566
-0.3826834323650897717284599840303988667613445624856270414338006356275460339600896922370137853422835471484242886614935559007560102
-0.424943051683421859271501326907565563135824638610208240933697833280232883032429764352154802551193744814221441635507579382012184
-0.4662958211143480272538627099731380077346723108632796087174601968923750337901448002585440130768434522866213263952445305442023378
-0.5066534917639193142073892018724530157297011365837766816270218239807391149877952050028994170061500693922900228612198178091466225
-0.5459299383291344269272533977609539108325086971744042317950280915547818303935697876857042072357516066718047895035545986723707839
-0.5840413428936766518479330986403902395353074992903141237180436051769719902546187607751791093915737873393085545003333239794047405
-0.6209063737995713001856291630839639582455055204235866662119077623880710385828790844604166135079262623316888922478549157335025569
-0.656446359213042555576380502587021564651001356282401010947271018741184222627182276658000379973565506719315632598307484390454284
-0.6905854550141714388013820544009881889269166986943623643781417703634117944986084068510568342104422360444281503122351144563699899
-0.7232508066520698986606382407877477680644698385609265026648755196040449999383889100763968134725661917247415602041064846011113141
-0.7543727046201639307522381628111886190583042614284838359902051873117649748455567506802554492910255720492866773659826865817901712
-0.7838847332197936347652213002655684381960240168681920469865844030285532252460991749931676379008101882020098836519721114852546731
-0.8117239122946611907841945962503596089004023286247765550597271111041537671719769020797156008449439995875015910382968259116495645
-0.837830831633658299880603064190555191854648307894573350864337800750582097480305249247829249536864850915027346343281420692678991
-0.8621497777552506819676556121869409089394386403481479776994821473462380024067094836081968210209678467151115630329731060301922669
-0.8846288528028553650690827885786168776785978401897144375287509693962199530448001079471392808372387041648225154613442782296263252
-0.9052200852974820391035568859850118531394097638261281333768958170558110622418797262609985228888280333739126405990853398117720465
-0.9238795325112867561281831893967882868224166258636424861150977312805350075011023587148399348503445960979630257822478830308691776
-0.9405673742435676543033873952683932049186676488680404327582562424165671766169057559474435797347673908955120651562187937426710785
-0.9552479977990800048390303169296602388937025947452692201222068975866200729553504932194675618298713826827366846612787534178873656
-0.9678900739873225751077011577392691132009278510672371965481728383334086368857234796281383319534731324077781715786585939991685386
-0.978466623980609000822881046773245028063947470755076420665654505052204283520212242878103888328776492507556551604184515254184522
-0.98695507688824567364418559309775445478129221521904821505401972980483901825901532521731676173679276091676126224107247350752525802
-0.99333731792394994713215440820269060329750053632769502177828842765785955804576830056264997619822337688344498513665557923881344081
-0.99759972706371696319175153935917010040862651749598229083913710937799401258786047170263448928273718446816125840445106020094076034
-0.99973320811163726302388561100587413970710112931245618583599315543987983104735935747222578140091170034082027929520009534310339806