0.99994290856536103340532830332800989427990720111572526449891815741401330449063016003704238150787321373996216945416108670380743189
0.99948621620068786769748939701136972425500108463056749766328378746236803603541413879698334700578905651539262090571529997956309066
0.99857304005116560844260791014250342579049551419810286552501284234096172148946869568321091789884558374844356604571208481147360664
0.99720379718118014822502987087811926565585970536236880527491970773736929489914676310977515092446693698568101079248701806606039319
0.99537911294919820460510341320936498718608967275139435487814474018581521716839450221795120507288408370612633090067977218910146326
0.99309982072215457714430334029244842553593185500010752018437410050244469749278467256473604518637958509973529156177133936699342591
0.9903669614948381015092675437671479336516583659726362152768288964510417502418297083220736918318808111030796423241036996429464808
0.9871817834144501341077945503208892301208989842535320485199395134560028380904692684936772235835404357435106840107397386730067779
0.98354574121055271016371765250259705601538750490253017194278629117172157090924783450117698600293840572816809197143626573355778081
0.97946049553066672841826769678346503725936926799830070367392513531221398520366850465182726644752704695147007205800805927725138127
0.97492791218182360701813168299393121723278580061999743764807957508764593163440379370011245812073692516401481293875625289435821838
0.96995006127841680793428343299343295289599372831599887525892027027272295418516658000396279395454116688113024593823139290590450425
0.96452921629674242183347729685250685948771460951893801982984523711919601971355174336107962000634142431355567120034363377516732667
0.95866785303666062215098338830968622271027245789791369638171429586616715118009971902789421679429740459309457084829701170260662475
0.95236864849085221672481260158020203355169154771226350675030606354828689097968894546673117233946092898123959085341362092874847781
0.94563447962218672837451281764738785454023926404673347958381219502221395472438882481410192467559498298261398507468356331288056539
0.93846842204976040296671553431051135408324121399384647716485066914144509428918015964962964656669954125206646534501966778878797066
0.93087374864420425563779924195127530714200395770691002474018535916362021606613004550219451279536187415059287715245292738774117311
0.92285392803290370389061412721938850948384599355505144430487705123681991201962384329530346947401956325637141083870930622718995559
0.91441262301581248132166215527689820137087024229220718901256966939965576031264941728641531915856382517900619635026846645402271273
0.90555368889258435897574905212310132071331010908133587137370227566776388502183857345482322873910230412923293482267500512634429481
0.89628117170178670411762624975662939629802086559969894564438881858954377844049746949195163485047553711943302308881007178482429903
0.88659930637300006005614928651694397803618867541563435414232733174493178793313103009480723896901714585842579322463230014846907232
0.87651251479264771721699258864470468595131937176546192413198174743958759317127851584062916251387240964059998096870157243759126596
0.86602540378443864676372317075293618347140262690519031402790348972596650845440001854057309337862428783781307070770335151498497255
0.85514276300534616571883696203778831347761327447269431589784179304965777572198151109436078366900176195729297876170759703542055957
0.84386956275808327892525452140459823049193588883277042483204648153922025028711902690219137522336469018897864675727182310310654935
0.83221095172107378069620971593124692463775180558041804125275609924992994970083689617347210919815589006871084347628632732903935102
0.82017225459695588020934262469665923599010509325096425192650387951861051227445474787495931040564771311829686939010976746814218434
0.80775896968069232239942403796253067273605334516485225968253659501713885700032951578482222440473812903782741272619878578335931324
0.7949767663483976933000514049883519826726186010789682614253719082472434792597547793262193354630559251214823437503679968228154378
0.78183148246802980870844452667405775023233451870868752898063495804509173163393644170086800689099098223226157916053801447223925705
0.76832912173312777116139380888643955979074219048876302294787479995761358983153120692492158912091316084331958240511987579732239552
0.75447585092081442621596822944515239703289412235160226583860404327267478550358106763237408367572408168837673644358156076207420998
0.74027799707531553887394551896007823620084015857069780458246211645511397909280128676335671661718694417610900060487309604800925082
0.7257420446182820288762632237925837112468061982635245535830246234234069881613072302158111007832533805832106736119195333426889608
0.7108746323872350339865098930401235058805016688189431064134955703660525047669807400229643315565167917230150985422591127184075463
0.695682550603486398012303819278860215657079193215763895873856866844930220258395088780105992482636354689176979184452408944487323
0.6801727377709193901873587010337402440270665706465212690352133565766129012210161784227201450623081035940670700679494721995956021
0.664352277507046039944267919492101489474789458956840789327513909859946050223096269468535883854730257309377642184221993348155332
0.648228395307788401626567681892052258900829927997025770889510200441590557326415290964401757308661083184166747255367196890923915
0.631808455247461333191925927595795512344931414690766756272641947431869368586789008067804658836646231839592144221735372166096528
0.6150999566154639676217083180931516192008100076504976412130646089473580652905970223573853949783764044841261317205066212819215249
0.5981105304912159620592663549050390073657859874753744017636608317433116390513297781396805832628263652226504427030047933395709151
0.5808479362589028144480322253681328117012939507708881471863713190871239718627578379327506891520073244398503332711555764580350393
0.5633200580636220277492615380297605110458689775749089288303724042051660432459483415889911291500108348969369078624414822473346827
0.545534901210548665132707763382474539313492824016925639536607223602201800324813378898308749283941292591037630983722459024090311
0.5275005885087648636283421936443264793651161030933126082012981708055849196468948841669612466041663150340223700680636838438834077
0.5092253565614231467177666001032531157901513744496576908377046050970549445284529891080549720028314222785147236152463194372647476
0.4907175520039378866875617032247567784897558266660675736612135523169583599621771709289874095050417914614474458389147672665426843
0.4719856276919230040691472033670432448898849815372548894619856166567831163885192546300221004016227414813702508376516161356796829
0.4530381388406169433099001467600288864770026901811772259884056187387599211646553167849021686149042911574059350619896257873832956
0.4338837391175581204757683328483587546099907277874598764445473035322032516531984215207840217744561020887441029300455358187257105
0.414531176690295390157071187841232175484795721980506207691773421098691245305636664285200515920876759266275997629524195731066424
0.3949892902309386150850369853874094181701458675247331184207132687591330584414548944250554619235532198770848488587665460274225108
0.3752670048793741338875592256739963144508483583221385740637642875036836849512326859646882968535044066189535106035970783610249559
0.3553733281669888009158686227250937177759675695627652922472975660241334695036802604258725647468942039039185397890043665069102499
0.3353173459027643085371499706105447971145575769055044010532760907301310135828325435367752286942773225440013447160690688426338658
0.3151082180236206884739997772913635477845798090414599143464112254522679349805722351832913825927967896420924298737860659290960493
0.2947551744109042168307729819601909732057192299734761686128662185110330304133876152773923130584288215699477428708067806947626163
0.2742675106749304099219796137145727372389145351002349793850634034277927339267714912238568014719048121919532667537789839614171812
0.2536545839095073878469674038123833536072129406999949134163496667531435149465710033381152884498246325905405726580845210567597803
0.2329258084183785932747201645171025114634662596343891427986896724427601630187924888120831160110440240098838972363774783599176639
0.212090651415536677850867082620123797350851389141565702167843947093172911886887658703374455722273984805130590248540524880739227
0.1911586287013723021585445882022354575073451416951312137452081517495391692208077571817278409998709012942372486311020025508063554
0.1701393003166326318053217254240717942924990235050834542169758691838315044576489527247080574457863804087468829398997919914655751
0.1490422661761744469293547152772175569096694389982224957595504011185284844321936038013265059043708919183312979919149129155019161
0.1278771616845060105905627222310365268112273924760831828795051429895764327598690639690841340109636381348890670883413094043745178
0.1066536533351201589222381173143675286348168971273549293300330743825169033123199015015930947538256961411787836240696806706633995
0.0853814342956284787664064274264420847232050158303716194471983961491533727473838255798639183334545910109360654325652376582021105
0.064070219980712923421416533825382471660269060019280904391632719339613828739660573318479525652319647050722179612523744455784948
0.042729743614916781130894765112345747544252786582863929310280850205711537646012003192615863745652455669447146467360477045362523
0.0213697517873015514981556266069163724737060972927676082341399543899298174492970047462683788448706476833070022069939754021707064
0.e-127
-0.0213697517873015514981556266069163724737060972927676082341399543899298174492970047462683788448706476833070022069939754021707064
-0.042729743614916781130894765112345747544252786582863929310280850205711537646012003192615863745652455669447146467360477045362523
-0.064070219980712923421416533825382471660269060019280904391632719339613828739660573318479525652319647050722179612523744455784948
-0.0853814342956284787664064274264420847232050158303716194471983961491533727473838255798639183334545910109360654325652376582021105
-0.1066536533351201589222381173143675286348168971273549293300330743825169033123199015015930947538256961411787836240696806706633995
-0.1278771616845060105905627222310365268112273924760831828795051429895764327598690639690841340109636381348890670883413094043745178
-0.1490422661761744469293547152772175569096694389982224957595504011185284844321936038013265059043708919183312979919149129155019161
-0.1701393003166326318053217254240717942924990235050834542169758691838315044576489527247080574457863804087468829398997919914655751
-0.1911586287013723021585445882022354575073451416951312137452081517495391692208077571817278409998709012942372486311020025508063554
-0.212090651415536677850867082620123797350851389141565702167843947093172911886887658703374455722273984805130590248540524880739227
-0.2329258084183785932747201645171025114634662596343891427986896724427601630187924888120831160110440240098838972363774783599176639
-0.2536545839095073878469674038123833536072129406999949134163496667531435149465710033381152884498246325905405726580845210567597803
-0.2742675106749304099219796137145727372389145351002349793850634034277927339267714912238568014719048121919532667537789839614171812
-0.2947551744109042168307729819601909732057192299734761686128662185110330304133876152773923130584288215699477428708067806947626163
-0.3151082180236206884739997772913635477845798090414599143464112254522679349805722351832913825927967896420924298737860659290960493
-0.3353173459027643085371499706105447971145575769055044010532760907301310135828325435367752286942773225440013447160690688426338658
-0.3553733281669888009158686227250937177759675695627652922472975660241334695036802604258725647468942039039185397890043665069102499
-0.3752670048793741338875592256739963144508483583221385740637642875036836849512326859646882968535044066189535106035970783610249559
-0.3949892902309386150850369853874094181701458675247331184207132687591330584414548944250554619235532198770848488587665460274225108
-0.414531176690295390157071187841232175484795721980506207691773421098691245305636664285200515920876759266275997629524195731066424
-0.4338837391175581204757683328483587546099907277874598764445473035322032516531984215207840217744561020887441029300455358187257105
-0.4530381388406169433099001467600288864770026901811772259884056187387599211646553167849021686149042911574059350619896257873832956
-0.4719856276919230040691472033670432448898849815372548894619856166567831163885192546300221004016227414813702508376516161356796829
-0.4907175520039378866875617032247567784897558266660675736612135523169583599621771709289874095050417914614474458389147672665426843
-0.5092253565614231467177666001032531157901513744496576908377046050970549445284529891080549720028314222785147236152463194372647476
-0.5275005885087648636283421936443264793651161030933126082012981708055849196468948841669612466041663150340223700680636838438834077
-0.545534901210548665132707763382474539313492824016925639536607223602201800324813378898308749283941292591037630983722459024090311
-0.5633200580636220277492615380297605110458689775749089288303724042051660432459483415889911291500108348969369078624414822473346827
-0.5808479362589028144480322253681328117012939507708881471863713190871239718627578379327506891520073244398503332711555764580350393
-0.5981105304912159620592663549050390073657859874753744017636608317433116390513297781396805832628263652226504427030047933395709151
-0.6150999566154639676217083180931516192008100076504976412130646089473580652905970223573853949783764044841261317205066212819215249
-0.631808455247461333191925927595795512344931414690766756272641947431869368586789008067804658836646231839592144221735372166096528
-0.648228395307788401626567681892052258900829927997025770889510200441590557326415290964401757308661083184166747255367196890923915
-0.664352277507046039944267919492101489474789458956840789327513909859946050223096269468535883854730257309377642184221993348155332
-0.6801727377709193901873587010337402440270665706465212690352133565766129012210161784227201450623081035940670700679494721995956021
-0.695682550603486398012303819278860215657079193215763895873856866844930220258395088780105992482636354689176979184452408944487323
-0.7108746323872350339865098930401235058805016688189431064134955703660525047669807400229643315565167917230150985422591127184075463
-0.7257420446182820288762632237925837112468061982635245535830246234234069881613072302158111007832533805832106736119195333426889608
-0.7402779970753155388739455189600782362008401585706978045824621164551139790928012867633567166171869441761090006048730960480092508
-0.75447585092081442621596822944515239703289412235160226583860404327267478550358106763237408367572408168837673644358156076207421
-0.7683291217331277711613938088864395597907421904887630229478747999576135898315312069249215891209131608433195824051198757973223955
-0.781831482468029808708444526674057750232334518708687528980634958045091731633936441700868006890990982232261579160538014472239257
-0.7949767663483976933000514049883519826726186010789682614253719082472434792597547793262193354630559251214823437503679968228154378
-0.8077589696806923223994240379625306727360533451648522596825365950171388570003295157848222244047381290378274127261987857833593132
-0.8201722545969558802093426246966592359901050932509642519265038795186105122744547478749593104056477131182968693901097674681421843
-0.832210951721073780696209715931246924637751805580418041252756099249929949700836896173472109198155890068710843476286327329039351
-0.8438695627580832789252545214045982304919358888327704248320464815392202502871190269021913752233646901889786467572718231031065493
-0.8551427630053461657188369620377883134776132744726943158978417930496577757219815110943607836690017619572929787617075970354205596
-0.8660254037844386467637231707529361834714026269051903140279034897259665084544000185405730933786242878378130707077033515149849725
-0.876512514792647717216992588644704685951319371765461924131981747439587593171278515840629162513872409640599980968701572437591266
-0.8865993063730000600561492865169439780361886754156343541423273317449317879331310300948072389690171458584257932246323001484690723
-0.896281171701786704117626249756629396298020865599698945644388818589543778440497469491951634850475537119433023088810071784824299
-0.9055536888925843589757490521231013207133101090813358713737022756677638850218385734548232287391023041292329348226750051263442948
-0.9144126230158124813216621552768982013708702422922071890125696693996557603126494172864153191585638251790061963502684664540227127
-0.9228539280329037038906141272193885094838459935550514443048770512368199120196238432953034694740195632563714108387093062271899556
-0.9308737486442042556377992419512753071420039577069100247401853591636202160661300455021945127953618741505928771524529273877411731
-0.9384684220497604029667155343105113540832412139938464771648506691414450942891801596496296465666995412520664653450196677887879707
-0.9456344796221867283745128176473878545402392640467334795838121950222139547243888248141019246755949829826139850746835633128805654
-0.9523686484908522167248126015802020335516915477122635067503060635482868909796889454667311723394609289812395908534136209287484778
-0.9586678530366606221509833883096862227102724578979136963817142958661671511800997190278942167942974045930945708482970117026066248
-0.9645292162967424218334772968525068594877146095189380198298452371191960197135517433610796200063414243135556712003436337751673267
-0.9699500612784168079342834329934329528959937283159988752589202702727229541851665800039627939545411668811302459382313929059045042
-0.9749279121818236070181316829939312172327858006199974376480795750876459316344037937001124581207369251640148129387562528943582184
-0.9794604955306667284182676967834650372593692679983007036739251353122139852036685046518272664475270469514700720580080592772513813
-0.9835457412105527101637176525025970560153875049025301719427862911717215709092478345011769860029384057281680919714362657335577808
-0.9871817834144501341077945503208892301208989842535320485199395134560028380904692684936772235835404357435106840107397386730067779
-0.9903669614948381015092675437671479336516583659726362152768288964510417502418297083220736918318808111030796423241036996429464808
-0.99309982072215457714430334029244842553593185500010752018437410050244469749278467256473604518637958509973529156177133936699342591
-0.99537911294919820460510341320936498718608967275139435487814474018581521716839450221795120507288408370612633090067977218910146326
-0.99720379718118014822502987087811926565585970536236880527491970773736929489914676310977515092446693698568101079248701806606039319
-0.99857304005116560844260791014250342579049551419810286552501284234096172148946869568321091789884558374844356604571208481147360664
-0.99948621620068786769748939701136972425500108463056749766328378746236803603541413879698334700578905651539262090571529997956309066
-0.99994290856536103340532830332800989427990720111572526449891815741401330449063016003704238150787321373996216945416108670380743189