0.99996884689415631984194380194873158060918372597915588366459241013523530940462166665117515713033978126551572307473535201246325301
0.99971963369347798471681402151982130213029111201367558669361459131408148362865905872677256696929036900787557703701187087435599692
0.99922126940127559986400378059617170060607362958930317144203981569026574306109932902176963082554303055263052887555849148864648733
0.99847387822037883273160897944459288990240532574076080233136335560182304758784728764147764168742175502698883766568224617676972268
0.99747764641633878379199098211607966868756964859862046691284682908934591604139559123724650310109477023900543746706629970530494411
0.99623282227100670620885430116864045334593980318707701341229804139359679875300616031866523784647331512930662063472890693093489424
0.9947397160206569633540495871744140785952153414280531275312330563203416182504657227919371807529570541865699632558103389701397006
0.99299869977866964523032146648442535705315530886097652070373328226878537707755666357328110981157783860680956778892912111974764914
0.99101020744279211291292330318185707305413020663290593410661401058051185133227603058283293624618792993059209032562684613709689509
0.98877473458700258337745658254006313334520274524833613994879736307690189658758160743926814301395519769996879722317730920310175512
0.98629283833800270457564174563760912879537979810891167443790216012352270135705865300253613386948793181355373251681976144221479167
0.9835651372363699013986059044037691517528753209267679693589412620001851051940751845141435156867616429697328463856138916833585887
0.98059231108240409627397077487394239009034681751763728849858370202886188383558195075767700186981369595779163093414866288775722217
0.97737510076670722262574304447730673165103036300702580708547946270959439931732466867116810245863618438695515052002421570453847416
0.97391430808553775433410017378402523463598266990517504298126584541708574058509111578141274377117054440235446574088143523140406351
0.97021079554098626871736445938174149085433696743610944139455947456130408986484480682484529912042760018944032182062320744335658607
0.96626548612602184347512671254214094338569055594397778889000613559873620321017084220483388601358411145393976077247374712891413002
0.96207936309446285853683599662289164650470865087817117506634693056084830353641684782934652382878367791452604398888970053924261043
0.95765346971592953091452453278164115539243928967939361612016356877727988393019457174609225894813501725719401331886894723466928565
0.9529889090158392535253254963133094561957030051165781400218504140500830316791286639377264728849448596398664384982214252023821516
0.94808684350050953659626506316837838882988435251801408005173007180928266431733799514260885063916665020132512963142017177254301354
0.9429484948674370617614609905747956557154065981544819019228585322963839144354797733768165033376594163849135162549429931325679881
0.93757514370082505338535520217842193276701037289264548244361370654655688589156937893506672240004662772474236104751862113018009494
0.93196812915243484807421950930977030795655259012189259888913675913236305027403981586529698438152223522676824233900397324597038203
0.92612884860784120085565865068281279724881490997985218072926764829162040742120910847835836535624548385573800144692952864855133685
0.92005875733817450420066323705670930872417248021284147387157302756702959521609615402541012631718153265936154557495900753216813021
0.91375936813743671302834713077736239170252770327090532117029582672171221982581513701275773570312699174175804948953974421598096901
0.9072322509454813641684156210968009325746358467191462891926185491146262555373688452880587658680640884825534316482269481810269057
0.90047903245675165156461963965083793935545481326647635602190104889897277948276415693749178876358889073301459896918903657604062337
0.89350139571487406789353848800527964379950057259404985690873049408083409506782864729837488163943891967332809605166098734861091355
0.88630107969320864836241644995348579433448893310776396960737889903323809166519951728329311048392791589233458932372077244302495132
0.87887987886146035235893105865440912434814775032390607444023218379814860933092995061475912928179556607433825810011698978710311375
0.87123964273845959248244194746854079163053741502238473391489583560528121287453821315857970897559810609389220574179716558294732335
0.86338227543122336742470122271436567218619635903754766358674111845993291519345281439949630790050990679865691723695271253661766094
0.8553097351604118743291498352933415900408933245794319977467424227870085290779779033805272126091149731184071242328320270528018802
0.84702403377229886678965285760941292512228821083559370465687680236404382639568980774708354443238618905699256307116123197908387646
0.83852723623737738570684830428391077854341350594883697820635730447726713177183130432342681268631005112834105290193968737204777201
0.82982146013572582096555322175329561139100198029467990740158391155499981369969802863944419982136048739195221526523547632003778132
0.82090887512926256149979566385238464323179614207193971918553310809732681070305114872806158615929977092162117118407969882468812483
0.81179170242102075895069159406483967486810456444544010011326084951228973182968388955225600623568814899729659612546980819573440894
0.80247221420157796498219765356382207772600535813297507415313893820493296977411341131585064338858553678007634790420310785149490479
0.79295273308277860359454922452540387454967501363209043400594021951466521737830468507670219788919746243053997005792649321588229146
0.78323563151889040666711351195706486148610488181322458496890222885230518911588700996536722521545885797036278606216263621180040549
0.77332333121533907268219360501331218761072497158374783539278076550695897028066802972110653389426951184232906841098321795313671007
0.76321830252516850434852142923510696385082917940540256843511696167520247143677167362849253397418072797018909288263556244769644933
0.75292306383337703988624507583777416461059581535518188869136303258841178967106961432031946211190469633976262314510736465298281842
0.74244018092928311429177152876817744673985957515657258248889420696150290422911992924092785966237586261344135094472701525453663754
0.7317722663670767702178340651342532292110681182660822160466624995237459790259828653561064559214800626799330340413583504143863765
0.7209219788147163824381094370187963859549530712802394813347362695184292807496712622711907835188486521746527117875228298121774517
0.7098920223913328644828236037960625359555153548696345264882504973559331044761238778625935991437717176930196085347685907017708909
0.6986851459933064902081647947658792434518419423838304710242468127550144788876721573133057387628963838987154678707223478439017316
0.6873041426091842860841562417500622444333122118004138775767995117340998138054612182295187230403766190780915921449200200677226772
0.675751848623608731149371805572210894087860149146798828680568209411257580240196623732090980002501846388876688535790392289833066
0.6640311431104312401933816211053103377563470880599930091097546538958703799827551796221998644452390383395136187606986102146176682
0.652144947115186601106572152700277038549923205206637982573827273455388441501442749693352421138771868304302306507768123802681554
0.6400962229271071888102507912239295750336073871560381888540737565660525414782107062056475252316435509273949991146044043103952303
0.6278879733408583850869166105116529209585366180453667799502233294367595523958805829344552554098603605517849814069519109495417182
0.6155232409081791953215602644992036061929871520503232368579243846291985838867450559190138737478065843635652865875062377608048656
0.6030051071796145690014201490383171876267654683159061865311823022310588028365170738061386131462758612707631017067365531507259892
0.5903366919365284001767696589155058957352098416298120555611390810733816426500825281554340398533758128521657546657015325041146382
0.5775211524135886063436265688203318835861938279263878139403302791661763540808490884761996746835546315412932702231304206639370579
0.5645616825119180587670827026682913872437259020498620148323637830422750054920786357586576833219005261083138719851420278490010938
0.5514615120031074635294605413785876416514604798198732715247885082673717838357896452520866852699941484401804254071348442483049454
0.5382239057242885699809591207992665878327052299997429226463022966923893850269375215994488944057070702562158868751091742013854297
0.5248521627644683112242802949632114763237472965105584024225810831035684070347203859465874501070721702948732324767095160192675775
0.5113496156423266592236753827792826476047724681775213180322865292260437452167371841128962966761308912487145513022835675493530826
0.4977196294756831045501283483126349161906673077402532539595720594786152368767495471060581964450937300580273848125539506981343556
0.4839656011428387471277970032570166924210451588095682332999478515703065653870577615058051194235601469875920479576827446005889245
0.4700909584360030091148974663433337847393624194323982460661526500062385413077852417395251813606719721731255404704806024512559871
0.4560991592070159537303246181518903505393276064543896405238563409787640501966612996669293966165099822389837900570822548167890167
0.4419936905055791139338198101346004723167905141819428854442636743370786556128967379814316807396668834697877535340205215250116046
0.4277780677102096019038983169733287081749111860659904254552439280745154012452008388375090013933029367784833210197779708817984045
0.4134558336521340837687283486839394957447971574554364616777714852064394368128064739726973067121476270572562141728346716977395545
0.39903055773234096357874590738705546637410751785126915448786821918754560393110099640690532832392111556400285992074527490246043
0.3845058350320108256274827240945271599138433592991483894967289880651497543470376114559200952505856906561374924089196772688398945
0.36988528541654683450392686686590690828841670114500974358103890276611462411532114491970720496640967659701132042685291492982316
0.3551725526334283872844437866218147369793769261502103089849573017495424547243970675177290500508227401016270235198114216644231536
0.3403713034041128516473459642925365372720747982196588587040960487318031517685821889679013645813751190261670339234754835859371117
0.325485226510211707034967405265580009063834489449579149027537545119533287079141910977842461939803335251836239762116275338206981
0.310518031874168832926895127875578710241033103781082043902617333619956990742535504533155466534169615550536336473526607545856016
0.2954734496346700584682104486924258468482555469050692334006350226721121207687624225941359380953747402083397493353053513655074782
0.2803552292170144007767206472084746037416709124352162270466945213695061249356795859942186830196183864961610655142572198388052263
0.2651671383986786749059694000485048787172016339350971488386498075460068272707198437974270147213455123239322638978484205568269925
0.249912962370308356353367205955172043080073575601846159098231508380304256857312722579052436861181030333166910966428665797489133
0.2345965027923687168765359555124659760764072343901100601037506844679675830920698831898218218064001860636240355911634038722555432
0.2192215768476913359318343975348307408867429954613195181766985404268701588129344735097987771131233392920357708229315525796336657
0.2037920162901521130074783654447972756998439278990661704139102884823260915556427661217823765910157377719119617514707492414145693
0.1883116664897178702347485607650556762790899491433421479000403589566277674295879198386322840349384388875924484084613077892711975
0.1727843854740995396842127539060503329669982472817391715849782283356891389312817266462941353754168045167007538270302102138492055
0.157214042967250775464127641437308326948634132727810012840315186889784986352600351665395268042964683280693037570437393273095158
0.1416045194249516169244595725366509810844107942630562794169671649902598278941725499566832042910823488610972798508083114962225866
0.1259597050677175557363388236940721845666613122780377005191487252581672034283726727914277801000641826247068841138490937936886575
0.1102834989112750261821884091011379811122096804394964708303319769861158548038789729971123589675566611565296234133886944005181838
0.0945798077948449444901234859117494012008915699775419323042875590775836032854334432734543017334411842325933770023461233164264015
0.0788525454074764693263491435849075579311033663918553593955450872333893909890578802041689010039725176885311057163938655824094676
0.0631056313126736414850482933964880029084602228233737646311175158451547735985406935331230951936308092752964435169310769702339345
0.0473429899715579862655446102836113355763630466780095415335187302075931579139655563503485816982140646774046450658491306197749182
0.031568549764810526895316891955996514230753836315945265942692605306914185344965764384649594654847010084312308907311614082107672
0.0157862420136369615537978374942058544010555560531188306755489156469466557845080682956716956812978193056009585434822789331762687
0.e-127
-0.0157862420136369615537978374942058544010555560531188306755489156469466557845080682956716956812978193056009585434822789331762687
-0.031568549764810526895316891955996514230753836315945265942692605306914185344965764384649594654847010084312308907311614082107672
-0.0473429899715579862655446102836113355763630466780095415335187302075931579139655563503485816982140646774046450658491306197749182
-0.0631056313126736414850482933964880029084602228233737646311175158451547735985406935331230951936308092752964435169310769702339345
-0.0788525454074764693263491435849075579311033663918553593955450872333893909890578802041689010039725176885311057163938655824094676
-0.0945798077948449444901234859117494012008915699775419323042875590775836032854334432734543017334411842325933770023461233164264015
-0.1102834989112750261821884091011379811122096804394964708303319769861158548038789729971123589675566611565296234133886944005181838
-0.1259597050677175557363388236940721845666613122780377005191487252581672034283726727914277801000641826247068841138490937936886575
-0.1416045194249516169244595725366509810844107942630562794169671649902598278941725499566832042910823488610972798508083114962225866
-0.157214042967250775464127641437308326948634132727810012840315186889784986352600351665395268042964683280693037570437393273095158
-0.1727843854740995396842127539060503329669982472817391715849782283356891389312817266462941353754168045167007538270302102138492055
-0.1883116664897178702347485607650556762790899491433421479000403589566277674295879198386322840349384388875924484084613077892711975
-0.2037920162901521130074783654447972756998439278990661704139102884823260915556427661217823765910157377719119617514707492414145693
-0.2192215768476913359318343975348307408867429954613195181766985404268701588129344735097987771131233392920357708229315525796336657
-0.2345965027923687168765359555124659760764072343901100601037506844679675830920698831898218218064001860636240355911634038722555432
-0.249912962370308356353367205955172043080073575601846159098231508380304256857312722579052436861181030333166910966428665797489133
-0.2651671383986786749059694000485048787172016339350971488386498075460068272707198437974270147213455123239322638978484205568269925
-0.2803552292170144007767206472084746037416709124352162270466945213695061249356795859942186830196183864961610655142572198388052263
-0.2954734496346700584682104486924258468482555469050692334006350226721121207687624225941359380953747402083397493353053513655074782
-0.310518031874168832926895127875578710241033103781082043902617333619956990742535504533155466534169615550536336473526607545856016
-0.325485226510211707034967405265580009063834489449579149027537545119533287079141910977842461939803335251836239762116275338206981
-0.3403713034041128516473459642925365372720747982196588587040960487318031517685821889679013645813751190261670339234754835859371117
-0.3551725526334283872844437866218147369793769261502103089849573017495424547243970675177290500508227401016270235198114216644231536
-0.36988528541654683450392686686590690828841670114500974358103890276611462411532114491970720496640967659701132042685291492982316
-0.3845058350320108256274827240945271599138433592991483894967289880651497543470376114559200952505856906561374924089196772688398945
-0.39903055773234096357874590738705546637410751785126915448786821918754560393110099640690532832392111556400285992074527490246043
-0.4134558336521340837687283486839394957447971574554364616777714852064394368128064739726973067121476270572562141728346716977395545
-0.4277780677102096019038983169733287081749111860659904254552439280745154012452008388375090013933029367784833210197779708817984045
-0.4419936905055791139338198101346004723167905141819428854442636743370786556128967379814316807396668834697877535340205215250116046
-0.4560991592070159537303246181518903505393276064543896405238563409787640501966612996669293966165099822389837900570822548167890167
-0.4700909584360030091148974663433337847393624194323982460661526500062385413077852417395251813606719721731255404704806024512559871
-0.4839656011428387471277970032570166924210451588095682332999478515703065653870577615058051194235601469875920479576827446005889245
-0.4977196294756831045501283483126349161906673077402532539595720594786152368767495471060581964450937300580273848125539506981343556
-0.5113496156423266592236753827792826476047724681775213180322865292260437452167371841128962966761308912487145513022835675493530826
-0.5248521627644683112242802949632114763237472965105584024225810831035684070347203859465874501070721702948732324767095160192675775
-0.5382239057242885699809591207992665878327052299997429226463022966923893850269375215994488944057070702562158868751091742013854297
-0.5514615120031074635294605413785876416514604798198732715247885082673717838357896452520866852699941484401804254071348442483049454
-0.5645616825119180587670827026682913872437259020498620148323637830422750054920786357586576833219005261083138719851420278490010938
-0.5775211524135886063436265688203318835861938279263878139403302791661763540808490884761996746835546315412932702231304206639370579
-0.5903366919365284001767696589155058957352098416298120555611390810733816426500825281554340398533758128521657546657015325041146382
-0.6030051071796145690014201490383171876267654683159061865311823022310588028365170738061386131462758612707631017067365531507259892
-0.6155232409081791953215602644992036061929871520503232368579243846291985838867450559190138737478065843635652865875062377608048656
-0.6278879733408583850869166105116529209585366180453667799502233294367595523958805829344552554098603605517849814069519109495417182
-0.6400962229271071888102507912239295750336073871560381888540737565660525414782107062056475252316435509273949991146044043103952303
-0.652144947115186601106572152700277038549923205206637982573827273455388441501442749693352421138771868304302306507768123802681554
-0.6640311431104312401933816211053103377563470880599930091097546538958703799827551796221998644452390383395136187606986102146176682
-0.675751848623608731149371805572210894087860149146798828680568209411257580240196623732090980002501846388876688535790392289833066
-0.6873041426091842860841562417500622444333122118004138775767995117340998138054612182295187230403766190780915921449200200677226772
-0.6986851459933064902081647947658792434518419423838304710242468127550144788876721573133057387628963838987154678707223478439017316
-0.7098920223913328644828236037960625359555153548696345264882504973559331044761238778625935991437717176930196085347685907017708909
-0.7209219788147163824381094370187963859549530712802394813347362695184292807496712622711907835188486521746527117875228298121774517
-0.7317722663670767702178340651342532292110681182660822160466624995237459790259828653561064559214800626799330340413583504143863765
-0.7424401809292831142917715287681774467398595751565725824888942069615029042291199292409278596623758626134413509447270152545366375
-0.7529230638333770398862450758377741646105958153551818886913630325884117896710696143203194621119046963397626231451073646529828184
-0.7632183025251685043485214292351069638508291794054025684351169616752024714367716736284925339741807279701890928826355624476964493
-0.7733233312153390726821936050133121876107249715837478353927807655069589702806680297211065338942695118423290684109832179531367101
-0.7832356315188904066671135119570648614861048818132245849689022288523051891158870099653672252154588579703627860621626362118004055
-0.7929527330827786035945492245254038745496750136320904340059402195146652173783046850767021978891974624305399700579264932158822915
-0.8024722142015779649821976535638220777260053581329750741531389382049329697741134113158506433885855367800763479042031078514949048
-0.8117917024210207589506915940648396748681045644454401001132608495122897318296838895522560062356881489972965961254698081957344089
-0.8209088751292625614997956638523846432317961420719397191855331080973268107030511487280615861592997709216211711840796988246881248
-0.8298214601357258209655532217532956113910019802946799074015839115549998136996980286394441998213604873919522152652354763200377813
-0.838527236237377385706848304283910778543413505948836978206357304477267131771831304323426812686310051128341052901939687372047772
-0.8470240337722988667896528576094129251222882108355937046568768023640438263956898077470835444323861890569925630711612319790838765
-0.8553097351604118743291498352933415900408933245794319977467424227870085290779779033805272126091149731184071242328320270528018802
-0.8633822754312233674247012227143656721861963590375476635867411184599329151934528143994963079005099067986569172369527125366176609
-0.8712396427384595924824419474685407916305374150223847339148958356052812128745382131585797089755981060938922057417971655829473233
-0.8788798788614603523589310586544091243481477503239060744402321837981486093309299506147591292817955660743382581001169897871031138
-0.8863010796932086483624164499534857943344889331077639696073788990332380916651995172832931104839279158923345893237207724430249513
-0.8935013957148740678935384880052796437995005725940498569087304940808340950678286472983748816394389196733280960516609873486109136
-0.9004790324567516515646196396508379393554548132664763560219010488989727794827641569374917887635888907330145989691890365760406234
-0.9072322509454813641684156210968009325746358467191462891926185491146262555373688452880587658680640884825534316482269481810269057
-0.913759368137436713028347130777362391702527703270905321170295826721712219825815137012757735703126991741758049489539744215980969
-0.9200587573381745042006632370567093087241724802128414738715730275670295952160961540254101263171815326593615455749590075321681302
-0.9261288486078412008556586506828127972488149099798521807292676482916204074212091084783583653562454838557380014469295286485513369
-0.931968129152434848074219509309770307956552590121892598889136759132363050274039815865296984381522235226768242339003973245970382
-0.9375751437008250533853552021784219327670103728926454824436137065465568858915693789350667224000466277247423610475186211301800949
-0.9429484948674370617614609905747956557154065981544819019228585322963839144354797733768165033376594163849135162549429931325679881
-0.9480868435005095365962650631683783888298843525180140800517300718092826643173379951426088506391666502013251296314201717725430135
-0.9529889090158392535253254963133094561957030051165781400218504140500830316791286639377264728849448596398664384982214252023821516
-0.9576534697159295309145245327816411553924392896793936161201635687772798839301945717460922589481350172571940133188689472346692857
-0.9620793630944628585368359966228916465047086508781711750663469305608483035364168478293465238287836779145260439888897005392426104
-0.96626548612602184347512671254214094338569055594397778889000613559873620321017084220483388601358411145393976077247374712891413
-0.9702107955409862687173644593817414908543369674361094413945594745613040898648448068248452991204276001894403218206232074433565861
-0.9739143080855377543341001737840252346359826699051750429812658454170857405850911157814127437711705444023544657408814352314040635
-0.9773751007667072226257430444773067316510303630070258070854794627095943993173246686711681024586361843869551505200242157045384742
-0.9805923110824040962739707748739423900903468175176372884985837020288618838355819507576770018698136959577916309341486628877572222
-0.9835651372363699013986059044037691517528753209267679693589412620001851051940751845141435156867616429697328463856138916833585887
-0.98629283833800270457564174563760912879537979810891167443790216012352270135705865300253613386948793181355373251681976144221479167
-0.98877473458700258337745658254006313334520274524833613994879736307690189658758160743926814301395519769996879722317730920310175512
-0.99101020744279211291292330318185707305413020663290593410661401058051185133227603058283293624618792993059209032562684613709689509
-0.99299869977866964523032146648442535705315530886097652070373328226878537707755666357328110981157783860680956778892912111974764914
-0.9947397160206569633540495871744140785952153414280531275312330563203416182504657227919371807529570541865699632558103389701397006
-0.99623282227100670620885430116864045334593980318707701341229804139359679875300616031866523784647331512930662063472890693093489424
-0.99747764641633878379199098211607966868756964859862046691284682908934591604139559123724650310109477023900543746706629970530494411
-0.99847387822037883273160897944459288990240532574076080233136335560182304758784728764147764168742175502698883766568224617676972268
-0.99922126940127559986400378059617170060607362958930317144203981569026574306109932902176963082554303055263052887555849148864648733
-0.99971963369347798471681402151982130213029111201367558669361459131408148362865905872677256696929036900787557703701187087435599692
-0.99996884689415631984194380194873158060918372597915588366459241013523530940462166665117515713033978126551572307473535201246325301