0.99986613790956178286274714906010002195345847142775142566570436111767871833202568180689070445356582579434624034433966888225255887
0.9987954562051723927147716047591006944432036147046117943428170736856099059521574038311892442663941710411642753012920518949380253
0.99665523930918032493173373725034448288998258082162250720602182009213955614968259489970159641812304092191255722752608792449217414
0.9934477790194443955138516146151030365692134352274388774260973801357728433460752084745218220114818486353907565013212239101068111
0.98917650996478097345167373801624306398368953333690740101915036448498723986223411440032433858770904788893181781767462094436652983
0.98384600592707741608727734241005782103152870349224482587770282997313169672461121311815592570256757922685751415374254583935849506
0.97746197494357186338806771433680600726086505066371064631960921183189674548583019162063350949843268503825650902919169029436436779
0.97003125319454399260398420728610025145686596224807410098349745067991123925932768008907988489321252393921657027504611518647485584
0.96156179768296194714467813212420084585997405415921418741742753433211668150454099126002134115684535081171822066982951154981239913
0.95206267771392425710007127333280901845817523227478746121288296665110707366347946637647932316697519945327847280192377649775201796
0.94154406518302077841250940259950235718558979582518286754682587896999712036304969788460018905480368471883710456669721997808564725
0.93001722368401211705687842993901102296139977177347812146859396942070434669352901794184132356319863683037423624289389681818471209
0.91749449644749130792415147441408182919758339778553736975293366555345261269132437937502116857295476387148732657194845228661723644
0.90398929312344333158620029723053704871013202505060804966467357599586544056631923935724594931881677096863734128589227078592533437
0.88951607542185603527210279422019359684091530131151182455446040871258628784872201695834029059846637495250845925861464340799578032
0.87409034162675885154524190776894318727815570726993024347878928596839241715348701763577046111766217417864531024902661758678078088
0.85772861000027206990226998428477013704249079943373401860471854234951908732946444735034674438273729780752419335706610954052056808
0.84044840109443802101714781727751093852616993828575890434433785544342034828476126013611952348666565119844159828114905994667702284
0.82226821898977510783848719529536004718092631587251597727692026642542975696999615088793453627755694684842659858338303685515349068
0.80320753148064490980667651296314192387956942717046083497650465434577405334801532729395640028411886369712501535785265525300108857
0.78328674922865036539802830029229320325518445524408605457120009252838717900675319023587944179209354201780518039525596305649504533
0.76252720390638809637251783305122040660372368688015205587350640382734188713550469579396886750407277828626636417577711755793038907
0.74095112535495909117561689749516272972895530930909004573641204384668253556395975769671034381406822320658836421269953329375422266
0.7185816177796980571964039700467297275389832708753820613751066925374185151086539424761973996792370801550068397485875318058266555
0.6954426350096116511235162142482361226234510954591072063910151160180607434637538936563962830484743992556013328775068772393866207
0.6715589548470184006253768504274218032287506321997944988832130731094649118790014151672904931784041606634999442618036977416712558
0.6469561525348573653980241297909102505537619238210225418261718878207724033648008021586970612294160916701928686195013338373525813
0.6216605733700774080377414941606108129562150044572219891805994726881078857834902449510492938571888402083182674694057567016340328
0.5956993044924333434670365288299698895119263384375047868977947345129738936287256664315349110825853769003100949115109402206769594
0.5691001458788982306107668803615459485854039514791638678411746154402957312398306569011276468723852371594182118614245528247049233
0.5418915805747517161512357986301665163954229109757454802222931466236457299720100708325922074091027584543852460933724018943693033
0.514102744193221726593693838968815772608049120416217804287936453986037927274220118334576566828901794058965370277521855366101435
0.4857633937163400562690533100912842493454093510115336213777679071316407910578055634723141376246640317353808700668178135161511239
0.456903875630420676563535806128934178047780703728866314120523927061964175980147332998597036857291412586779029207919650000568722
0.4275550934302820943209668568887985343045786293424586393648472046518438249098519379985739495457378037624943453661015350997872509
0.3977484745270110520468150857851331470572870967899340905283026456227989497173495420429869109288964717350806615898102836894298517
0.3675159365947035654139322438556322510274745288796854118385508917968793540787438694492750447305202076806135503482688642427324971
0.3368898533922200506892532126191475704777667796712222840515309421523592933598104109594588644731514875566646455342412120020059137
0.305903020096553462762690863909384204032114418463916147436396138722431833606828776453343016320028524374756564767387992552693112
0.2745886181849323414804679930378641288334148667889668945924823346618504957955737864326836018447381246836152373975392379470882351
0.2429801799032638899482741620774711183209907832838321260423208417946981663958870487838239414776082706567113809212419797439857436
0.2111115523589651659244543758376462887292199229656974154764709228044245380995197086797689793529069762466901085892242432039977953
0.1790168612766326820399915695482819505818661089450308116733194751426552332275450020906313215507309064325707403909201024201552582
0.1467304744553617516588501296467178197062153165293920668973938768923171676867758277059618817711050948125690558476379337616896668
0.1142869649668463981174749614509399053180139706150765347764290112076785593433090520810647682888359001743623112140957970336161479
0.0817210741336682237477131019351770015292057091780920723877533095704356835963230884693114130412598241202107427025092339307718437
0.0490676743274180142549549769426826583147453630257529202101225532691659395639607568222207671118007237540668609774655834613187575
0.0163617316264867816429719234841730502356649078361962248740707436188733298240225702854237167349248763711211168919605080462602128
-0.0163617316264867816429719234841730502356649078361962248740707436188733298240225702854237167349248763711211168919605080462602128
-0.0490676743274180142549549769426826583147453630257529202101225532691659395639607568222207671118007237540668609774655834613187575
-0.0817210741336682237477131019351770015292057091780920723877533095704356835963230884693114130412598241202107427025092339307718437
-0.1142869649668463981174749614509399053180139706150765347764290112076785593433090520810647682888359001743623112140957970336161479
-0.1467304744553617516588501296467178197062153165293920668973938768923171676867758277059618817711050948125690558476379337616896668
-0.1790168612766326820399915695482819505818661089450308116733194751426552332275450020906313215507309064325707403909201024201552582
-0.2111115523589651659244543758376462887292199229656974154764709228044245380995197086797689793529069762466901085892242432039977953
-0.2429801799032638899482741620774711183209907832838321260423208417946981663958870487838239414776082706567113809212419797439857436
-0.2745886181849323414804679930378641288334148667889668945924823346618504957955737864326836018447381246836152373975392379470882351
-0.305903020096553462762690863909384204032114418463916147436396138722431833606828776453343016320028524374756564767387992552693112
-0.3368898533922200506892532126191475704777667796712222840515309421523592933598104109594588644731514875566646455342412120020059137
-0.3675159365947035654139322438556322510274745288796854118385508917968793540787438694492750447305202076806135503482688642427324971
-0.3977484745270110520468150857851331470572870967899340905283026456227989497173495420429869109288964717350806615898102836894298517
-0.4275550934302820943209668568887985343045786293424586393648472046518438249098519379985739495457378037624943453661015350997872509
-0.456903875630420676563535806128934178047780703728866314120523927061964175980147332998597036857291412586779029207919650000568722
-0.4857633937163400562690533100912842493454093510115336213777679071316407910578055634723141376246640317353808700668178135161511239
-0.514102744193221726593693838968815772608049120416217804287936453986037927274220118334576566828901794058965370277521855366101435
-0.5418915805747517161512357986301665163954229109757454802222931466236457299720100708325922074091027584543852460933724018943693033
-0.5691001458788982306107668803615459485854039514791638678411746154402957312398306569011276468723852371594182118614245528247049233
-0.5956993044924333434670365288299698895119263384375047868977947345129738936287256664315349110825853769003100949115109402206769594
-0.6216605733700774080377414941606108129562150044572219891805994726881078857834902449510492938571888402083182674694057567016340328
-0.6469561525348573653980241297909102505537619238210225418261718878207724033648008021586970612294160916701928686195013338373525813
-0.6715589548470184006253768504274218032287506321997944988832130731094649118790014151672904931784041606634999442618036977416712558
-0.6954426350096116511235162142482361226234510954591072063910151160180607434637538936563962830484743992556013328775068772393866207
-0.7185816177796980571964039700467297275389832708753820613751066925374185151086539424761973996792370801550068397485875318058266555
-0.7409511253549590911756168974951627297289553093090900457364120438466825355639597576967103438140682232065883642126995332937542227
-0.7625272039063880963725178330512204066037236868801520558735064038273418871355046957939688675040727782862663641757771175579303891
-0.7832867492286503653980283002922932032551844552440860545712000925283871790067531902358794417920935420178051803952559630564950453
-0.8032075314806449098066765129631419238795694271704608349765046543457740533480153272939564002841188636971250153578526552530010886
-0.8222682189897751078384871952953600471809263158725159772769202664254297569699961508879345362775569468484265985833830368551534907
-0.8404484010944380210171478172775109385261699382857589043443378554434203482847612601361195234866656511984415982811490599466770228
-0.8577286100002720699022699842847701370424907994337340186047185423495190873294644473503467443827372978075241933570661095405205681
-0.8740903416267588515452419077689431872781557072699302434787892859683924171534870176357704611176621741786453102490266175867807809
-0.8895160754218560352721027942201935968409153013115118245544604087125862878487220169583402905984663749525084592586146434079957803
-0.9039892931234433315862002972305370487101320250506080496646735759958654405663192393572459493188167709686373412858922707859253344
-0.9174944964474913079241514744140818291975833977855373697529336655534526126913243793750211685729547638714873265719484522866172364
-0.9300172236840121170568784299390110229613997717734781214685939694207043466935290179418413235631986368303742362428938968181847121
-0.9415440651830207784125094025995023571855897958251828675468258789699971203630496978846001890548036847188371045666972199780856472
-0.952062677713924257100071273332809018458175232274787461212882966651107073663479466376479323166975199453278472801923776497752018
-0.9615617976829619471446781321242008458599740541592141874174275343321166815045409912600213411568453508117182206698295115498123991
-0.9700312531945439926039842072861002514568659622480741009834974506799112392593276800890798848932125239392165702750461151864748558
-0.9774619749435718633880677143368060072608650506637106463196092118318967454858301916206335094984326850382565090291916902943643678
-0.9838460059270774160872773424100578210315287034922448258777028299731316967246112131181559257025675792268575141537425458393584951
-0.98917650996478097345167373801624306398368953333690740101915036448498723986223411440032433858770904788893181781767462094436652983
-0.9934477790194443955138516146151030365692134352274388774260973801357728433460752084745218220114818486353907565013212239101068111
-0.99665523930918032493173373725034448288998258082162250720602182009213955614968259489970159641812304092191255722752608792449217414
-0.9987954562051723927147716047591006944432036147046117943428170736856099059521574038311892442663941710411642753012920518949380253
-0.99986613790956178286274714906010002195345847142775142566570436111767871833202568180689070445356582579434624034433966888225255887