0.99982516091274642234287443095983240391051218979048427835990838357445010602339290302332869669324741253833479386223848399612890752
0.99842681501781656213142507149485283940904584072353606105172666707070647689853736561403660969842284226336462460505677830261064596
0.99563207894113381569210644289475089790626096420445257268471379785912811989224680413129070753381023534349988162133433791080765594
0.99144486137381041114455752692856287127773827444810227145877460352892206840508253176326543345327739735737867993502493944915599907
0.98587101851823587392395755696806084556491048820945848013642225444431829521082508231212779386277604628847796432121008397542935177
0.9789183458976484484528450174870028344852865791500755021705820244703713890924452156757388264356478007624772307362821603171191115
0.97059656745339095327685137592821830207898574269054457959486173580011047080803608640553666286768939420863914666861322666081945876
0.96091732194509954321198814229303188609343255175861737122739993206088173698850493127040134555160653962673729660560964511134630511
0.94989414667284594425811516412321325419123253060279966252548993293403842633751307717583654934310411829629308468272954218932934524
0.93754245854399921725909905333164116731034986256116095797775523463651961601496343891285388627678000444601846652863064163764778839
0.92387953251128675612818318939678828682241662586364248611509773128053500750110235871483993485034459609796302578224788303086917758
0.90892447741221084203213627743740095684745244795029393445928433574038344542015942254280211231158808553256198714552521197040472404
0.89269820924361151416049190234027395652476329236347886450344756902250858289541316682751648791952679090569947743041466612020377295
0.87522342190875369750473228074563997732748790921178215132200589632950788618246981353489718978175238840392967031334438540704119249
0.85652455547785143144129292530480088797930146742965050723827510617156496534199288117793674889657275903545424792497757571461042774
0.8366277620064197259697723362808177368618878641370929786568990582443591486606057264432956660831538087912403080303653260718688738
0.81556086895926017134950295945342512849319365900484757377410926532662953307153630373250303715202364286575904089841306170095768618
0.79335334029123516457977696150129927662867592105191023422448078294540218227127872910059956585805247319221357878427644228834604483
0.77003623523926280916904284685609901544460235789752961557840340771277131066952339431145320916847813204112214297861316640834712468
0.74564216488316560948555175445927840431059874313801569264200668394556656923873140170953804789263017708736590879642239626026894985
0.7202052465361265406975961355547724176686009092264733606024869938987663953318080703016248239505467123375238815114184794904452787
0.6937610560285415656505741067123940232782786387318096716040667814102300343990048809171396770961806537474008611879547438436853021
0.6663465779520039455829121186875666953965397330068326968438094137384653416485600422781587049866063607806149349753883432277843112
0.6380001539330086317206116223218728232507752685577412710862457404376530866026653832558132784784073821891128704206683220960410224
0.6087614290087206394160975428981640045163937119624752300249739679013760344449928395262516481109938502089543912735313835483999889
0.5786712961798057416349117556513751600107735699674221299317143281144998168909460144473394728268783943240477455458231049539502333
0.5477718392178713617760505557242222833875992780095242781446393206057652997394134380541807409846954372781837144031843934296231911
0.5161062738075066312717130905508595527751752196624805788564789781711282322180110194208555485663669241587988714143053614704323085
0.483718887105239791071161340408972851135336970128003699503429405403321873805381883602473148126880488379535922447933122525696599
0.4506549757999452003553745157706305560214465627140117829070873464649411771591239275598558687137274049851809102018723848729874548
0.4169607827613280740571946872433757378954873942370304427529994697446283030013007896839512347069318410194521360755112329568574227
0.3826834323650897717284599840303988667613445624856270414338006356275460339600896922370137853422835471484242886614935559007560102
0.3478708645852272422033459346461880223141352196517172090501765140066652086081596990563145153843686640993650939005417618793883294
0.3125717679456445028699328987994361390887468461432428053267726107319060474438851733975801214490414399818622957608938170893348003
0.2768355114248493876262772692158242788007071039587349079907949543898804364090312054883969857715087404612382854806584828171341567
0.2407120754089730025143920067382594684248316425321440106249129381621153416566968609687765216010598272892134150941911656209010264
0.2042519817896803347725634096639348498806337874647839698834832489884718570987816754662985014504739412089271758863071459290603954
0.1675062233047364080900562064755421518657475046636313423993518269237483053454400446014006771083018724048963235500174752293006637
0.1305261922200515915484062278954890101937407048117322518906169483351328252298236296142403689922921229057494469979714407425231327
0.0933636084529506706826333179839758283542587889454463606851750704137539123486231188102990751595644426668029462471121502694470379
0.0560704472371917881907195660594562196628754282263858858465485107781494342348074403842208218363729821144591694000493400483348991
0.0186988664309022660634393554408390893481864417821316440837307901579429208404769323569604408851796293684754223883668096924307648
-0.0186988664309022660634393554408390893481864417821316440837307901579429208404769323569604408851796293684754223883668096924307648
-0.0560704472371917881907195660594562196628754282263858858465485107781494342348074403842208218363729821144591694000493400483348991
-0.0933636084529506706826333179839758283542587889454463606851750704137539123486231188102990751595644426668029462471121502694470379
-0.1305261922200515915484062278954890101937407048117322518906169483351328252298236296142403689922921229057494469979714407425231327
-0.1675062233047364080900562064755421518657475046636313423993518269237483053454400446014006771083018724048963235500174752293006637
-0.2042519817896803347725634096639348498806337874647839698834832489884718570987816754662985014504739412089271758863071459290603954
-0.2407120754089730025143920067382594684248316425321440106249129381621153416566968609687765216010598272892134150941911656209010264
-0.2768355114248493876262772692158242788007071039587349079907949543898804364090312054883969857715087404612382854806584828171341567
-0.3125717679456445028699328987994361390887468461432428053267726107319060474438851733975801214490414399818622957608938170893348003
-0.3478708645852272422033459346461880223141352196517172090501765140066652086081596990563145153843686640993650939005417618793883294
-0.3826834323650897717284599840303988667613445624856270414338006356275460339600896922370137853422835471484242886614935559007560102
-0.4169607827613280740571946872433757378954873942370304427529994697446283030013007896839512347069318410194521360755112329568574227
-0.4506549757999452003553745157706305560214465627140117829070873464649411771591239275598558687137274049851809102018723848729874548
-0.483718887105239791071161340408972851135336970128003699503429405403321873805381883602473148126880488379535922447933122525696599
-0.5161062738075066312717130905508595527751752196624805788564789781711282322180110194208555485663669241587988714143053614704323085
-0.5477718392178713617760505557242222833875992780095242781446393206057652997394134380541807409846954372781837144031843934296231911
-0.5786712961798057416349117556513751600107735699674221299317143281144998168909460144473394728268783943240477455458231049539502333
-0.6087614290087206394160975428981640045163937119624752300249739679013760344449928395262516481109938502089543912735313835483999889
-0.6380001539330086317206116223218728232507752685577412710862457404376530866026653832558132784784073821891128704206683220960410224
-0.6663465779520039455829121186875666953965397330068326968438094137384653416485600422781587049866063607806149349753883432277843112
-0.6937610560285415656505741067123940232782786387318096716040667814102300343990048809171396770961806537474008611879547438436853021
-0.7202052465361265406975961355547724176686009092264733606024869938987663953318080703016248239505467123375238815114184794904452787
-0.7456421648831656094855517544592784043105987431380156926420066839455665692387314017095380478926301770873659087964223962602689498
-0.7700362352392628091690428468560990154446023578975296155784034077127713106695233943114532091684781320411221429786131664083471247
-0.7933533402912351645797769615012992766286759210519102342244807829454021822712787291005995658580524731922135787842764422883460448
-0.8155608689592601713495029594534251284931936590048475737741092653266295330715363037325030371520236428657590408984130617009576862
-0.8366277620064197259697723362808177368618878641370929786568990582443591486606057264432956660831538087912403080303653260718688738
-0.8565245554778514314412929253048008879793014674296505072382751061715649653419928811779367488965727590354542479249775757146104277
-0.8752234219087536975047322807456399773274879092117821513220058963295078861824698135348971897817523884039296703133443854070411925
-0.8926982092436115141604919023402739565247632923634788645034475690225085828954131668275164879195267909056994774304146661202037729
-0.908924477412210842032136277437400956847452447950293934459284335740383445420159422542802112311588085532561987145525211970404724
-0.9238795325112867561281831893967882868224166258636424861150977312805350075011023587148399348503445960979630257822478830308691776
-0.9375424585439992172590990533316411673103498625611609579777552346365196160149634389128538862767800044460184665286306416376477884
-0.9498941466728459442581151641232132541912325306027996625254899329340384263375130771758365493431041182962930846827295421893293452
-0.9609173219450995432119881422930318860934325517586173712273999320608817369885049312704013455516065396267372966056096451113463051
-0.9705965674533909532768513759282183020789857426905445795948617358001104708080360864055366628676893942086391466686132266608194588
-0.9789183458976484484528450174870028344852865791500755021705820244703713890924452156757388264356478007624772307362821603171191115
-0.98587101851823587392395755696806084556491048820945848013642225444431829521082508231212779386277604628847796432121008397542935177
-0.99144486137381041114455752692856287127773827444810227145877460352892206840508253176326543345327739735737867993502493944915599907
-0.99563207894113381569210644289475089790626096420445257268471379785912811989224680413129070753381023534349988162133433791080765594
-0.99842681501781656213142507149485283940904584072353606105172666707070647689853736561403660969842284226336462460505677830261064596
-0.99982516091274642234287443095983240391051218979048427835990838357445010602339290302332869669324741253833479386223848399612890752