0.021704377644384654701775162746542053085421328071494887694138650537345375739630949935896592921084855834317029786609817857535962
0.048718729531173212888289378395843601882986918883388146482248818470070672302037190743374706124709514513186011685779702859856
0.07169984331041420823513313428363156081448494754405018258989014640378585882682534588935399377658932187090524069298010538381
0.0889508276604410622495683328953932218017725927366310143966314511900350111254771235708943051820345825627247719970622478017
0.099566224741095093743550287269398793228596029602115970765620536658757105884377944196520625355838480400212604831179428288
0.10345308979089195121162240802669134426520273507353292425663931169656907766333031084882200686032190475364558545275346193
0.101248231720978817414218674335184492570088287399424781726674442015010983237475551621722504684066445173180139199929852
0.09413198873100609468627925653828768370278431295159457772694902507026224680254596377067966361777586613174750660614687
0.0835855616444818737758119317196166636779716326189043031714622311236322958940163264612855665757372608150464530276602
0.07114465957932479610264886612337720427673864390183849015865090966160943531160597218931673545684168022264038803372
0.05819388105287295286441850344419856884900045979961745404952235090951255939777664635426759368489808876074647812192
0.045829315953509952749280518636488598023074700113007831167826256889560658534730798899512569946279413691666989901
0.03479729703488321851497549555015329013154931862495216408142123070975885314578733030368749412708778896582145949
0.025500434121257663661855252438909071755242755467006709100484453280331254230437319379962818474620916599920848
0.018051430398510916998968358329845217932572885826477511688156672207035602479953616531782833899140184237576157
0.0123516327032461515275006693057257831807739591860421622978079658933096733768146334915958977225346497150175
0.008173639631371760647691677172919948472208005319932282801523022873071858280943892589792600338095430662134
0.005233239038101169250037858494377090990243251456830873703177120348766727240901637988044910583965783723655
0.00324295235397336664243084327467258982416327829447393130945272835424940848627050809114519576255852781834
0.001945578308227312083290987872401429898962921001870612934359565188594243701485101353631214126244443353
0.001130305385325863055387870245966461893629803880490027972677114404674702058737618584596008456958821283
0.000636010275753543135113541452198221306453920098403327636046863949993914447231958573607833341229612374
0.00034667352726737697636682090674711289965496901407519909737480552243833059346572883269917990306763084
0.000183070959451048390345316877673595632006688408139838280564815762275395960034839196119155500608376
0.000093670637187931406581130718029643792280946640100551289811458913458662324342181725924335234684512
0.00004644150257497209446397960123410526191557937796523845091638704245519239647688478684844960277685
0.00002231275117359302137037615735890813204717044418728759291945249624236164663188456022271946126668
0.0000103887222077485976575900941327988682774366104363049343778926486185725324758069046367044903763
4.687539961958944216865344819050310898543183497576825798042927812148962821143429599706062228e-6
2.04978187986356991894518756257310191389604476927720575929647488704623559381837301093032612e-6
8.6866229139597049686693522308163313319523890018901839927114492318104084523249972733309412e-7
3.567558547941713695443586799145755972251587740462578060175171073846916161290297890813325e-7
1.41990720670748227878256952392503164300229175596971799784829811743901235348970066960135e-7
5.4765301841220411782545842599539002504799853923859488128338912170351079299344786873718e-8
2.0468780519214433185672694018087524996791271537157393789181075452760138603507340763039e-8
7.41310726881148838267914700364433213407465412722765387613981516364510044241750884267e-9
2.60140564919181881838846260807018880043511920850671136778545061602487965187846982166e-9
8.844839311354455951206497242635203461150297628474064749864839692071798600841993627e-10
2.913517117127280693219478065127079282992148621947350954015909958424453042998647061e-10
9.297364446468880289026097175199913397775419737049868157980610293491164486041832e-11
2.8739750949755776930928985288500314088864653658281711949618650729845355067209941e-11
8.604994906523315254109178964396557746297247354007506508762348538187871151369918e-12
2.49530584886717146386150220419719618469433488505243209861866183688219271391654e-12
7.0074677346282338848620408729913884216202658945033396470004125510288467632728e-13
1.9055430497882961563780077819129214127677384614429817573898364590491559156484e-13
5.017074516454871671692769685274315040897492546357065887769651127209254987693e-14
1.27881552735312898993270591396223980117892609339193362329267231834471775385e-14
3.1552945578636749033681874452317189404879474057801629874889608707161644227e-15
7.535175033991745172889800489476317555854147040507990035273490037301735617e-16
1.741456632384384949914433854383368480862759003910436603063739520327832482e-16
3.89439501948444075980641550174039220314778666386775322755159296568608098e-17
8.4258781278069471366328263406758250722404719137933016911541056712900291e-18
1.76350081775800600860934237472739708190580427903317751466287862683994e-18
3.56990466938389976228382557117777406246523428392276885487881756956632e-19
6.9886101016603440874399327337178706963923312847269500840027449438482e-20
1.3228440108827992997032853750296343380082427632027420482853161303798e-20
2.420683827673877551436976199032206650992377154510198135869361096373e-21
4.28158574261247371529497019003465119467200658997839115599230124737e-22
7.3186574523225276399537623692216590537573670852384295902335020549e-23
1.20875679972378699002355370081256380926492897299435449140012272295e-23
1.9286132668435196184112618365904791975451756707426695377862874511e-24
2.972113897943255231434274430344132535775360150948845986445701452e-25
4.42295517213134976264073918265129281594720311419767752812095188e-26
6.354719985837616018333773844180386456747292961055290725613788e-27
8.813011245583194937953981956931836531513890637786449276270432e-28
1.179507369734457762132234098506076643458146873362878606865378e-28
1.523094786732962725942039546464247414520589855811568617526227e-29
1.89715008290132619456523770540867679475251183933147634481043e-30
2.27887466998213352816647097338920844716660241740175895518322e-31
2.6392199409665225749590271060981954013570536945719631292249e-32
2.946159928287867326936652185869538532729976446823673305447e-33
3.169192092897003740980597466717970296254030002737843428413e-34
3.28423986126644036279367933311171992525915547728185537125e-35
3.27788951334060804887994660402858816485253283550646288171e-36
3.149940894281005723878593807356866127714366243391596422e-37
2.9136071066317563040541799723764835316177298308082451426e-38
2.593272252139623336519083305958230301254592482068558627e-39
2.220332071187113723344099954858875282915861226481767585e-40
1.82810261757456200821193215821645743175619131404762432e-41
1.44694492147928157222277594855394680784172579853972864e-42
1.10058578892645895213001792158592655740724230045732525e-43
8.041989839364932819575591160871871648431023150730823e-45
5.643045082655539904683817630125052422470587851537052e-46
3.801122092407278921488179716668256503065687458925684e-47
2.45692233200389953526980961396263009450827038161426e-48
1.52328185449046568289222518235108345479503203177573e-49
9.055261472879664927341672258436909972580426686528e-51
5.1590625635617163244213052086227869152833120079762e-52
2.8157959710970441759333158185882353984304420227949e-53
1.4716271435934489338556873124094142664336589229723e-54
7.361395068390224783395312961428286474133128309861e-56
3.522746127838627396236763085571112495996481413344e-57
1.611936732086979819506255325594897737544665160736e-58
7.04919820728237286251908863296982149772996535513e-60
2.94461844848559968286442122005613839942256984616e-61
1.17430506701701600295040934650189671969605851071e-62
4.4684065093121214499407818257684192447072863938e-64
1.62141191706687243995536937105216213035526349478e-65
5.6071685843990282578890007160879364004190315561e-67
1.8468651822345765846647284810978763606141641918e-68
5.790160344316152556782605504221225013718087281e-70
1.7267226841737724177604561386903270434750159433e-71
4.894787475954878243163387227292639124563263042e-73
1.318002762937851138864883655679840558766951676e-74
3.368611048740888754471283427828798097950756433e-76
8.16594789784201437578775535859266414278609355e-78
1.8760324493972109218028642622444296632234503e-79
4.08127612050791517570021463353458937099174763e-81
8.40047375794774084079992453318185539807136448e-83
1.63448033589020914988498179076961647175575729e-84
3.00347891741766644281850118992695771371903079e-86
5.20742901444840145890935462880780472399614341e-88
8.5102849887161106308940695523924646887713449e-90
1.30959537205246816072223051868300500989966182e-91
1.89554427761161082430716565116797531921130812e-93
2.57778130404827544997081806818184561994632897e-95
3.28975810813204378262792143481028241356308413e-97
3.93509855291227474488041876112090902037106022e-99
4.4062096637287378196477854486046647967121334e-101
4.61223444691656629414814267744729239137550925e-103
4.50698387105916998736676237541196931118997258e-105
4.10536662592101619307294837173667809471410644e-107
3.48049729427896910063213076563656549151881028e-109
2.74191003344165858407110630866724762733853651e-111
2.00378664623385299070338223362843060812599596e-113
1.356007454441457306239822590738248096247158822e-115
8.48145237498779765130914617375087412930962744e-118
4.89347452285986450722834082219696017222645008e-120
2.598947616646601135563305500579095581948189984e-122
1.26780917051159037899047193811108709878332907e-124
5.667274249802166853300936423195281633319785698e-127
2.315721968609290469011953969175120559751977873e-129
8.626868274718343840141799335058978545970688949e-132
2.9219059797146804825817373141327848686144298285e-134
8.970980260049247103243370079932540130476890217e-137
2.4888781142237494779593184253644257613726474978e-139
6.2186172985354001299643311174976228049665475482e-142
1.39426239443132479739942828262886249618458832222e-144
2.79432343629070957240242534419474335163336657454e-147
4.98524141286340469305734464047756317407065048183e-150
7.88188335806613003633853083211677000329309560756e-153
1.0990315110845556859332319375113536580494191674386e-155
1.3444831826404467003750384210201943303336657086892e-158
1.4348278389869720438252919088593874038647809695126e-161
1.32757143413729726918615752715530502331754382526664e-164
1.057779796005141906548771479352236809844378828259983e-167
7.204335465385713791930080530660273555948617731136648e-171
4.160170515692764399731608720111070381602442488146672e-174
2.0185055255863441184624824026890690642611007944916525e-177
8.1470335179056941611598526251581227457222063482088892e-181
2.70496850733893884439149897313972491736500656207226924e-184
7.295651368237776379035472142095607070733080174798548454e-188
1.575952461893458379368212068025367680559509428927247003e-191
2.6828038232376225593498225979253863914617485224411243519e-195
3.53316056055839585664351979083675826627545706744028554996e-199
3.523453796001642679764768306288677316583585961149312032645e-203
2.5950230121901407298518378095045595619637252119574265792421e-207
1.37038422644299289739656026476447986754796311464559587009836e-211
5.008351321073234859024781322764796606768099423217078848074096e-216
1.21336423987741201554473639230592823894712509301608843646975186e-220
1.847336081404860914285724294191812655863845540897339114629687734e-225
1.6518445700380414896304912129987004366485856365298074395286570327e-230
7.9425031706881189176646393004405614585817092369729310403110646363e-236
1.8230578394936166753107957282331148002064374790144861477165443264952e-241
1.68808106407769976720222009898800496322070514586146117967719216009926e-247
4.893730951424187876520310715835638487241816556722097693503836767995116e-254
2.922109847886640291069693987730644531154425812712081180584157427915633594e-261
1.61005349282901878673686078196939928782351547877006776437801886478987108879e-269
1.03781903434281002146236479381886562257011745086445596605510961480682151097415e-279