0.025775169252380363440805234569576211405583595957414347525997077218703687121440486701761104283368602923581710066188871999373255
0.0574592546842878212969641740520240304881726048286415439035153035513612638969340171187913790168105014708999814113675505634529
0.083522166757286790614604561961284872290183813181265862848689862229670604706313625651613902315360907692074249300554046102615
0.101779393402845648152091016895055208836920065482440352953509867058421264366385643735715669327296142436181554846576328111
0.11128906105954835494073780008664929566737354459438643978630085766434903539934447095475264122658431726348888601117619488
0.11233511808117301892960688988363135409368818318636472464976063826645728417382455847976575963047605977900446798588493048
0.106215605311332672115108270017591488307409607934485660839694403360462567401491108527068358170631887991244128179044643
0.09487666763695328770399278247003068383790591632611885507151838156415169255625956814700744289845790653002242581551792
0.0804936942356712212947814094587889123856840082074803782975298724993568627248447861801764804397693158220210350784247
0.065097189669080925731467862915757472302020597930793246967856126899194917791910407624866612516758070368302313899978
0.05031072747428769376131716704730620299429861684876593890739168480743942648787594083048566370795327058768008390759
0.0372268498053416402633292894986325138035035894436102512924800896363441204709074669614317448201784228872197575012
0.026408629875795804715929443237573113442484051569196532229988470490817638026069581577681767079129832193037931049
0.01797976109092845732340641222300570542222789255342780289289933937651028819779079584491354557523264691861759388
0.0117577009557009002162442701232746186954011405082394640444458269036683354598213883841573631646523806256728459
0.007389876599655196159551767244542336743763820162731924912158778810952554830263428158697834361702932963915236
0.00446628276607893151802111309398224071978832637057074548138499729093071913908649999338539809697086042197571
0.0025967047135543430206237079130678108592230956709185168176243648700808811224565972691349928123696463309179
0.001452793228538510012855385184637683398910119521383077468376564770623089855643894166398441296425384892151
0.00078234615251398548525802797534780236664594428761552711014287144019171006727625168510384783964688721886
0.00040559601639974463379675114908327556533936473191836179925360416804860306769599555852070784192402770369
0.0002024670389834947674909681481373084796866781026459014385456654742801844872766574729225381030786329288
0.000097326470004006053816451187122270970709237303585777639865569100582637839672693241200365059777383626
0.00004505674510384860949642587622465494115943576152316509982258293536675576734882182704361623204195
0.00002008931471548562122224148825226429141987909902219526262969852287279093770861552172086142496976232
8.6270183770818759710827092157033504326985226113197507331465011715976333293315713348142458516489e-6
3.568216822388736544499529146156260550096307257234294425583186881853503755804282649325899987057e-6
1.421454817053915480603680739573257625769699125392839413539769010743236482735615031821808126146e-6
5.4537493517556146024809857622174073047246141074985463946102173737200409782939371129243206676e-7
2.0152076602505661346162341782876584590432829539074889090648385200244551294996966985579173e-7
7.17105347828703584047495252800258406490989284794660502080969480731129302385413467566336256e-8
2.45728132800506487652047322422672808576239588849817847434097773255616775240881773572880584e-8
8.107750927897684434962625342109932270246582471263014138740936195952761961875329179039925e-9
2.575604941004480349991707019759516109825032595237797029153355195720976985435232118120804e-9
7.87673646797746256975703079472374229432271534049985741240724250047661843100800710368397e-10
2.3187388002245419983225295235228128514142239517971284043686725566261538142223636639228e-10
6.569639507477972991279593210627391310883031845898860287083195601818370053434344817778e-11
1.7912526356350823456110511667057871619219096932581086574720791032611722293557699676e-11
4.6993185684519421593394781180414417161077233257713112963931777595091073533132625461e-12
1.1860654455806638882443656585061811071331394872050713867164844376283169907953954272e-12
2.879433230833860593964821860726335035449348746261031113949555973946128165597222414e-13
6.72287077959535012359807395681120584613266426490069893428384539398548190912879332e-14
1.50928987818952491115771108980215950758072819932816723273851556140481412304056537e-14
3.2574473974092496433418641668088063405008866996920975171161443981702943591104806e-15
6.75743199181023810781905645968765009818507657065952648369347271453875639311846e-16
1.34708212980846981117903718142440631721132330439351335925679866883847599400021e-16
2.5799963216114329597612456648019184103186472981876212271459376885772624953795e-17
4.746320726963326997508365142551782045859989909145396798120627252779924730828e-18
8.38502247743597958284554045616232699538459077782741420838826368658361689201e-19
1.422173074418603143361594813552123974185910300273596997965587381866249602475e-19
2.3152043803192136558191266351488279437396734283667513061034395341072898413e-20
3.616579902130530541620285098146015493960045885530825228676612584045611208e-21
5.419476322688231778965210827897180371501447994058305791673490448316401625e-22
7.78827353162861685198006307884113667993051170377929476951651317757887948e-23
1.07304777353240269794888292106015949922144571750071238344991046509603616e-23
1.41695303293172440350618562781335583124354793316052766066785320197992057e-24
1.7927097358826615049031852599730573614264691259917733515328075315256231e-25
2.172386606319880921033107265885618932747105295098658591897938897910578e-26
2.520496633235931268195675733414492168114989308496072986884341673993273e-27
2.79898671214016173929117687786004010055078603790186194430307415171024e-28
2.9738532380167307444197530328819470628488802630322538046787740259936e-29
3.0218626611477390273158671303819463455301215562727422982541107502994e-30
2.935573611547054684643830154220737208589770809869686162805458544984e-31
2.725176924767855060052612570292426308558327406665834930305051504395e-32
2.41653976966339926849294527352485291903786708079612670541016419665e-33
2.0459647320187897141803107512710572544770361829916316997125125161e-34
1.65313330983919524192439182443117738876217789841358299373226693693e-35
1.2741384420688511826908243317631004852390518226422233604492702848e-36
9.362901372252674943417525905921038103236782908370577634204971388e-38
6.556434934149692953985129670740044567499903211088918835946257257e-39
4.37279307602470406986335029957856795411362735338647553998712858e-40
2.7761696997367743653787326828687090740394859061219436960316915e-41
1.67680422158293612528569502603087013408745392179246997882132293e-42
9.629688819064299681364805313894986101463525136799895272122605e-44
5.2549730879755908576041505254588280964479143072846662898679475e-45
2.7232153307420943003411445758119212337742872596888604707959249e-46
1.3392487342037311296880300081860101492419649336915937672253399e-47
6.246143468139892680146961132816476127757213504590447290651233e-49
2.760745762970708131778209921290284091290139440142453047378077e-50
1.155540004830721822336891633890268649437015456750062780525603e-51
4.57673219910087520785836642741721359237429011632943671517745e-53
1.71392819755487688899342251833055537360583408887261240904774e-54
6.0636923949923135556918605314448976418682794819949261544435e-56
2.02495480609607150048223991728895088688711821912001062327439e-57
6.3773167239740382896920476821410498169400606231760167062808e-59
1.8923424714415108627403952818314936889391050452047505751515e-60
5.2854025706830769692921371209627370417914723448740045990826e-62
1.388137096350565777487048550989655779111431844651099965899e-63
3.424544365591329515592611974782966370135759619570520300192e-65
7.927007255354412884267472800613705793735764464972186151988e-67
1.719689558493242751101987360085803838991627734674183557787e-68
3.492212108678724265407155970351431997667253087148338392475e-70
6.629976739171736613582212261702456099890459362200902770774e-72
1.175193465177119309888933674390761804165446974709043764558e-73
1.942183213294447315774449752870087375213077067021082864423e-75
2.988288072724113162378045030800044940684443019872296901282e-77
4.274079239845461231051468416618942848653284603251055510218e-79
5.67352696449675558256384535332929514541353998590858244862e-81
6.97783137833764401097334501950377136308876779377335614622e-83
7.93728567371114261870052395143399378865399238510070579803e-85
8.33476265143655970033645060767538872998163656296794578342e-87
8.0635161419012653182879851823914377619997049416565681962e-89
7.17227945193046492105733096330512479049483073398986935915e-91
5.852348721736112598905327365962687280355428646085034602033e-93
4.370437699581474503894833635686595276837874174666529106428e-95
2.979618876694793549334074230363980309023958836054486148979e-97
1.849648168265710734140810481206882135879473571914703440755e-99
1.042528234934161593419012324173510470720037023782901814507e-101
5.319289125067605131764636267630647520973862250861160902609e-104
2.4490321735453376210908637150859935462664634273421064738848e-106
1.0139602913377201387112533395722030456931880317628993554538e-108
3.7612803989736692069439695248487961130501449209464665426939e-111
1.24515188730772115243139357728911023194161543201752587758793e-113
3.66295857474109604079586944304870654244368115984302616400083e-116
9.531658042822036359379121705989746197723355051790351848415e-119
2.18308386318654918921072335038304350323241783879015036168637e-121
4.377149639372879154883567465288991563858846450047413060726833e-124
7.637934082777176652725434107574189778609767311683362002933894e-127
1.1524754948441913939985985287720858592062776244302192339601479e-129
1.493127344952037197115206024956484940674669297476364399119365e-132
1.64816478951655286388189670340324401841328893728372280308798408e-135
1.53679744361511322809653125122253078424338560328867778900903018e-138
1.198963757162803756691818169741896767541002859810762980137557159e-141
7.743702646018457392215688013090239504515353535997752654965275809e-145
4.091266140877411490807162561959521634491908356879130318911112992e-148
1.7445130276416415865136274492405691232639893792019706816066401716e-151
5.9119888804146565338660912876099093117398442321076903888845738795e-155
1.564573614561952545579253581476664776601817908515728781858040610576e-158
3.168298861396721518280101828656240688364172734432235344390529849831e-162
4.794064232555468186997945165218247792616082943133833510215160880813e-166
5.27030181539294168034772844188528872030677518036090031615511944728834e-170
4.070250051801267987645465049132046851982270069814165232153789647630988e-174
2.1198479008832491903905172686799187275695913083340271627488766274088404e-178
7.0776259535317418276156287062113992328760478676202357328790597807313111e-183
1.420677185319850301081649603461640383511122977014777210205920171376293321e-187
1.5769390986413392308074847913570331057653091445730065066422344163613077236e-192
8.64661461519374708493852368492565385805570434151814110974234845292322627351e-198
1.9968779176533428018300658976289270666641188907172598884431616629684527913465e-203
1.527994885705421357289628827583790979739709548808137816840455585858687142547355e-209
2.6070892700270787286019066001382547404656294343701604212853781054395499439703862e-216
4.644011808619201913002743969475798800819269822690171280825194389329815897944902947e-224
1.229491211058251682435633703643068895432527357188855743685052521786418519820531161574e-233