0.019130584527593137913668940181665828072803618347312551647744681682181233455726935986967727577011706167823245934486107843490097
0.043128360905632727715807129677248536101507757827339895007550333180285826799448624587825599900691823066792711062710532155108
0.063970373744182784143931952137996319476464170697509727619777411615652942208391039522937233659571428487597399845137631748951
0.0802626457693195627193138881147909460566085542063256757021779594918321794495920168835321673597698221401652771593410003259
0.091177701464180416179460777768131477367630498594079060149155277812735366234460469476896143477282224543230212161785444828
0.09648171100175364088847124031023929299786781862412990366088655597790608700441516212610753625414491992646515989609428773
0.096500049434102582803815591944272029642328754809806965865574137848220560377387521440676378349654958976537922552022936
0.09200928770863122530516757007265609625296735194814202279521787980298196112099464747931805310446094194203469229839727
0.0840810914818373158863698436081676990246563554888966344583470935940013589650550843134935240227458614002826062975534
0.073909995609102946614315725686574738361029255072478749417122655795529887266840841671884589463962162390138571482734
0.0626550891874197054811746240073553486368747176106366819993769655672473936948245014243572879096693029133846395418
0.051317855044572406611146791714053544485043270296121395526409731812469273147186653107037304602785028801639965336
0.04066760298663254449664517430806226107346996081768748000775556130306549558549791777217144063111598867181841171
0.0312150992986613994068226007703791534939949461786248604576156718380584809057096627219586614038757803241870552
0.02322649275987305581255697226934733610760371219725577566188204812738488588055221999801008461545014558729897
0.01676474879915610573812459843105016314702155933688846898328965727971261834325731049034886880933999274117402
0.0117446484007114824785185003066372715513570646716237124841861854532799033384253684137037225554926024217001
0.007989211197415398030998758146247482613883275467453803431584825960164015768390270300067625778239547335799
0.00527892844365022980235104491471497192045286498156754886527222746003553508186570732967325627723035956357
0.0033891859910443146458204976601387328059095107433457819562586471373469144893620905329025916743941764306
0.00211475701666907506934287310103207219645213489828827746659631775533482101637006487708812808326124208
0.00128271629868740153549103530670387888750706961020865595200699889530646601819442178378665035671533592
0.0007564504304503916532874315694354879077058191004849229507967480802496616225025754020710732257021734
0.000433782654423007178833493731032878644181861658423477445511351388866513075002932923518324024098122
0.00024191191321675540618111464419838703881396864997948732009568978229958978152982324619339497431335
0.0001312133909368362617438176933096685276762673242912030381284744325904383817723301525780383287266
0.0000692260487158568232964544823149607800973640628637019074019054968764955754186838797413552515224
0.000035527060208888770714967487184360082244268270878367304731535542690523372491828716040146861707
0.00001773655423351414747850646288426642910485616053247590020783237308740567085259205171558637811
8.6142232851462727288061273191181319486676999473002881228756672379050949267695902208358189e-6
4.070163428040480955059565112394525547718439823620407995175285917744676095700952998504502e-6
1.870958559326061275795762087184403404286057821123492100631297782065806753244114848345802e-6
8.3671399388013907262698861230275445825744209291842320991642428655761939516415708226823e-7
3.640415266356204679152001447005157604589892607552613171555010598369844664456400409385e-7
1.540930915326042260343033853403717583047049527775577636433252702827263855494842725501e-7
6.3455336537584765966736528889554427022039710466375096826056466764877253836879853112e-8
2.5421288599389288895683961147374499682852459179854547654506067849197696839932248767e-8
9.90741946233181584960173009386175292345434948452940623330806720785013922364132274e-9
3.75615841564296550197275394191337960822027202873895932110715289998351935988943741e-9
1.3852627278431979018518417874642367329497752994880199764792682893975360647405036e-9
4.969442963728270623781369434018628891727951869680608352136483830727390412045301e-10
1.73400749512651777452669865510560291381654852840548932228038070451801525132549e-10
5.8849174293503690611653858641787793941955113998508600879878104207308199770078e-11
1.942461843486466412141785588830688578492372956727146813491159048391256808011e-11
6.23536828042825053210160134965942223458731313825579884785516381776246414658e-12
1.946445421034387138986552535501866917600071114811232569259147870524225661e-12
5.908322211602316364850186276494853070677591767979254439467014252125525995e-13
1.743803626781919735147142849098626939711535780819105543048898361543014344e-13
5.0039210983585727406932493075966832326279601893757607206703917340092917e-14
1.3959478678415484362059443778051095449021983082653147223310313318278488e-14
3.78563402837271400626339718535166069270765344641801983053246748692858e-15
9.97888398788143829124167649581740960287953534904408254938897817921858e-16
2.5565890319363230977889869032348223206527588124450608670744000302192e-16
6.365545132432791791593784945185863000639866180735804908215881257301e-17
1.540155610367554390538799408995763186005835489336171835041502369365e-17
3.62080360601706636777121772919845896716751358262699471485880149635e-18
8.2701275242102436778604842430918797449494976139519610783131228182e-19
1.835017761111849034096491812352934035014858469174985529635062136e-19
3.95495524230276064126789354761863543257488629821434203574472894e-20
8.2787916962587996802411499785156148208782550986763441420867777e-21
1.6829286147637215449403873237723196705652710855672069664842972e-21
3.321891801226013086631420643664002055803651990820151876194324e-22
6.36608468925742130486024704812901005844053450262505402556868e-23
1.18432516728481391825841628058386460661570943863736318664165e-23
2.1385724261170897314448107520852922838823048332394005298662e-24
3.747767234021589239951446218778522696681252613863662153647e-25
6.37318321762649330975696155815427208701922333153396629234e-26
1.05150936378220959352574401224991767673914111862674905533e-26
1.68297978703034403795810369698976310145003507184787404959e-27
2.6126905740168598950036236338121501396608675390901014328e-28
3.933443321299315615588515117905336812430179648895045226e-29
5.74201533383203353229324479832036223626205791032806379e-30
8.1262685003980883414842504371089344678567267770967212e-31
1.1147572283659793688598295821525636452184459239665286e-31
1.4820291440282057956706754803907684867631203906082942e-32
1.909165350562504957730134725434896202054862364824644e-33
2.38265803277457683409948839590844254745196079725742e-34
2.88025021775450814354217719508875459152339636631273e-35
3.3718318150739861267300513430191097030006315429974e-36
3.82193652240353304436912251246415254601106442984e-37
4.19368111414236384072598744424465414689422247653e-38
4.45360744882043840896599980855557108835919074626e-39
4.57657910550081670440621589976772721671151335928e-40
4.5497554690071202453415209096844909999275460727e-41
4.3747806223658845546692700592226317567179999956e-42
4.067674968684799884352977433008892786869247487e-43
3.656419144458666834675741118566097334902239416e-44
3.17673409539884146231208402907413127808287964e-45
2.66694213306682321680390815177643408378035552e-46
2.1629378989559602388245531662646799550425969e-47
1.6941788724242540613365245062253179733153788e-48
1.2812777901022497384486547083646311572064207e-49
9.35356554307520085931878239959527131827852e-51
6.58929350259529850956275150914051650202896e-52
4.47819450276051055439441108742707882552922e-53
2.93522127895589122618684760274609150400793e-54
1.8548998252844576886646408333467985492126e-55
1.1298119834524848384557162792432056602015e-56
6.630690065584146807468610633937915818624e-58
3.748306308959428303014635744709578773722e-59
2.04027295892041505160362883301986882821e-60
1.06897453097905830924215677853872601611e-61
5.38911175503781870734549616708591162673e-63
2.61323411639394512149272615548278469357e-64
1.21839142420030093870035020907616426466e-65
5.4597680871301835128823565286985954112e-67
2.3505369325250022512821499789068314211e-68
9.718230422859696422925743306737895449e-70
3.857012898400767549877652989982263181e-71
1.468824775255503033090198621522223793e-72
5.36475076591078642060067528949308192e-74
1.878406898605619767474488126284135246e-75
6.30208521434481193916342808939394644e-77
2.02498131732769099186597477633219441e-78
6.2284663431921719131244415281058928e-80
1.83290107891355022906837380276249506e-81
5.1577722260114686942874109477233688e-83
1.387109091429047813887544137541832e-84
3.5631726358714628427656987106700257e-86
8.737463767856391364273477222008857e-88
2.0440539575986108819058668287118347e-89
4.559164271439597071784852289476401e-91
9.689077359418251501585388324438519e-93
1.960617050406322467626259029600047e-94
3.774984822696103774551795767130449e-96
6.910957319122883093594701615459521e-98
1.202096479978806452418141770678526e-99
1.98511023046831947913309343363636e-101
3.109769101719037468379302507410632e-103
4.617546134851966623340979139852124e-105
6.49324784594126686099793412007498e-107
8.63961516094456724008280074473435e-109
1.086695275663031817347201949999461e-110
1.290879912188550347256611508845942e-112
1.446757971162145616460400934036287e-114
1.52822692979158531101914286364415e-116
1.519824137998741694498313145823771e-118
1.421426925171270865924977592225897e-120
1.24874298894709606754911246409976e-122
1.029221165261496435879788444149945e-124
7.948370482291111319659233678740986e-127
5.743851984504312000016231966577175e-129
3.878643870405784145660579056478525e-131
2.44385787030455691321809853369659e-133
1.4345952697307081169755142424257254e-135
7.833330315708752315491932851590939e-138
3.9719080522365319580454264008020051e-140
1.866909291093093593140749374137966e-142
8.119231503808437524602738828738923e-145
3.2608331120212587689611762124260413e-147
1.20690493921738029244091735517332368e-149
4.10779141582816656181046581780438959e-152
1.282748888125745557129837382835941114e-154
3.66625566830515044235579960064362199e-157
9.56620089584584948714802915701178284e-160
2.272543608423157434946910915103567397e-162
4.901034329643749309840756537867968701e-165
9.566048580505155696447368899268838458e-168
1.6843230134419032542303792989473106675e-170
2.66592749669755138874987247810374673633e-173
3.77900501201231174971129980629261948879e-176
4.77828051783047954071025391489104062101e-179
5.366115049005496480991203798101362435269e-182
5.327549386329732175153018015999715582948e-185
4.6526298169463920967788844234317647362044e-188
3.5548198213597575187663176144037301980356e-191
2.36225814708000116696011092927590624971453e-194
1.356570831090557800677597117839149292983094e-197
6.685275087123269275776547111075479168952897e-201
2.8055612626482361368564026544331047359562904e-204
9.9418836591734719115577132875705410479647424e-208
2.94715009386675349722279298552014732133063001e-211
7.23279304353376608575689448568663535191377268e-215
1.4525771085041283062746731401490544340825932165e-218
2.3563580087156149887140553034739559125107815992e-222
3.04239901972519213856120895143075096288682704291e-226
3.07458146457793853766483041289204926205719188024e-230
2.385638498081674806578642162664467101048953004111e-234
1.3900043813172065135745821011547495728937057059868e-238
5.925662429129881492374269286347118988257018748104899e-243
1.7923730850781905544772492031747371529362448940088613e-247
3.7077611898880723112628166316385884629019908878210151e-252
5.015832695295265355813437981025847584323939926621632691e-257
4.1977608849307162517068277733587548212350532651956793636e-262
2.025689379039775904695679529909697101491079778515676392068e-267
5.1423813441994362618197915712229004346707674818887855206308e-273
6.06714855182569639949020366422851051660925598554726152871246e-279
2.7921363178755054450903734325786221808946112804255404969798267e-285
3.84920939756783145554099453946165753419392725287242122178919883e-292
1.027626368457062060905647075673574531146253357549790786567642420478e-299
2.30036779739704534975128424048908374370324504095147920533178997442146e-308
5.0052623652247497131544901766264033140452855998190920314072080109445649e-319