0.021578156984868080593723054152844231739958829337097109368959552720999199364382311326901302111426953387604191621291198949066192
0.0484457341014750438748021422075223845694880118871270153596859514491228239409551008567032086311590059288667721032117077359592
0.071325425161773813731829276565109701552542224500795263465911004216955506266888589569446801555467673268724684245108622589101
0.0885353709635943774032433481909742651187916747102612376221479047215042575263600248471927099078975461532421976279294335169
0.099173047597249241545169117961733622193850150002138805357636976820653413194748513169406672879599872767976413564260763027
0.10313690956766214883376286484812549241258295026718277845396978218382471626107038943609423902041054116461143801147901335
0.101046540978332087510305672323233543029715374559890523120768938774034983116411873038363814890265024680145145432994798
0.09406088089878471361034638504305194088403666517866356221035475125625958271603946597794955653346587113014623558180628
0.08364027671635759862304421280699103229318741863807305068287119610819821981749854528922878091310565848169261496793
0.071303957209209490013761760638955193151921209596659166177958458292920624864587886868728352620912753412123247139704
0.05842661160255615271755863113696913349971594886646216226015783247628021278483603038950485465865895836881646614244
0.046101379561501005078638697056622520447197722494237952535763216368049788350693939708911481387083303918387257568
0.03507749396053901726568266224696079094549349492502590274781990965500150156940988753221538677164786200277231135
0.0257643205422062544484189877608613252189144388328266365433775125900211912967782670167211122002719248238605168
0.018282965483662124351853732311462464994831857991610631235004791167873182843543402351370873764827200206876567
0.01254294128466224072194817550598532985621343721224410509447932398584067538712517861947358758452423669906376
0.0083235177655349234343154255053435560965754536964617546922716107791967173332912810439801610409594475231806
0.005345091222089207207860034507695454414935777011152885124279805014389819830767171558395056954521998491818
0.00332273190388361900063869839909460780796931094480934646243976292614492231896280545520166976593782659608
0.0020000969814363685114220077458793387819835843165987670903214247083391269440821657951123038192510976701
0.001166067107132680512098730723933895247743279676731816048945850124689878135941432414433676394398157026
0.000658560226289633394854575666691793335162203229490516559925528671691975299626908530659090566300225627
0.00036035810782658942022727640764111092758215483258709030310969952117077736563325508132012388480998196
0.000191070840662328617806391612111097206440436423738990937933924396113704653553157721430497324689435
0.00009817916345533646570006865306929299258149504719787231795133445331660294044910450506582811012856
0.0000488925924342797011741421138360558605347085908988145511970825722553523354297957935110083510488
0.00002359888313241742863994095425993399094660675343768100184944984497594264852364639290959311147411
0.0000110403566568720231824963225686793841886122013129576885688726914555211120964840809575954223483
5.006454614263295207153675062428836651623538268582146015135209853251245807310729881135936057e-6
2.200592164290643422064343693246851952993328064512852468759219900349252689844009120388035955e-6
9.3758876859969227345336310800352980016133842832565594345312283565433056152359234373695348e-7
3.872091392539988630894213184506751302589054638016458524183850906362411485804195217096238e-7
1.550000145301099918997045639862341239109033326504524807806193159193633457662199257446895e-7
6.0139452392444331966925753372968476567777231967095225707972800461676586137054422848713e-8
2.2615896760967067863670685180656754168802940755597934705326465595898530472743194178372e-8
8.24283104634336311364730461657489413667565891613813027487152762959951965860732131575e-9
2.91155943326059023933918338783200143160248964232042455455612327221233738525757295815e-9
9.966370075179856893545026518826189337655063855317879035282770553584119346564587955e-10
3.305848757660390443658526925298671737985179714979543771365980524035063314579245703e-10
1.06251079153439903693962439007973000519300610081802072692226800094526647967408218e-10
3.3086835989982567108883143671146524564675389614692661069603709211350361615252331e-11
9.981899706760538605956106625054852820850377988049909028209649739827824833339175e-12
2.91722077647596612006965881945250123214967675314944374523064481362944299573266e-12
8.2581572456437849544509931204841686796063037230307892164196135050474634453716e-13
2.2641853989017939132428300777648383420089788950286588506426284142096606525581e-13
6.0118853887901582401760284030109711440552161391658371236242148181260413795e-14
1.5457235785128125150083213914065018090758873061423627855873688106270402379e-14
3.8479167405589115390719285299151759953330262571395431376627557803406659487e-15
9.273425263276345696923686508735498716698265332922100182907429633690806226e-16
2.163321493997820994258927168496008816558486955815653195828426206505271434e-16
4.8844060966826606434982708449830873765877066513217997952503491373185502e-17
1.067218707308858966585898101613854036203728786725828808329668121833092e-17
2.256238110623984059646278442482695912743726540358086895982800936612863e-18
4.61469330828224183801517819048449436091950175388235527468112272935667e-19
9.129803443849707197373272766572060075676032945023249560338998414671e-20
1.7469183630895028871080364770282564354684591933772186892269363351233e-20
3.232257528145313295101188725003392554445818057345712570799494040524e-21
5.78214049770740799755878406974770434413446056446321433744459809955e-22
9.9987432517878215699210454788307802999849662557515835531011136907e-23
1.6710851449351060078455288434644410779720708646112839265454255951e-23
2.698782711902373173038418678452913162402018312327330651929732764e-24
4.21085889953233639783895999474711736277358167333814744999308031e-25
6.3463138451642210082580341656235136908772085482527898306685266e-26
9.2370332002476787231797940430336311151514898244995557415950347e-27
1.2981141513614317088531250339733229356708181948235098679545499e-27
1.761040107977009961658374585020933001214893751344551404162515e-28
2.305713472506012524006653546813070107808851446954701437358843e-29
2.91287611517968734942752266973845563251231690848895946627669e-30
3.5499087118427322909693645955896526301624718771425706477403e-31
4.172397986890288728393645727468286122403683780557678379554e-32
4.728456665052221916708466410723065686809389508811940163724e-33
5.16543412326101938423675633767769623840193198188204179596e-34
5.43792581206699005063684636665263794641151531846480561029e-35
5.5154469234666150138701465276968821863577064042994626243e-36
5.388000180704334220685717229778738036007432878601889679e-37
5.068143131592728069402372558126335728874812668489133719e-38
4.588975790544736251917224771432635280057022164960380489e-39
3.99848759090238961703503604088628997544408927049576856e-40
3.35160165345215978958348555124217996917442873595666475e-41
2.70175050099232224862443747273662445406247805873124869e-42
2.0937733976575047771115799259236241553800253986771101e-43
1.5593974095657465673440092335419333963439197831519813e-44
1.1157664587295427767129732565665427552357426973075767e-45
7.66692548399944512108465441943126037966248067713894e-47
5.0575242178785755902681867075988557765682645818179e-48
3.20151778614275338464887666832600877080914250694179e-49
1.94402761558447640467863496097271861652224031275683e-50
1.13187788877967735400813425975000666947686081829893e-51
6.316317633073867959486059721446563658286987409534e-53
3.37680915836971997797611935909486425168789286067e-54
1.72875035446297540105260703532583518671486853724e-55
8.47110718006067819957417464832932236442191694113e-57
3.97120912861985136715257309578896894645754968232e-58
1.7801883998596007486704405850121930749405973199e-59
7.6269141006509202325632619659739411346865557471e-61
3.1213559909172660410076324990762584777989638244e-62
1.21958960573595580507842207202068690539415226233e-63
4.546913571128491529155691925977938977603775512e-65
1.6165931444855835927792021949608599054410486352e-66
5.477795282169473400579701145034213097751890457e-68
1.76792159904321684115822908136680809193230413e-69
5.431179714706779214129265147308242966014201826e-71
1.587126095537141357830750079738019606624922651e-72
4.40876276368403392701574789020623860009060145e-74
1.163325811239476352819281381432098744644132175e-75
2.91370419356022142481009764654495624682873005e-77
6.92177395428450328613536639068063172828087296e-79
1.55837977784071937280383895147168717177974141e-80
3.3224332539406060558472711909348570329294366e-82
6.7018669551213919966942636687490079436215092e-84
1.27793002749796502014860341270853693548525451e-85
2.30138946698345089657744774460539017793140594e-87
3.9104705948053842589302608887029191093033841e-89
6.2631241700943480199120216719134729473902631e-91
9.445512823788544777359355804187725769455572e-93
1.33987156407324627580618428906229151866863051e-94
1.7857248120764914003300225443901532918458606e-96
2.23341327044074367410618251314754933482179e-98
2.6181458847794968263264683125078931129533059e-100
2.8729753332831226353364614825158602488184879e-102
2.9471413292257384710016915431483984593659253e-104
2.8222252350168702758093037124071311165917429e-106
2.5192181190523869508273657140778308953455381e-108
2.09292738231175525961901311958848271739927049e-110
1.61567768206227256625343941752318464433552854e-112
1.15699103978263060731608683374714629610909841e-114
7.6719285957922659263780738287713935726628368e-117
4.70177887769702225070495360040300177248098242e-119
2.65792577590080975532906251339671283063515224e-121
1.383053775919655858358996692164913499068852209e-123
6.60986033136601713608308763446954122091961215e-126
2.894600082275437664352852369422139723608064024e-128
1.158654529295196029800233173786139071884953024e-130
4.228138889894230238263071147811452957747720065e-133
1.4026978008182871784024952781578294073695071461e-135
4.218039791475972135450454033304532381206439135e-138
1.146082990887290192322602004670245836402892473e-140
2.8042339341770193848335926762805315582614603439e-143
6.1565379407697287721827242121856629846877000833e-146
1.20809529934834904418345696138777345270543352529e-148
2.11009006841617590497486759481193546847009596976e-151
3.265800236177510014456372514904289058149187006401e-154
4.457235461809582480470984521408109676698159897847e-157
5.336466806549795038281903339188904991424006049618e-160
5.5729387793159786461464559474306738774998831254164e-163
5.0450668420628991969579808148426951424607116734366e-166
3.93244264502485845447509975923753239744813795302436e-169
2.619674165079954844279038155200790304621180658841639e-172
1.479356409230239710956324211410989055585499990598842e-175
7.018033391512498713542612871853186236759804836418069e-179
2.7689610825824975643118004786009800665697525173884892e-182
8.984857406662064963856529421979332000175474220859319e-186
2.367745931402049246729753555912761658712599865920120547e-189
4.99592626763389668727532286861952643762911905752215831e-193
8.3048431569638711482415211348593968119465091966866192841e-197
1.067650974264456590213131003120584876794012110543477009839e-200
1.038952092388415352492387395683719199561773307945097039546e-204
7.463589810552227533378188769931607540802535061281141644592e-209
3.8425941154785929848830262822435907802829503508718307780976e-213
1.368426112168752701040807101426872041539009020803778628079416e-217
3.2284766211273201124152910937683500164623618197074809627458811e-222
4.78328413971993733477511061246361445575671093214710241742810687e-227
4.158762604730323522983504052430888586346757783387785098430700621e-232
1.94239798554179405448837704304973218829861147768326120814489475014e-237
4.325571210821830220872171950497847221548865496504819081928991408094e-243
3.8800692278485720580808224293995170019804796316942184762356003864406e-249
1.0874878041898189271398369726221008564725337479550989645040453231827453e-255
6.26050828012708159629141116613552835378558362302356277100128136493937418e-263
3.3113305185700300027327307080091233063669729476452508032734935311864068944e-271
2.0318579685416150237947187016626383951145330988732859506487836519304137774412e-281