0.015085959851562065461488597617861483730906292214559305931179037211709510951652645757424472607803848141751305109788967031138371
0.0342424374579898834233359654853591286211584368689218769038734480213304559739149042500303384852550214367296887671349256736554
0.051416320278491759180844010775085934027105617777656826655516192988513051805460185521126583327436008518178726975657080652131
0.0656630983176513610504376351206498386349329121010982978773311485759624414318198869263891625280746277095132393204456939964
0.076339466424457421039765429623337168287035251156700247909069908008610320419235752298856969447435523401784569355517505402
0.083124010761145478187186864564452579971605200361201799556205383374845780022617257879467128236732863889019018830696218
0.08602020589770492305308122047575994925071180893662257777138127506964082605954636928404804073982619121686847845784787
0.08532354160385735052583253419443620260600976557772940570065426197358809729953191226101503169054569328720745990931026
0.0815596555962352739187568167864455988060305847986035447324912470503693156449069055956085058892311828000770279974394
0.07540476186328167899180101125660048350181017349441605955478152075319517476705516262188088704768296612674484331368
0.0676009419129097146330664534327870374529385019120520110371850115840554213837681030801047770882282138588655801902
0.058877837257813850711863654288234405407172304085074127840368996659231173738301626329896476083469089750584063695
0.04988952301628619725730745545753419174369537739304656743628208322340645073900601834976595543410121749970086124
0.0411716320291563213722992187727032128961546057515502093821363053267178920071189997107271579827479638821054883
0.0331199624063496750348773240750178485749441500952980551143126481475168385631643933781500023177107758442059
0.0259885367627548653220732734894211509514698921701362709864675587395998375272767879378966083689985582696426
0.01990283776163327658173628857587265386636502506389822605301542439220072524413370574294965456241120742838
0.01488288094045576684528318405072187862647034877953972472257520279617637292482241315346850752927621163876
0.0108708027523227601002756184085376235670650063261789882190650072579801995455163188279690230961233524646
0.00775846303699813032084469754383200853331628072690279584603377521669012310870808883042325474353567918
0.00541183384559450386168554923955049761968512124117584646457940332874432873159337474132423028115877188
0.0036903320827052337713802902947846373027024898933692049132418941285236094270361098698261426265960992
0.002460490486369390017311470147609022618092976798819755653607275102133272727446640436097126499846213
0.00160429445360619831610658948060590570704780793012084583349741344712397926091757827471965678748869
0.0010230888573910235441097368154537506935050005262382951915083189382572893695218549492369699563564
0.000638207075577572266390627029349431560142574118145553949774926407018122726646232994913772225721
0.00038946963116836728276181567693285729257221983254214484374664514268438582853372389631646469336
0.0002325346623797516906660035336749355229954064558245225215699702805685545602008429487561394062
0.000135842855389953329694138547852181369685187197709453172651274846663947540915120089533192092
0.00007765134557716744201544993683989776258591154162165842851036967053218032330598861040437898
0.0000434358280196470034703919853908330292826627655760774153174645168881387611726432866505159
0.0000237768476244852265459952647801441786216621707901904671002213598364789278155473045642941
0.000012737502544718874124393361236202640917086506688229052004975373314954505406448396831348
6.67808502524768424287047610985757066911933711574761427115459612011175272253074697407e-6
3.4266392717794381148571352332671177980110097831797247924950806945303182943240483638e-6
1.720847250959369374571854718258038017798559905735661955774851766095569246424040496e-6
8.45824478355597769262858566696159218785432259824967639597577224891797401430830104e-7
4.068990306267985137048484376498711367516126540093775571276697329528368436780885e-7
1.915861776093401492222284454147254592495380142787857404166126115003989529529932e-7
8.82904491142767303578994096679158250448724945103006772335516839874688459156587e-8
3.9823062289673918037734424122331115137370320843204237101573949123796894287634e-8
1.758024064199191428328421964096680246625785150925905335430776861515612041808e-8
7.59592543714826511130491981412015989172270503387964539596926587578174241397e-9
3.2121622018184231974561513513112571860809507302832673191780999482625538795e-9
1.329441084997121198882365421246139918177178295520584784186358651015904996e-9
5.38503309951300776684372138364230011950551043661140387157383726125093393e-10
2.1347499209336772245448414080414800007566454163268390687282670671348056e-10
8.282007654031670708118284857479255852604931889690007814175434510830654e-11
3.14444410131468349083171382634605059862342759118380422785257037674257e-11
1.1683162840420867392773205401413434896715272991238987956850625497847e-11
4.247887627752593874658869889932978679568265762632491065795197690619e-12
1.511361951375871603087214430352482067113198248237809032391247068e-12
5.2617812464199574706852554463840469448545841395457282636792912409e-13
1.792466492542867563454971766641952796044009236223552235021234359e-13
5.97458222029546269456687274897466815805460631134485755016404601e-14
1.94843424431635637193562910977839362699392152373180328369710645e-14
6.216821021789521626023387300429327982715536348251354861481849e-15
1.94060559367182682340337166132779847267056594474853666239697e-15
5.9261635821805116550107745080208272740193747214068160964802e-16
1.7703446235810746732205811498858108133314769071070516766792e-16
5.173321371084773645704829180216882730295200821359672107678e-17
1.47872514126659731738423812503239964635113849000623982575e-17
4.1341856638866407926375756163771834671236115808280479855e-18
1.1304580566516521229463077474865464211267047687430411752e-18
3.023135400070682169404259841812977323427338095778703744e-19
7.9063384858340138578942436261165493240439854372594038e-20
2.0220092513031745418507759181145314592196433178659186e-20
5.056562224230968759689544106083905066023051853068018e-21
1.236419625760599642844395465701952554834212996049336e-21
2.9558871883555447944041251083767816330888669573853e-22
6.908657211072946448226185660866564064573659393769e-23
1.578537591608751092195315907951256815924832435919e-23
3.52567804280493458158230740001468746839261503313e-24
7.6970981584930736996470707172760394426876423641e-25
1.6423946817625271838424760956050579949563929487e-25
3.425018376158912530738147225531337726510137683e-26
6.97993128859026603793388060984769945480232402e-27
1.38998302983900573398485688471475686292866102e-27
2.7046087178086893588339983586783035952729456e-28
5.141640460976426944023915905670336570223786e-29
9.54918326430910310903554980727381978492761e-30
1.73245586951237766428351273392007736641988e-30
3.0701029399314545701879146307431233313829e-31
5.313749465459133554127619989170720182711e-32
8.98190292147113502018995084428595781788e-33
1.48257178387523504063862300992579963814e-33
2.3894795007636001780358263925681189594e-34
3.760021805999113996146649135891838084e-35
5.77610806209817997779977857591352764e-36
8.6615515591029329957563374060437494e-37
1.2677341406348522159192849480322495e-37
1.810875342963470332851005331521865e-38
2.524245932280751659180109005855743e-39
3.43329763201895429204786144412568e-40
4.55597068677773326538391879101774e-41
5.8978280973731961675877067604306e-42
7.447252726358173201585507118684e-43
9.17155445071446193622019954639e-44
1.101493032446819452160537373852e-44
1.28991340778049226877594213299e-45
1.4727409395091791165456908986e-46
1.6391741625138713678094495139e-47
1.778286083519426227148041682e-48
1.880181149439099606903011275e-49
1.93714401250899757664818931e-50
1.94459755993301986011677302e-51
1.9017063898639266328133033e-52
1.811516040894748711376312e-53
1.680597656106471613932754e-54
1.518255225797414375169724e-55
1.3354284036593420215777e-56
1.14347125599534221401538e-57
9.529967122289898166254e-59
7.729481882442637859268e-60
6.100032123746527453915e-61
4.68344166743763322945e-62
3.49765040380934325216e-63
2.54033803540892973765e-64
1.7940496479348074058e-65
1.2317644777840279476e-66
8.220381903425832963e-68
5.331465416823611833e-69
3.35976557052894954e-70
2.05681340606789842e-71
1.22297714748383451e-72
7.0614109377850886e-74
3.958445103474966e-75
2.1539030256839852e-76
1.1373718114779451e-77
5.827173685960032e-79
2.89597608835375e-80
1.39576939613878e-81
6.522469486734e-83
2.95451272001995e-84
1.29696577960257e-85
5.5160863182088e-87
2.2723857495834e-88
9.064995383198e-90
3.500830657245e-91
1.308498977645e-92
4.73208418977e-94
1.655325892731e-95
5.59936493641e-97
1.83099637088e-98
5.7862307114e-100
1.766552099e-101
5.2088177535e-103
1.4828254088e-104
4.0740993139e-106
1.0799729251e-107
2.761079615e-109
6.805672112e-111
1.616688377e-112
3.699796108e-114
8.15368787e-116
1.729734013e-117
3.530799e-119
6.93185917e-121
1.308335605e-122
2.37293427e-124
4.1337899e-126
6.91354271e-128
1.10950699e-129
1.70772569e-131
2.51964917e-133
3.56175958e-135
4.82118203e-137
6.245419e-139
7.7381308e-141
9.1646642e-143
1.03689449e-144
1.11998749e-146
1.15416169e-148
1.13396616e-150
1.06147298e-152
9.4597266e-155
8.02017506e-157
6.46380876e-159
4.94817109e-161
3.5949468e-163
2.47661776e-165
1.616434124e-167
9.98594486e-170
5.833606923e-172
3.219371016e-174
1.676653172e-176
8.231685495e-179
3.805608928e-181
1.654803346e-183
6.7597678133e-186
2.5908049297e-188
9.3043563336e-191
3.12674938891e-193
9.818272952e-196
2.87650161574e-198
7.85062134022e-201
1.992709094366e-203
4.696137560121e-206
1.0256871762412e-208
2.0722751238757e-211
3.8652497387137e-214
6.6420115079937e-217
1.04920264374171e-219
1.520023399888581e-222
2.014694649662805e-225
2.436755455543419e-228
2.6820549935007296e-231
2.6786345164153467e-234
2.41995682568364568e-237
1.97116283589996772e-240
1.442568130379542674e-243
9.449829862618310187e-247
5.5188245752945802223e-250
2.8611436121118187509e-253
1.31068890394637598193e-256
5.27920303132196060167e-260
1.859582410555275085881e-263
5.6953114820966932409092e-267
1.50707347797535632140984e-270
3.42201206844512142987358e-274
6.617541631631370442317707e-278
1.080940045082776385201844e-281
1.4779366466466235852422021e-285
1.674562257030325261983926313e-289
1.554875610491413197019313047e-293
1.16850497433881233804699626212e-297
7.00860192981029624279866570772e-302
3.302418794607775720826464950821e-306
1.20065443523138239327781880628109e-310
3.29932007568927007253749590059305e-315
6.690778492522213528629006340689476e-320
9.737483334173894776217320385937414e-325
9.83995436030483225498569391183253798e-330
6.6363364470567952621117482154666130132e-335
2.84662151503447164218042954933189893353e-340
7.315558606919808021708420230494234373116e-346
1.044152486924647010209320321135648146113565e-351
7.4979547295602236439338670244856874696218107e-358
2.370112162835219636009557347035929663251575736e-364
2.72987799136462213052038113582666253391127905958e-371
8.615665096177986897851858290799834318004211621359e-379
4.650511498776600396524322703464850929798977231037891e-387
1.736150192229252813739432722601828102204831690052726413e-396
4.34395420665595337672163671824153822894907606612951909871e-408