0.020968451763073155067751544397090508562933038550676202887712515654565175338345450370190262597677028482143665555003433933709804
0.0471253539871409585225530470014925682985223122827748064655900321070552485975239702159615636541729609991112299206426440336859
0.069510094453954505683397734779237187530230061791841095681413577567360583010856111416258645614106212038788125514025027148258
0.0865132209004610265738292767236383718879004180380200660076360184271285594094443221798997536616711560545425220353991939402
0.097247743740313652613295807893752561421483711958593525062450977069708874380443581273783928055968024287308377293408423702
0.10157307945229785740867147354075155267301592555735175765353316263709967296945081971252336056230512577447921551659034534
0.100028436612206217977717870229542702143157469983911946649167059427354781354437901921830257642499905144117101174411862
0.09367162290410415218193403157388648602249511277923374853154223795265327801058347173175393156812816975383391004678676
0.0838632195935614143891173073414059588939539771552336515018009972182131778853343852159825580313688635576371265769309
0.072042305122582276194062743459805790039874393886005568126978291414798504598693764354792989690842077494076415315903
0.0595338845691601518966039329794624904204159391880991199108504945054277096657331775245688034347779671193540886795
0.047414324641595225289064505112256963864234836580126393868933945000778973385710994494759460574497583044467893136
0.03644432546668153277541068669670123198472991076512739255602672557046102055031976956670278861956924788302297631
0.0270639043087920519765721237147480762635321586235416832392633444202390441759054674174645740248606289798201639
0.019433663406866878697008989569646559157326760367249453488722177252037079836172489024126938945938219712080203
0.01350239733249111767436136659461530734239873447199731650001685481732996864846963510251730679933417849544475
0.0090821867177654149118418244278897826000320855190767816263684350822962859401581414524555674427014480564128
0.005916715755175536879485892340846725566798046578554667880800226712115218386494485775381981444520020685885
0.00373451824497937914870571086217097771892692504323228625220353160614069801295613270548599984221148040798
0.0022844273493896983902707562616227218696186553140359836432555465337207379302780524290355460082481902351
0.001354602738069208363756185863439378273842382779910784565620534087781959192609830788870004728648149327
0.00077879470504256273301330412647509746406886326023504914825069636565223963199100170103595714086291675
0.0004341900292386737089900423200162466278336906239075103580700413075184958939093252211839838820765012
0.0002347680973681684589453999831663922603213818451220526655420636201466787739665248717541518577082322
0.000123125036661772466923040839690973707083346069430224213226107627671642899894366454878786353710271
0.00006263802578576356682477948318393731448716986212406094750697469729611906197313028680990031295823
0.0000309130876745301996273127440865849226415304050627252420733506100281798254856455428518792013301
0.0000148006402191168370913998551156251027598070629433780434485857170109783165077300191281295944493
6.874914671400236949002455473702042181883190777867420789744342782546223698332193108002483903e-6
3.09821928602010007861389572365945918088967571763264258827062895062469635558899297730161083e-6
1.35462586252540741215568402007011407644451440015911236625618622484808339569089253710570002e-6
5.746306135462692951381218696315911094996200804371035540260174577656789818165410955878978e-7
2.36491773306660084968915937908097846928190665151777733953313936743744413869827043617121e-7
9.4426329262978646449569897103567399735298852360648003177702139649817328725067274609994e-8
3.657702459460223338190316354365305476859282414439255376301086553592576106920175541916e-8
1.374507088886802711651908039364439019648938035166098441433814551292545099497378863702e-8
5.0106148763080162629999939049470306914371857027122603588989217798127052256491597857e-9
1.771820392342489259562267120437614534292675099578864392722459833048194761363155469e-9
6.07728309765438230711441446395685597207131416732929730578117967620349019595406142e-10
2.02178138793787674663545420061204542637856009689213399884347355544078118505708491e-10
6.523268081711042886827573064167385218546661732239141399018221367709332070126028e-11
2.041133927649587492387355481879380337256499892916777614395041745502232140912644e-11
6.19326433547161035041474359197406489558347576677768430541677567055656574515606e-12
1.8221070752126553671973217172945483522593043055725827157285205592690436835621e-12
5.197523189341367528577705207780696393468363400920389561366294012214347211409e-13
1.437299124743155002615571359744370519240239117634394983622911755411604200015e-13
3.8528654873775607133554067409338039690905950331512556724785636133364851295e-14
1.0010647102520817339839003050130376311021211020940629885255987810574131542e-14
2.520784014458672375324198644872946467187263185414326658322245515106863105e-15
6.15114233977600316002949416577293204626709277331499577911839979574954811e-16
1.45436018190254136954624669637946437594641555828877403283529837659866153e-16
3.331436672239693294128374638052592440966817271885117595680177864549838e-17
7.3923035458084463009189553646226053737035315364059624879366470490617e-18
1.58876564712821465328350256306291178110322936828986332080388830924568e-18
3.3068370557686385106571601250929243636877550838183181767705200138944e-19
6.664654481171078032458178063926534477945290502244283151346562317067e-20
1.300442734005414184844895489947514032898064830709274905220543980518e-20
2.45633895098964986203537966415124195793164335653486561860450967726e-21
4.4905690500578062001429908360333819880365774254623486948488982678e-22
7.944395211131671751689928390291090533558735471878930837915701669e-23
1.359861921335477633311181304350541127211906410578745428534895606e-23
2.2517966359554620004072467222990480665993687989232303267613953e-24
3.6065127697561246037848824942729695048992225572211789555015453e-25
5.585871928105212335620371550773346498002599516820409261138403e-26
8.364856993114731633800554330761270759710420074163100523326284e-27
1.210895154836807123983380773154745607125219305998891186760106e-27
1.6941387916746556751775373224158507399498938070000253960767e-28
2.2903258611299108031267479561772780155073227277677863749897e-29
2.9913018916990021103391722982957472512551421980497446664129e-30
3.773497628706545930447387937721382171917144596694474984554e-31
4.59676460559131251083770281690548555999761976670757871729e-32
5.40611775828162024136017494747414720088457704629169635255e-33
6.1367955374732435092414755087271270782543654410852518415e-34
6.722265588893318298866420609259571570627681396100789104e-35
7.103943371274359897005072917188034269528877112817345122e-36
7.24072411376791157551299434759285407796243110148768132e-37
7.11621251518602177004971224649983774981697004750398748e-38
6.741905810569118253146052525408789088315881850880415e-39
6.1554872218967605665021709173582325780235704973424141e-40
5.414568404331010854571799984013094364886731846544043e-41
4.587320051691432080352103560996216286776879628448275e-42
3.74210954999010402686430871039044427349045063706896e-43
2.93833234384922168319342726616140708393484379009939e-44
2.22010292996927057599608548039324492716378776923932e-45
1.6135776808003623265557340278579311970808606275912e-46
1.127726717754630490618690382526356795451593306711e-47
7.576409643892919795752038249235757373952573143657e-49
4.891167593434975336257346473077483222528653729864e-50
3.033126346249567046076200051059025903257690348331e-51
1.80605893394085050228504140894597674795562971877e-52
1.03220622384742721824128754677977549197404748977e-53
5.6600302643122824539754722930968224453131528302e-55
2.9765148925934982107097533541469919479184242916e-56
1.5005422012107187042683529819074151450329880718e-57
7.248486728298365200158271259682745273300034695e-59
3.353572388834574585906595427420119604048615851e-60
1.485338056710305950684034320532487952576059105e-61
6.29491565889667240791830649016193873701764219e-63
2.55143531092201253620671380084401051395743856e-64
9.8851982986657309236222025671801379071592533e-66
3.65899084564921030394571514712059395294282839e-67
1.293224129700302343118588897910258461771558e-68
4.3619070733443283369285801634502779154301275e-70
1.4031838333658456297984596303607562874941272e-71
4.302542538815138672383635005983300772516932e-73
1.2567131886907607798049259189707229894759924e-74
3.494348410806223625171387000662700967754639e-76
9.243238051818741920389497943921934359178356e-78
2.324387951069368977113859532409326235451682e-79
5.55274288070127431868316309070555471791986e-81
1.259208567107995697302015197742597883721562e-82
2.70859343054485674379847969024743298662416e-84
5.52202680495962435243171937313294345800411e-86
1.066107997314114683489848322108136674845924e-87
1.94750079389376467967034461019102555780349e-89
3.3630950856602359988303402067983087670286e-91
5.48506523511014765604390467507628750976375e-93
8.4408390895401401394167409328530274169761e-95
1.22437282742210836429514756650893281941058e-96
1.67228815799090830034024421786564708871802e-98
2.14834524373367995142267199595322015437563e-100
2.5929767464011136231157606905621470411407e-102
2.93683467871948296742616773856145149924335e-104
3.11751693755821252873744940931640009979353e-106
3.09759510494838673252007689987623336037756e-108
2.87699725933220560169978975093632098935427e-110
2.49424098465987800328939253099347484045997e-112
2.01547601502153793639272669553375787099693e-114
1.51559138566149053542353841614328298916002e-116
1.058872446414191807994371183570093025962775e-118
6.86148811555740605707512789648071158574904e-121
4.11646116061169816004942966678708720911831e-123
2.282115209073162012421100336135363138634173e-125
1.166786795158610610129751050095690874462959e-127
5.489979164352128533331367866269790543482501e-130
2.371965944520313692903455530266633672684647e-132
9.38819895628428171875643498813349686444667e-135
3.3955427945715281025302228601109776730703248e-137
1.1192844064212065008853822674332058190303339e-139
3.3531702488378985461624492488095782664298934e-142
9.102402055919147032628363808459061221000883e-145
2.23181097546485086043905034039354417615072235e-147
4.92585407456580435885492118810537769803403437e-150
9.75094616773869985699519212570842088794233915e-153
1.724476484684472083623371767354319541181177576e-155
2.71325719036092937729051018056235830818732474e-158
3.7808142538396632465967050807077281838120617117e-161
4.6432439814833162877012440336748598463294608202e-164
4.9992575929753339284295339671684080160266740221e-167
4.69187913704478413382153398821834772761938200225e-170
3.814459579862405788144501720809056611959436741647e-173
2.668088789792933319318729883013764155642002400417e-176
1.5936696649333688467865937501883544570910126309584e-179
8.0621096125335612582311774255145006077091569709594e-183
3.42290621683377579268858799132616705508850077893727e-186
1.207375446887073616110280730534446215435762789380596e-189
3.498515703946532475476870422087104464880893249313378e-193
8.2226146230271717537839984623602606121205101197930998e-197
1.54523925470087655524739480823682110015710047988307138e-200
2.284330174834458200096600179562348128700911789966337487e-204
2.607224562743384867313768755817473974116004287962043032e-208
2.2483310971369806480125997134241311692713996345268927693e-212
1.428328236044088664150907432792841546305445273986887161273e-216
6.487964933602102635397428388184294838537656248663222135053e-221
2.0331185935122206749595055998518062429873752807297061117594e-225
4.20809308470606589197488595389954173500911783231261202656746e-230
5.450591987000057940190021438472125934899513359099780731513874e-235
4.12603172458693824803409421090250452629963597638663236711871235e-240
1.669683642676881436506438296630498731901334633776945690173395633e-245
3.20239235666467646138108961672778938020351222664172495085123007277e-251
2.455522679861141313222588665048493174827635764133195247500371670998e-257
5.82535190113534717534135995003334519471468547476641819868361171584373e-264
2.7997428934261837037607390175727049784514844806620614835918834325938817e-271
1.2101138162740785313729656826313848043104600613513330366184560472264854379e-279
5.82151425840039777809575919559205745134866710714365445822034116130256964056e-290