0.020850622001983242130019270027327924567865345563055612238799270222922420836856162871944318755865752277852256034435957190498126
0.0468698595761322600181403085091524079227811607947441016634272772168721621351130240203681686123987118264969918541592918244963
0.069157984097330782541706544877540990518338093125065020474139351000638969138270876839986284207394191565365383013860511153767
0.0861194926661223478134645946724498505894696975648580260284071958170794409969638321154491752270604244722542179358366542494
0.096870652047053248887400031170806209330457831290307529240210981352991542166426587879099719679031229052792397485057481119
0.10126380918012416139060197443874618705169609847763876071899007986041591953657476527582268458548793362147762305902014496
0.099823180801856899641010576839233087649639743620490870243149661781160492938127062426326247209061808329093872013159076
0.09358746534554402794093686377828354176073721650712226563647764763877273909163908892633241899122959899175751551291812
0.0838981616395277010906947068454366930460893601402723322118495172352348730711039042639631494754233499234765669262968
0.072178770311972535977173826231912448239664494008428809393120528542829631757971644224822026217759723608599906887601
0.0597443597117235140335713111784466654444663480205597758939824016085312151960341770556730726363982914579654272352
0.047667578259948891348544576896002282966736562626041191679797832327304282738655623452950908715825064325843197919
0.03671085260898961215198137215878576420828205305342095742888316032680946151985940584496819535384658670291134132
0.0273197330232223389098488375472305641269607388661173486423994899975957837686142912709904207845649719720626467
0.019662229467766605056796685104668222864069971869798453274714316557803768989084442270237746895959725765804367
0.01369468115712907406478798794361172444672448720153846379196963081788448108532034565749326901165292615696021
0.0092356094632174529553629531350765270607266138670277485809393636506361620324445320384238625460253616799966
0.006033389222116485376251510982966481294816276138206675951689540716226194678331068329941984699274983756226
0.00381937615417980671099182779799201923603719173272479848689984686655824140881813284352097538067450111159
0.0023436050580786111191334076913996082487308640095850121763310132339874659070238610124915817707406647324
0.001394249846315595874477528609311106361896360321655872989181231651117079264546144399646548196921866935
0.00080435159870105064302536670578552323046819061498778115187297727386154589233932711484817505540190161
0.00045005971532702626235603165938003999399715524643849502148952189560464592580245813445769786482863571
0.0002442700345462395377574695916750728834167198287534151002653843731381890009174494042126666194280063
0.000128615164318168667746911319109576474156079569056124505559518886148388910438717855974440422922273
0.00006570113282630774585620059291262326657620941186847850995795365964239012967876661566666632836455
0.0000325642384804034518733766751858154749936134631291653966608181028452322753959282085887153225594
0.0000156609466499003413582092225748549836760912273719042625522422095063764036573316297490748638601
7.308352785111108017631111761302935424568102285330591159667836537883721936924557079503774581e-6
3.3094456678289430123262690188299326089034229966698155880280052399617043519051889804231324e-6
1.45422009504489948908591945021494269141665099787363708502739644708140657962918318709451192e-6
6.200754501589450218710207246729102965454556631547972192983401294472282054113801673166454e-7
2.56563409757535396076212487361996157299659116305302066522246306658346832269092844474127e-7
1.03008532435548715746714084115154471421683385196235995788905618133744237609637050111155e-7
4.012998666134633198080324197978375778317573864956776159778726002910853847972074635386e-8
1.516938462272529231815041783978229288265341747627021206560228374248064567371857641764e-8
5.5635604075737842632961422774943928715115288394329875635842680624694914662172221346e-9
1.9797185660957139973380212279451086266320150558277657633002865731381759514152614324e-9
6.83434822670134804809445526011821652196415431717046061135246267651887506562247282e-10
2.28880272424191051385240086946743081453151512364525540967206978419944029279148871e-10
7.43548608865428142140432940702866061633114720715330877128892585063515006660446e-11
2.342986911895917435356320576532566116513069495489939335295148054099126626220403e-11
7.16072988316043962581121223783209526180506705044264330930034138985554645413733e-12
2.1224469562523665552313027657709294611484523793611782477576050595485269778972e-12
6.100585587875737936094046586557238725669413240328381622020715987803282110523e-13
1.700286794227117486725003330483096831006058995948710005571066299091474308929e-13
4.5945984024489421410884466709186679522918132080463284234195764517093359901e-14
1.2036613238861926256934425396983365807953357536011682863742523750167673747e-14
3.056659194608773572289919152657536656217765422212337484157794477727566538e-15
7.52364403719813208878098494582220264609378919114289417248358456647238971e-16
1.7947273062186573511447588657861970280959228905142746279966594578243386e-16
4.148644099371050494597472212680127733967596562902387710458353241694439e-17
9.29175605270868849324856396724582280773881834553620079437391963436249e-18
2.01612623934132608288439942252497531117618313211145093052979142578296e-18
4.2374861381824726304002783823842457397139444448036411187306172339853e-19
8.62600660778499889191136667936706433589894318191970821375586709565e-20
1.700436478372455827389771770058536525396861930529526179771179667598e-20
3.24560957295360994754510071071616307021170952439032344526858915923e-21
5.9972390338852733379158912602619260809493599355786048492337603623e-22
1.0726486749437412937110360187676062012800893826258765272536076118e-22
1.856711218597889019640407235695107612532612194745873170044772515e-23
3.10984965561975363475139594706151700049992291821481701580416802e-24
5.0392720512603407886417088913412271948037740895598823998804827e-25
7.898643626098697954118814015753977306824672387467405515890429e-26
1.197330754989711724937408512970191438451081193275148411116931e-26
1.754974827669292014753396969601992144402368910834023958497496e-27
2.48678703858888983528367555792035392126242928935326237307821e-28
3.4058898372692500312788451292118736472832274624200241197591e-29
4.507728221881628323595356025342551186611561309864388994267e-30
5.764056468328750255708018874317589333915413473761259530662e-31
7.11947088532550397139055049984393522731092005069748864596e-32
8.4921784319543752539297078450144317201045235961264532699e-33
9.7800831821283737830480769603895103158406244296157881898e-34
1.0872147582674489928460342689700290666918496601275332177e-34
1.166358013153543246418454476808215281555148576310427116e-35
1.207212071980157194976428139592237554045779759731937287e-36
1.20519896709579610134737496349891446195919695319375128e-37
1.16022601431993939912005926966933626124662949991988743e-38
1.0767553673665713159023011472487597075011489086430699e-39
9.630762653806487030162988561399070781368264206300846e-41
8.29943737877087478551893507678533201157184685667602e-42
6.88894262150225169916333552987751815972554852822888e-43
5.50605285730639772613037122459278903953922844842407e-44
4.2361981015111766535620579253321834649658258174804e-45
3.1363210748350872826940209201670530956554182940881e-46
2.2337235361748546770972276794129481797904208608554e-47
1.529872027947544094351830172518547311771929853873e-48
1.007268869402365623957867931645785148630987668171e-49
6.3729975922604540743877988003723135828484062923e-51
3.87336974021814446258799724790192614040081809985e-52
2.26055506206831910010534339708479642758761563081e-53
1.26634288431617903550198273058123418218337876408e-54
6.806466127316175290253570435271085197220471727e-56
3.508689867409028225164748045838589445370942533e-57
1.733941690992343260634839875673881170651563859e-58
8.21103309882791357530909746120375570596458261e-60
3.72423097525743243598305746566309418510176821e-61
1.61713561910267415417423850844942019432082792e-62
6.7191828058287744931050737015786419236540436e-64
2.67010997934433367685726601555927901429320067e-65
1.01428522832360238674249478266208417122716185e-66
3.6811005211287242215942132790214593281897924e-68
1.2756828912411944852214417689872847646814066e-69
4.218987852317974014750972305819241094538843e-71
1.3308194476790114874944450455771004559229014e-72
4.001396675738794539753535670960165915507588e-74
1.146074985051330222803796872927936528659042e-75
3.124938190919872812680471556930627987384191e-77
8.10597090627856809311622167502582874917935e-79
1.998949680698887851131042462582238743156967e-80
4.68294618882845628743353439806082438485701e-82
1.041436934191140879458265729446894120376831e-83
2.19688585289304934327880352685978617961597e-85
4.39232545564127709970843745644255155305518e-87
8.3163504867762649920428323076008926007973e-89
1.48986639988374552219209594523488139853703e-90
2.52318268746844085576347857860461845658267e-92
4.0358239266476618791390512624707276168707e-94
6.0908387637526063935461534585053392094854e-96
8.6645422041249884072373232922984047530547e-98
1.1605986445521091289766182004490738001341e-99
1.46221659315043371755458883265792169055655e-101
1.73077148913694826785847878483766087305233e-103
1.92242741730728360354968927451279354861695e-105
2.00126003675013316230560507117666412290359e-107
1.95001304695070960994553667973825623563676e-109
1.77608346705741598060351285974581969328016e-111
1.50995919737616810431128946149886282799785e-113
1.19645955798359817195053308365620676727169e-115
8.8223779911366802213357626466306952008615e-118
6.04391952885851396419971234225825983680915e-120
3.84018303680686642979362707146320177005059e-122
2.25892592039312199790938680650474491795974e-124
1.227847086699988710679804736796833917722445e-126
6.154743024951484086817761517241079376151e-129
2.83911016820077534161142174613826127541171e-131
1.202521798622796316277031124421197313081474e-133
4.665711671603767831260850175027257553694876e-136
1.6541400978801338195905698475961008394322238e-138
5.344480357772727039395165452069382071056888e-141
1.5692606095249167188572524059847444889681894e-143
4.1748443523682561163880724948216185028880886e-146
1.00312395158619719084539518158101989002989313e-148
2.16948852490251267614773679829489790194739261e-151
4.20788957716806998635882864047759381074280231e-154
7.29083037625628970663427604875861889763888407e-157
1.123751397353480725181709477899099184501179645e-159
1.533834223585245385420891864187598402915169095e-162
1.8449269706155868998023901219860762490426658998e-165
1.9452474182472788813926133857424477766672637478e-168
1.78760194237624012917548938795556894033043063469e-171
1.422821045805832837532550837281834894604175959332e-174
9.74191999968112625078218977010001626682667359771e-178
5.695056621088029836028788008189609510721301686595e-181
2.8192038323115764041129485819179810097965690499988e-184
1.17102696940723032884579319142168520528215716199455e-187
4.04033333287359658920466424047992178964614459310969e-191
1.144886350708744744606876572158230985235719107441122e-194
2.6307754455464701272650018381843014760361313717270468e-198
4.8322134632906154642431145362730238692776543032672756e-202
6.97999643213749779458525650168008537820965966956873158e-206
7.781735992323073949451377964581930985646629003614031338e-210
6.5523939349380266795529322950981215295889574790307328282e-214
4.06284998911653147689157375356031460954270098651131446794e-218
1.800418857385292912095263667122573960149037315359642430459e-222
5.501266817671032778001864161057013922224400198136496543122e-227
1.10958438909867134235952715968375002986461749829615113227298e-231
1.3995650684979238923425740759104379473419438588382560875289458e-236
1.03087007544480289524820334411613382124044878340176846838106646e-241
4.0551496842786858266461884653857528160246456305689519786603545e-247
7.5515337484212962040464678292565515877013413917914185717101374166e-253
5.613668156760395618919802913201897970491876010646567350244957123104e-259
1.28860531197114812889908229816544908721621058760475583540836481213615e-265
5.976225556168680726835198412325685083766920925142726161564075523899029e-273
2.482029936508780347734328334472888249085069629628605773539391064354495573e-281
1.137965411257748355509421077702861491233120014796432532429145563714156382334e-291