0.082516318111156190815494507229011647638093155185726189070376212452307367381830638815380879284263345631540271313530890505677346
0.1667555309593264632298698632770324756372587510525421468164488180738820131655670123882679007969601153352333505222946928489423
0.203126897262782429865057408681536116797175818840842839774523582201995407218289290942072741461492448356703252820429210024771
0.19168020819782320023773119100641650804516707115248802485183425310956003939251071418420246605484483109048891078502792674619
0.1499070419394415703325073109951669645379440428076822147978061667881456479196402131552577702341925576226507451101946264049
0.099900613389889181709345031192145255283264888813209833731489313048285880425190015592982952588072272165513353455939425657
0.05751995085504946073221385616392506144716186667332260602516436917828864186136349770857313923451121656778410890496027293
0.0288307257858783924757865753384448654822271947480674022114213567065139839474080461652381534645095572857265971781250568
0.01263378018766872641006950471380983833142993654518103761077104382389296530360983254504802587809037417579224174220892
0.004851347888965599593998793629669871003902631370997837989277864266729778100212895102182687347642679371437814729507834
0.001634201423156429510300933070893929680387671793342062063996388091400295594330130791170417010599676174497796957654988
0.00048298984730168569651159152180738878638368002445706259988635234296946816124631069162150032335583249134042280112263
0.00012518113242379503278998896291065810340782296901219529704396780304012156863442733518666017070230512137220069096937
0.00002842135628364423516547617417986361300753293780321848077995330628134903910864033956852459113839514583525630562616
5.64391490119641417368564217608061725232064660571034062187794278664989216980580884334505559641091121989093509742e-6
9.7830643814065130431062725865783651921008608283864330032984765830725647893584813651062968413364560514373150949e-7
1.4766174199357267822948440802635004441494629701295434715385639968763640606817163551620166163951454257216586279e-7
1.935126165557700467562098691151555587693393548588609360069517130739048222539353006012529025720270192916975095e-8
2.194578714352754078070561727984596031427818918416775025014269995236982307449534025370532799786978518986705843e-9
2.14553836749594504044280704549001866267429152700492404477033120720176180353481705343980636969260368339000645e-10
1.80044484361888268623215543650536747105844505092236475076594975385255975325080316183957808928354748024072021e-11
1.29046413136595139754834025115026597355574244694852249172221405460294051249030298286645099447738321740000025e-12
7.856296312650811291910775775297797188670426035463969966025220483236171694379853170157771969634270805114657e-14
4.037014369294941679895110380787375050533286049213446110606544224461280457089460817071824599982390964023523e-15
1.738491744621008707478052614344935818553002359040048804190711224496034301194188115000411805536346789727063e-16
6.223438433708781705163730306111276769814205605250071634434288977227518904878626141933941810698318434067932e-18
1.834897694508604480266289359271143378110691269969374088128168352118318447085967717451121827995019250615778e-19
4.40864471354571508018621249739359101042879032899554668012627992500468601460600601942749336620082682793894e-21
8.52686194932759419981267093302659692487100838991715853974735853064974687454963016207258846570270145413586e-23
1.308821260004133141346379112960175493849223140257568944240235694654465248555196905887442088295766795801328e-24
1.567937714290374789612132299255066970938119505387321622359319233334618740866520954673443152833688127478768e-26
1.437300418196412709985769668865457413247469373015660998881663753704858915279215251419095059796752672945841e-28
9.84554898321421872393780803242016574489807146083947505204743098479294751086236093840870366422235850579676e-31
4.89640476945675378106813505453678611041615667665000932715574213725829154175997025985581248128120705699391e-33
1.705860283818797481115146256186264442499150127835717125908374986068234996746206763594905373720035211658464e-35
3.979260838728188612024771909500986673221529637618146666390732894122130183776028774590734860214043336839613e-38
5.860393759867726799094626416551310571264446457093196041087458971933886656541796150872744492555141847700387e-41
5.0346761176095301894775643973352288801766192090559774293001395096552629436298911922804116837396703855121181e-44
2.25731691005039975016752900704671492549159840146866512144814501332012297039185086625250892148859714077781609e-47
4.47074572492880011856138062396003997406029139920384693261834241221389059837510166175108069367958590998632541e-51
2.975439488499488432750813304990386548009841695663287543135644215478280004991793372895829141250252234798818117e-55
3.95672175337000415112576865721181352973268696628709461289364600873193521355158397745164543798469758489189383595e-60
2.808906903896686864306822538731194998823533866957692472758389315963580195247095902268855535952848905451730852151e-66