0.02877324669200012435577001030081435240425396141113927587297548959953222037143604506196138792692851357581123375333234903380501
0.0638174681751346493634809492650561335522209220474715489746473335198103157811154833993275036016835050343104070834213338907665
0.09191966972157057138986419465310551497928487499124056018267910962045832213071525006809345430474471679387174343474904169696
0.1105416791441376638124546300296774542219616734606936151647934633355375128550988611427564024244706617745040747072888157367
0.118797716333758501883283294226535257694517192602552692042542353787751162701151915257417215508333475960808535337864131766
0.11737818530052695148804451630073623172338870018651329235667034044276362236182885966981334821013726079507072266325942669
0.1081930598418055148833514558119291734746046405581082223112618555430911649501712736392180926667051675520085852194452548
0.09382707529048962808037726140110047564976954601002179853870345709406750303975579794746384070101954451097499375995002
0.0769664509605888439958224859284156571549492063574886181243197641943292152741560094267704203362701602095512051187441
0.059934903912939714332570730063497948781784315850623627722212885863439864960141944701783177261056959644217366720433
0.04441774207388900137170831627292139206265250439719422946291371045982176494569488336703576324361304567558712649386
0.0313850809662523209830093722150678107587317962160608936165751171908418187912258594157279380154323248691938313734
0.021172316041924506411370709025015381968903474176758311928275733273410561124454063664516738054797616808884094663
0.01365014536423054165217118556462549098656245465817526566139982332108335793358880103832029632472061900173637613
0.0084172852710599172279366657385445551988436198992263451872617618060118360648888465471969160107211558283595077
0.00496749900598827605159128586201753579224525085850901255048522543383230530078339033642422965609618824857073
0.00280699038950018846319619574463999727784515898937057644403314462992836185862773348071619454106075330064105
0.00151929510039419524604453410578163445675861290371307350327065563408956258230399226108676821901527522324417
0.0007878902875179608408621728714054869362711933563913745494116119870037324357130016324618731606485364357532
0.000391567510648684505845073246489988413037015986478470527719276309927781354975290471447218968084463634375
0.00018652434268825860550093566260059508974180860586409707651055890090803569839720141445853120334733188633
0.00008517316041557662190880982816024678504999797266233738769806970733812455213876525805096538182554210076
0.0000372856391978530377121453215777244562587476939896900230658814910512404371855472978567981812972946336
0.000015648416791712993947447805296767951616049810428141103278161240427215677630952683741737539834568644
6.296434069522482903569273552497854725197227699421940385695414638124736451084901821643872577247326e-6
2.42889297113287245745413799382230566030008689745720827935716356349866161456324650838392910341432e-6
8.9824607890051007201922871545034789974125084357244985300639263997437002031524025265476864175007e-7
3.184417474076035371074296632809105424084155969894405627312648925765849987005461408350316939777e-7
1.082127290556683921186180754274119799548072488612560786698157386726555341375550640084926813686e-7
3.5245076750635536015902779085340174933185232696061915806242219545582208232496353979467528646e-8
1.1001224365719347407063839761738368827123295880039405684950088295804003562433223918870827683e-8
3.29040796167179321253293430032613797300338534337719466108281421337577267412648354978238976e-9
9.4289145237889976419772700772988467088065277270367266762489691564053464102183721134728214e-10
2.588257890466831818405019530929625487508355661299309875833143013893046583404180500901147e-10
6.804743710337076263094225901755888064776301691661909613619663573628587159741919857445494e-11
1.71313988051208378353995644756320066752959289274528398445616875665491083882836307084428e-11
4.1291744524052865469443922304934935351376661281822669887651393033841678754211544673336e-12
9.526418971880727322070766487346988548200129425882988570226988060464698227570100971018e-13
2.103260443244242593296294204747419230274943177164823571990807575795079530122838883288e-13
4.4427151938729352860940434285788765345172041752613539236193627705474749813391250555e-14
8.9760500362833703323319846405450127681598811857885683296750682001592983191395414813e-15
1.7341511407769287074627948346848501793611322139852163542871661658912180068556159526e-15
3.202809954898835663149437983521027669144945205645782836124209856073483504868635231e-16
5.65313889507936820226607420951883375677534725281914452060922784307336667893162536e-17
9.5329672799026591234588044025896051872429912284809319906850332494693097486722742e-18
1.5353453477310142565288509437552363088466217708384897921708021148430385855668628e-18
2.36089621794673656860578421321762507852161825068678394460288415510098961844183e-19
3.46487427944566113321938766532304213819140840190145072767640491385462833834332e-20
4.85152418970864613201269576635454326422842168028293194308167604815508918761416e-21
6.4786228633519813428137373790678152401274633188086084386114543431974901836646e-22
8.247602096540324293644855312631483473341218944960381629058481922434557720627e-23
1.000536188021471979349165828297732718837243929214355147822523446650837930476e-23
1.156139511620730495423318126363253072754484236966073642716917952196217849977e-24
1.2719342731167922655612134264961466712648942747360730455807692972329004374e-25
1.33165847141653729673400041608143464246149666178869869272784904304455656294e-26
1.3261218454678944033646108509197997933472556393688427012751590753210280114e-27
1.2554995447643949807286074138324454708062166989974694418297919942511175112e-28
1.12944121785794627032409131072190483918450612221525134634402705899705199e-29
9.64910202795621192285006081316963052825824750929411620388802233675997019e-31
7.824184676830209939673307695563211547935692076036414920387879679259425e-32
6.0181503542219626658249939076635949614684462049729772741413472260383288e-33
4.3882482704961741551510518054137633607087246877328195464043250236481433e-34
3.03141376475172563040358025018624811341598256116247973499463637092799e-35
1.982601654394453954522467605702013191738409911133438487555534854489503e-36
1.226762337366592655901365487240231732108717780212300522469070044996728e-37
7.17639316925088889438128349676203213815415501684001928416444425044876e-39
3.96593788338369635841137161492700890036933102923888048421921486496085e-40
2.06889705538680400995819516966768341826596052589002189138392864554206e-41
1.01795870179795172452684184275231079126396558084127102968877753405766e-42
4.7200827745986374625714293679648522449341399775667538945243519120198e-44
2.060682898555337482574435349074448725713355012783301771862088801476e-45
8.462757590730598724589903215618800464302574623082047244029655916335e-47
3.266112368708879865802699893164748341145891925538110658411966301064e-48
1.183393920788316238056413461268184154570422915251617188009432670475e-49
4.02112091238950138072432501640502187987443334175016775643593745146e-51
1.279982439411112538943029284747546040545012216567304569958025295015e-52
3.81238777475488465043990513651616203414614985073047745707417199606e-54
1.06120575427011567678985519496502275026947765851035263044105175004e-55
2.75714469472004035941135727208120936719903823695692946681269394913e-57
6.677254424092849288130690486285583002105119994737982246969443021e-59
1.50524383838682349540681786002677326822822663955705320303775470331e-60
3.1538986800113758526689068500772663627701408781176839819176973152e-62
6.1326614299483180785237418887959199677093899873098308173574683614e-64
1.1048510030324810567549119229368138835211874657292449101422031644e-65
1.8410563538091348076979665543900385105413554265881627885190538944e-67
2.8323926570052832195543883237651808475103926300256832580897963048e-69
4.015440984376365550867097877741825484991698064079819987164096562e-71
5.2351530215683708779772201956106406514944283570935477596903210603e-73
6.2634476665005100555787696642849743566246457672364264102368760408e-75
6.861221053566653036534809380392180728300629320881720933591607161e-77
6.8651298840956019297134099761854656860329195524376890277654966122e-79
6.2581388433728084867318704240914886186631234804599738389707612832e-81
5.1833271237514904046803469968026627964539646604790736054224164436e-83
3.889362157191844353310897349767382047329013579702317565651897604e-85
2.6357711379476932781525533730623369745012826261871348980039093426e-87
1.60788512939179796990055096388833031368981303851224469766367733516e-89
8.7978042070968939637972577886624154415690005619429055264155403455e-92
4.30134050774951099034086978021890314333879912079557549623783597381e-94
1.8713435881342838527144321803729509546179623667184690790615391193e-96
7.21257447080604716758057613665238989489677127697719504536566399838e-99
2.45087460621778743832317423330223926561852115290764657482872552625e-101
7.30420946194708757776478650783283066683771671071448654480757752572e-104
1.898329081838346353788681857981935047170992173734748982779368206158e-106
4.275740024424668412309326482590192178255813371426562671412970696018e-109
8.289468142051575569142348522889449935572409067603972356626538396212e-112
1.3729432219324400013067050156047925839172436685531986333477629260717e-114
1.92654641264049732220431664894054227361872196331467858898397508419855e-117
2.26933445033013548261408099413334038716159645155059901504217925007512e-120
2.220929060371735506190907127153418913586352075191055651964695584800785e-123
1.785108768554451266285655512175464116613048253476978056493837067092203e-126
1.1630931990387164467431190485524772361232914721451813305153472280970156e-129
6.0524443584652392290952805077891968768178166875687922548197040388753893e-133
2.47295691150635286476283750964003249845037810671617270323150664083203221e-136
7.77890650064894103649972058090459974141698731600970152822251032522699011e-140
1.840973866271260703957067827463508686521660485193483469326503981320173569e-143
3.1900921131079114970179071968596085570526547522939898995787345167094164825e-147
3.91794871391741997376176660775547795547346485963344845993629371795926097575e-151
3.278215839418869705377442982055890116075718607410153215232648394218932808822e-155
1.7793590713138888062819640128738051968203716767014612455329786956792669675496e-159
5.8882353408932623157467835381213916554477648339693271223914305997025168510487e-164
1.095723650907116987774720327388631820468925376538411441126428831428713672252661e-168
1.0281621114867000898285076975760430230259317006773059518484029151115145708586267e-173
4.17047255576977581458165108539653943014069078773403260772115822390697166739376011e-179
5.800287772031610177463831960196865881842811604613098498949284776182386752995364252e-185
1.887350774582551710617161910111962700317732520982424117767598275795030875852647316429e-191
6.9106601826730911682786705950894088010231222102928552036383460103786782956413598546994e-199
4.3506813201105855628383313334400865675033219924390595694833864676759063852316752798012991e-208