0.025955468371981594600915439961963474099222245673021418459040159799049641595536344501245784900151888876539942534405907957643698
0.0578435175983447488249352478773043104391764947600573433552431375079055575296385745877175917278769016127518435043195152876027
0.084034531626774842517006535231573822539608903407775110758960631016543566611909522817364533614344885240189717142817643140742
0.1023224746371115005018024689215957067892284840321961971088921195658340574640916448318239909693139180399204587151045111317
0.111766715414408825318870225998097339558866467932535938691571504227733795412856708990610298997516352250641210978378010755
0.11267249454793574477512903692484742884308971036450854979764366644471818911414998616637502854104105322163496845603697777
0.106371763758035498836241633686947056993615552584310760848726651036210092769929088418294861097141196486419396702475429
0.09484756649772363793942552896051237453242662858384899026633931006085527320421972215576674491785531485081375143605754
0.080306399153512353723382621091233857791948301228801022028282183860347901152135677350125488586334700817059948194854
0.064798434941781144983964032915983474334644736128976887556856039747046462983167259461205703371390120112181049640127
0.04995384841379690530188927646672109172451114778205446721558953869080404743187826814388077158822414767914375762617
0.0368606006201615157892661415545569397809186826435816690430999391338622438283776255458711559187257393517680950519
0.026069997904100541495876761904962332588865075986902693374486546413297677284454048000359634526388679843773313043
0.01769126138840190869710233634074167039999712337766452201638010196138917104156461240796816773200557882671241225
0.0115283530133959657890970965639158365260124379699465393230263609380799921028170215267544335542751922888696326
0.007218411876571854359568511948256306292738671718380739370269929320075450316501225066340902089902615226810216
0.00434509550498427733618217453776060508142755186826290450669244807353715589019044551932017837558920732118785
0.002515432542103376093024698033607033912913971557275387783379356421148044040506001444511493548340653170376
0.00140093686153875548427403264965154687934134032713900097052991959973355473005996312504814288519663968274
0.00075080170046212534230473736341447644792350083663892689649858436806569697138043149246022778603982158749
0.00038727334749049080707959197035317974291514980538777767589389537252528557391929279094444998346864196506
0.0001922919629858812577070845706378265590731270466868514974573778565899991346736423893733105398535515714
0.000091918935707117962577822453302531836974990868933844681873902537175814074306775861928096668520330776
0.00004230429240524634666567875104479909680091910872736769143024199640540704845482188575646037034670231
0.00001874660969457887651367773542410923848380298861671338165911789006582583052361543047788715647020836
7.9989442366152455740193464607710813066229814026562153952319668870462676832311506912886269055028e-6
3.286379718592852553197982230319964245047813369807716527734295488080053021873458100638547072869e-6
1.300089316987496784485686848212317605784620539027355651179616649496779783612321195207986759502e-6
4.95206999568489569063175925500059320875885713175277494520145166054173689667696298300145611e-7
1.8160986815699516625547533424579292089302051857872575152109825723909117046647701588929054483e-7
6.4121823692671773691897125957153277115013800318492479400336427188010123551218233975410604e-8
2.17948999940061304640886036479080144696128332802132218763564921711532031862082952693441975e-8
7.130990526094422236991918555457340677069083763419442575106780538150866796420700431926381e-9
2.245685874480755459243039001744535545816586161559762513985514794224628878200622090550394e-9
6.80621413895077302490592600758183908824477629018140784212689178706350783730020873165718e-10
1.9850352808591919948154476260169211646761648364846144532021562673549464734048679965545e-10
5.570329429391390803449018980148535988006857245464519174170512744952889043796696402899e-11
1.503775973150364949723313959503345069684985340703765343211966198778077940045906987722e-11
3.90490319160852856516886911466297198893762437316257507427361050640033364111453353946e-12
9.75199071388730293294228092508550259822197563400797716586304126583345297663095079e-13
2.341849492417723109119935776826509669176937372296597064168809275665007076590614499e-13
5.40667213065920485598448081257011710309083344746224269924766031666616610360345504e-14
1.19984449448045321939629240876164189139187915008400703648352809646825790297870854e-14
2.5589285278598448950696766777765121776113452737682346418173548510406342738212277e-15
5.243724404001818100166635499449490830728699176492005787641697810663443177952993e-16
1.032229220590837685475266904435826231212741451331386349508173308386340167704578e-16
1.95150157458663015628939106820558033967397313229832060047789232816807418044483e-17
3.5425481307296264286892660148321556358999836538276414952629949029947537404401e-18
6.173195556672607742235847292936929814470801920680493328825691241116845094192e-19
1.03238262278933586054317344383560307686804110734471768918316486773078729491e-19
1.65650296017560537423857235209647289362809757492693064335224536869349957071e-20
2.549438816153716342723652575964162896495101651830088893029307566129682514e-21
3.762470922850846215430923893852153964818629765838153923894707885351914952e-22
5.32290218495734547974970747361623681068589315452346223922176632772312838e-23
7.21666143084125768226052125414911307565772048921495651669205870453166624e-24
9.3734063148021722026817354288062962300518170164015573031691310248655473e-25
1.16597021935012068833406462111072785087185120823401807562622191129461e-25
1.3885347288803160178338696007265232148630340107538082767758104974641988e-26
1.582523823476408265671979724367337049519048588815588820261595140421516e-27
1.72546973727717765987562558397130564788616370088937576194380633240336e-28
1.79912610327658534378832730883283245154906440994035496861884678688329e-29
1.7932492499715797364614806079989395525152094674321970371867470477879e-30
1.707913880732121476775137175442137312819014251225820824663238955432e-31
1.553647948220027317913561341412978469823646457410828695300538078463e-32
1.349301702061262478884766340743895362251889587025322363777333423586e-33
1.118244921380851096462745944233454386944402886188366031788640924918e-34
8.8395611534902557945420941888016495849121292033864725126621931072e-36
6.6615834452708267842938612764155288133714772096301373208245608044e-37
4.7836196328171194176671357751761553871264426021911939901000269739e-38
3.271444850691990724844275332626162216685072540048133698016706952e-39
2.129557751645581143260178414977263208116389209529099661178637784e-40
1.318743891296316443161485957584423655721225163249913705828831551e-41
7.76422322597395898098527787250489836024413617738994091719305036e-43
4.34348072905638826525862740773076755826017001164284334437817712e-44
2.3073104679689317298787108932011949512588456107204245418442688e-45
1.1631024858598750649856974671753085191768160542877983564283039e-46
5.560046875878839576626515966177192268010915518890326604739726e-48
2.518725201355253217185404412419803080609699227887976834840139e-49
1.0804543116030848622230846397557495566929015975821800706605546e-50
4.385551457196724323774798327617960419635731435002555785111588e-52
1.683022583539483701179520966810767592961242270138941819362275e-53
6.10162493873486109141263959519717654169095585713324550181989e-55
2.0879410765193995371266975527756840039989648797871988704176e-56
6.737830914200503995310697344362983750198582874339563802049e-58
2.04855151699980033090590685154784766551413528933164767418753e-59
5.862424249778234400057320161409001552373470841422940518983e-61
1.5775086107980007502683878263656142061826799924200839182857e-62
3.98723463253251850085882617677885632637831286028705356852e-64
9.455805634109796631450975800105114743447059844427040663088e-66
2.1016073290603882153646993836692800890597605357065558997007e-67
4.372276799450036252108756853331195851227703912497166607905e-69
8.503920441913194957175860882278049706447675952249820189959e-71
1.5442326677788322160451606525986825610060230256062664160832e-72
2.614491456196455889358974543097204377659052927698144581273e-74
4.121090265985427975861254990155135974517091190162848743648e-76
6.038448783482924339782836269805329712100157055665444779568e-78
8.211664765654026094183347301967936796512063226250559286192e-80
1.0346598858008263015323481250972148356689091036404180550331e-81
1.2057401413999267366821577727989490498723391840650938827747e-83
1.297139935451403453430755457308487285209551831447784794961e-85
1.2856985101053599350976072223365719095405271661882465917251e-87
1.17166685677799272626980152282277340891997999923164444916e-89
9.795410509396520153427939780592570767587717428761865824666e-92
7.495114861586404511092593053880680826983561723318313416703e-94
5.235916198640008551647188346490965500093435533885959007714e-96
3.330579583566459716087542805872968629944213675604268552301e-98
1.9237112725130850934205269490731668999727777428595747419626e-100
1.0058944067403564728508359533536631329110787106045472926799e-102
4.7464427440095488230498965184113660764184550852182965788241e-105
2.01419236029442899285627680835222244738037848797777557519705e-107
7.6587253050940565714986316876330264094217360012452268638092e-110
2.59909369598800663163720839400247006779218509361440202118287e-112
7.8388476114363647738497801332807603679599905303144801133885e-115
2.091486686314492221743425919964733765551747951460745917174918e-117
4.912173497696709842999481171316419985719277373212430981143488e-120
1.0101043018154456880317312821838400388466486982478963232938741e-122
1.8079330755800417353851863076298928604251216686429650441778598e-125
2.7985653418827660376842507847020719575315354047995228636194776e-128
3.7202297662210418167596786970107372427540286540536581998248035e-131
4.21426026561982103448926170012401696153311706151087010542313013e-134
4.03340021829667593157239864876876731007021299961161773997399177e-137
3.230644919442646572624482693854340572141800294253016258187454147e-140
2.142713918463633587806573066392771628228530309768399808655651456e-143
1.1628400820675307102035831958685858243901878170209570736828316235e-146
5.0945933570266070874325404725760950195757984128593141896757781507e-150
1.77452399274157861519902006585663090611646774546796281030835703901e-153
4.828506240439940862086116898795153532956233300075412789515989497642e-157
1.0057388298018674526770227608089058392710304528540953355189797006218e-160
1.56603081443308914282658101490547738079753513092107650395248215335476e-164
1.77251438699398830773567152995141807405086321104594459827662618464144e-168
1.410211273188894801174337670820474272013651246967927122304660469939952e-172
7.5712041120074933519057715834162206767091373069614315388738417250423304e-177
2.60783431300903435413523564732966255471527995060485174092332295654215477e-181
5.405233093746992669221946267148149635313330903824884319067957979702130276e-186
6.2020213749325511091532924214457145173475022041019896390130776118092123308e-191
3.520001981507449203696930333320925487447532585103253839671276936770073150878e-196
8.4286477191344152737600154911672687710748794485889477347522952281715966035028e-202
6.70193673841492453574516922702799513447578865589791078824993799826137588473427e-208
1.19194364018851227551424808874896278568155549656522672607968583726712409137342009e-214
2.2239106457091943475491520712506394052294797978904513400986514225068687538566035019e-222
6.225246253078697706527278486181056233634101846342531965155184367736727499726578908243e-232