0.016277202084371391440776196816004154591207567088884851247381375486442755795632111296653248033086209315810063257821308066829727
0.036872403007731411763748217449256618541829928455889236926771940917152274722513131064390959966667028489365097365505947448983
0.055166112037424123506595979504924770324048584281385398158469815931421956044078965250814204455941048226162708818621893920129
0.070086030679824487940051931913350863872635637206437512675034362083386101185931010467615205759799705154100793733334215136
0.080928533507958366495358169635352154455773599403301422036609947723058916940884926425107600319503921550962816367809367569
0.08738257536861188329349575367541116091665540142134312753885685213487189440650583505723742974060746730475038259349933157
0.089525648849945992653289244746556288646475175013351926582010165822832239490549879337998511502647280950355306935107224
0.08777418129670431127309722942814840700064974589613972909184136663483820941232290413261116103817823824026875847265847
0.082799134547814641395869610026440061705499192200416956528287633925041194807646289554214443822411161250909129162132
0.07542277416116288372905586318971921035629896421783902475395668513152028805127220477647427689851459559261606926613
0.06651349070563135117290774841468693820384659584402820428564793090370471021840921763368549141323836180621984979
0.056893295869681737470956563337105119367596403305421760089054287579022087663019577515289966690593537683398314456
0.04726816886779860817336272690171242153059237386581771662865653216518412643003076706463455317641905346334944178
0.0381860265205432031632506964576664406641448722929952095189237459827141835363674439797663491526424378361743352
0.030021937270183565893465276230301847306761989708758129153830792593039801262327860523554023269873769162693815
0.0229862106280944715912488120567467415417494705702736922188347715400180401564678054452790415140567975936025
0.017148651527681391831719198650039252498975443652919842790453563940204409712734190330113059538292851746483
0.01247161227398734892763189816441721245195434314322488889792654786486586312777698948754598302964814947107
0.0088451946204301397627351368799378076550527965133707611212556423707224907660363817550418089133802001047
0.006119549926705614672150081123816491460131395165050801056809793313607679133194676615342522012878388618
0.00413116211648023807613063616266027716088888110909883612256533252458294880155805323949184685756056273
0.0027218317611767342361614476750737878437221528544943449376818698455664272211915003854864885700269393
0.001750521994687759910098828866170835395983279250653474565178724142972051197755335758429757360524482
0.00109915738458261371259996229030238264497499816396691889120645353903813116471322044345011903497669
0.0006739019172804861594618557759898403636071928496203851051922511644406447161121601794583719081465
0.000403485338094392385874086443461787155941384899187250443769776665028930779691423787372407975875
0.00023593662423072483101785120694170484817747593869466860837721108983803052353942521501572595933
0.00013475203455637295103924388928542395565890727303862790729378745895203649643470022481188182293
0.0000751757699100983994256224162402244632650641495366186720046940703567322058543462093297686494
0.000040968335845716744814205564500349021744453880865350659472477866520112983545901047401122219
0.00002181059995349375929848264038986635724291184732289752537243818789748934531076208567451548
0.0000113436513039802597501846135603123420756064152396963557391007555374912072468976597735381
5.7639176706125186692029425777172004507025061591542960142978559426015343011774005486915e-6
2.86136263117051362381188698098415597414883958948888204641228154046388759089467917645e-6
1.38779735840301511274070057082405101142237444031881734432382254040679288262635822744e-6
6.576313159814140360946144415672282710957485170074675729982366310853588958709558199e-7
3.044704268448822048833955169293488806261703581526145817929736136505553166124669797e-7
1.37725620648289976918298916873613230678499139587376147511182400640539000711634694e-7
6.086815941644455411473946536681822969115649928850272253101935641129439716737055e-8
2.628260415426161127244872352139924450705786140556492189084864889551848684812238e-8
1.10877821998119150670963181295519975349662384575600651967967917955079320496573e-8
4.569963343024105978949493468844103485568396238917540128488491002355751391497e-9
1.840198381578260084860296210101497404791635670957354673074441424999524000052e-9
7.2392104393511552434100231807294852763648228964851158748727376720288970059e-10
2.7821578188660726920847001658340209565330931387942296713156828554194547557e-10
1.044538387713299863786566308039339641390672039732848611372166043964448463e-10
3.83094548828968190441652298042959814379876154792636311309675433023768771e-11
1.3724992390520352344811084121019921193386948610798397646653632941931297e-11
4.803163013268766899322368454353975908497753933959451762082568445121218e-12
1.6418557705144418213978851122878129163741744443269448403504813031728e-12
5.4817276568279945391726411798308643549906709720082869110109693766933e-13
1.787540707420546435824379781529084662487734138208131931774282279881e-13
5.69286250454115266835955811165387386316037115311381419597921678012e-14
1.770601986236746822867167417027413292066338497500244491380282541e-14
5.377803648977023211425075869463745240096085366916625598757166703e-15
1.594997297256376470092247265500229809596461787185373907153444694e-15
4.6191524241159729800097898791426274991364350292605041262597745e-16
1.3061328063739569675351821207062022295729607628570420706241046e-16
3.605865456215017918353927848961807859373284081825789914803553e-17
9.7185693446099591932626229213961117178482589382253806026757e-18
2.5570450315906763984495098811122973945036422311598134723063e-18
6.567336850127834252220898685946432697347538221205815801836e-19
1.646363871932579585378137952194516978275339471505762159745e-19
4.02826287992144982052426191200595902058515295021637963935e-20
9.619093151654634070982344561933040460711886096683020523e-21
2.241520905350979712479791992685632100483684511387200522e-21
5.09695572021302248772797773404824037832910251375208801e-22
1.13084862320181647570833772059611597973798411145351456e-22
2.4478727908783993564759752486862096027137955457866756e-23
5.16925851918324856423563662612382603682856329405814e-24
1.064844104574350878043918283770677455989177805712224e-24
2.13956047964004756105531739553058891689278803603089e-25
4.192811043553762894544939098045279786912346568274e-26
8.012880437674348446143790862711412187568399555146e-27
1.493255655665972626424862195723613582095606559575e-27
2.71331555784047725028389744460635754186105821288e-28
4.8066729171730894658415459733018130581912060601e-29
8.300866896665292547853101811879908584031959686e-30
1.397308832177982106947940138557228142949964598e-30
2.29248157274064202333325366761669689839290611e-31
3.6653644565694255831835264319061860902340287e-32
5.710559124697315208402702490125792191800139e-33
8.66845038343761029511777121887414148841978e-34
1.28190480560767796861669635709885213038242e-34
1.84659025606182037193124670831379198885313e-35
2.5907982914048777752998990783693904798753e-36
3.539905303664113986068521104510321568183e-37
4.70966662618154797391246732614424571017e-38
6.10061286140617403095341457613058201321e-39
7.6928030488940913892559060493894131511e-40
9.442031234404970735420829384998349032e-41
1.1278633191156118856420878029852657483e-41
1.310982772074467989952429068080122626e-42
1.48260307179229685514884027725353244e-43
1.63108570212042381117647762399056548e-44
1.7453713193083267598692802717420512e-45
1.8163178228594735821225433619709121e-46
1.837896940197934032833527447395805e-47
1.808034196006896058461143259208889e-48
1.72893103859228625123852396074923e-49
1.60680094720948380581321088769068e-50
1.4510625124830240775567350137907e-51
1.2731349748405550487330217681287e-52
1.085050766617854225431884430496e-53
8.98119780374802069469215787236e-55
7.2184946985882672318868407432e-56
5.6325494177299785536547188244e-57
4.2660443313716460686199156157e-58
3.135608528489017176651761124e-59
2.236179466045808766548919457e-60
1.546999190983572305211508127e-61
1.037959455345811904826056883e-62
6.7527980130848324618949775e-64
4.2589669902145259835809432e-65
2.603417590486437984542275e-66
1.5420629702208269931477719e-67
8.848638716360570305751765e-69
4.917698583569555181751331e-70
2.64637273741586238747235e-71
1.37858599822413032221474e-72
6.9502105164523971211713e-74
3.3902221602227424699103e-75
1.5995822988538036053589e-76
7.298146420328726031666e-78
3.219011514485423752769e-79
1.372176262585606075158e-80
5.651256877690785812238e-82
2.247994033224688927419e-83
8.63424019725101981856e-85
3.20105022583865063913e-86
1.14513653378414830297e-87
3.9515901213718072697e-89
1.31487975378321895273e-90
4.217407262482238044e-92
1.3034435876534032376e-93
3.880286944327593599e-95
1.1122278971522382601e-96
3.068393621098465153e-98
8.144044243731306461e-100
2.078742085845071716e-101
5.10043549408773912e-103
1.202457389863255644e-104
2.72265258551089343e-106
5.91798219411008572e-108
1.23426110285174102e-109
2.46876362224433276e-111
4.73338661502362336e-113
8.6947866830175739e-115
1.52935442589540444e-116
2.57442596237035421e-118
4.1450447965239133e-120
6.3797039995100464e-122
9.3806365068999174e-124
1.3169045402910219e-125
1.7639553387473874e-127
2.2529120846108474e-129
2.7417439761085403e-131
3.1770810046222976e-133
3.5029247531347139e-135
3.6720281881259087e-137
3.6569081719702946e-139
3.4570303195432069e-141
3.09962462486760216e-143
2.63362728196352504e-145
2.11859268795067758e-147
1.61206528367221678e-149
1.15914683311258748e-151
7.86823642250192919e-154
5.0366850428421882e-156
3.03716134483839292e-158
1.723275468123157839e-160
9.18952697023745193e-163
4.599912653752536146e-165
2.158577183123219739e-167
9.483454145286032838e-170
3.895293297641221694e-172
1.4936702231634296706e-174
5.3388452973142728934e-177
1.7759223046279570398e-179
5.4885454653471974416e-182
1.57320127128587081028e-184
4.1744944081847713351e-187
1.023467173237004288241e-189
2.313706100226520561547e-192
4.812525603137998623689e-195
9.189325990107343325171e-198
1.6069406658649585654157e-200
2.5669743747060789050767e-203
3.7358004885878506043725e-206
4.93913100420487817222679e-209
5.91438282490246220471194e-212
6.39386598112401868774844e-215
6.219048753683582761894629e-218
5.4225153196515314473274858e-221
4.2217529612025886453676846e-224
2.92264483403660613736005897e-227
1.790978832214314932117906752e-230
9.667739256925230002835110491e-234
4.572985961676338506872648255e-237
1.8847211752285003414066285828e-240
6.72646073847605886885364781884e-244
2.064900885593899722913535928434e-247
5.41245906381854821744614443442e-251
1.2016379107832152134761514069975e-254
2.23966460565740390332111543167889e-258
3.470256065565013730495654526725027e-262
4.42155225224679652281424358366014e-266
4.5765198528487197323217507906064423e-270
3.79581457215004519220245277638176839e-274
2.484118894418804158999548513995780295e-278
1.2603741584478554505039034747083733302e-282
4.85875897020067943878579830378299773496e-287
1.390310820755496942998959227763674153031e-291
2.8734866082253430966750185612320826958466e-296
4.1534201950262982112443690968416717174959e-301
4.039359386536001454177757600260953509497444e-306
2.52169779212925177807692244029856254135458154e-311
9.532466160285136734274075380177042486857666714e-317
2.02631318105092625560378392497521386128760191401e-322
2.199269080095815283867815840936708521855231013765e-328
1.06976939627094458926963241371100187446014673576485e-334
1.939178557909063183848141140012950026178864147802998e-341
9.91944349784916490304342484678214884286362356760041622e-349
9.0408677659399682604938018939152164779810871755074412848e-357
6.0722371037969197672011608238448623609954836297195168825719e-366
3.0890775559874433001781200136596240757904100025377528800274787e-377