0.0255973576367092329786123282134545529006438499324435291849903494184816877353586196001362695908634485355108733147669830013932
0.0570800558728223838662383423930529374497345295036773146047930088831483810849759626344163255965661397552187053622860431850934
0.083015943023231895631111837872893247885216863265219998125529313803971281733921266937593144099484012080216408313512787784291
0.1012417543924760110375089547591696071100763121812141221986038407674067799929343890898592743059554130799189533030696222708
0.110814645555049867603179022528646908462292743840507769546028753597264652087432838831593281922192884593412097188089264674
0.11199795680814333453392571167834915406237897352656872599109944874247177558994663492158674412702253004111323722995738202
0.106056659425288609479372562593836218239126182907973804258439847562915375676792428640224149719841379979693946159683728
0.09490072459421477972529040810148992488415266523299677688034196058385223622932259290684851934111642341545746198744329
0.080674849241968046930740049224431032186812054040562123102424018528978356845965469888726002115499052418461411581536
0.065389913339480916805641050152815676706113593271087377680108302598532244352409357079750557007150250201382792288674
0.05066262817133486714250885876719801825526069799208337744722706012566848041318807432874567579927161634606993853228
0.0375896926289058226732537924941999905340808456268073742494353291744585623719338472203779792359913150118427870087
0.02674551311523379357894379332784418937162604511577311432937117294069176352101049050307693213794302217222933338
0.0182679259405342600634732615262240261747068100794249786856586662926076156445467275483986926614674128200653309
0.0119877091832478823211027811230637021681881535855040349119016522974585291991236011285899200601868328060957671
0.007562548948095586660740758413899513614584745206042468001484889103569211380614353516274833330680116222400214
0.00458884949972636926805816683136443716567985205422434976658987553359253224229995603856835474515516776438046
0.0026792717210253201456437110923151987054568859751991013950716476441060378561725676511040244930636050092685
0.001505723723942570182139672612947879229417814518394324178114708488165758152700638848220620548336257755811
0.00081470270966166076979367246735276218883876931212994035226594461166205479533690519459309294426963947878
0.0004244874207238701379125262885929389871203613898547709065641709968389189315700886341500239285431891256
0.0002130146372337454784252491710015981679658763127493029906475881031303782783713307887709895269416927779
0.000102963659463923700645343096155227848657745311329121925841294993569800574407142296497350472810665471
0.00004794303554129344621227324230309527927398193863341286456246874378403483462316923828167740811118873
0.0000215059858763913034342863419867210810946913698005224729295859823857535724582522140616126440338484
9.293949454706738711191186167843326367157910737533588461649476492119386658762603782849923063295e-6
3.869493062051157417211363848047204779308611848714767098522200644940522120353260896945835662851e-6
1.552094574647964221942680066440861435207430583411965219551360214828955921491024780940784910921e-6
5.997673183440638727670011658782018262837672148956552632444620677643909385094157512695055702e-7
2.2327052107357201284820246434595122374236390234402542579002489822713340101467590831266397119e-7
8.00647320104609301171378882681637499767518946313057174525649473693324653414311305225289935e-8
2.76556581767463816006884413887010767866980681881474737432962688766813644926134384623184054e-8
9.200806001755504107555294488581352066766043622451859008689292657172973137667675312726764e-9
2.94800419155367583896036081964023163298038970256845256186770721268221276242889096289808e-9
9.0959297549091738745449378610421509858948055990576859693009875193273327279334853944443e-10
2.7023072447833659149848639443953633497914992385077927376411762082078795727868897913581e-10
7.729268855215775470303119619567951770894633224845883235380861605194175438792265025108e-11
2.12814550140071721327267110447678873508891677460806957748941020488429630671897458667e-11
5.639783285798363371107428670970969323118288235181280612519274798577382961869928912e-12
1.4383235784551690864063762043670629497125206606803564494719720376878185937830400085e-12
3.52951253286739908894931074080490087341744504830782847915432714288740888205768424e-13
8.33227650411061229834673937736630158451206001963286643995876010365888578007095902e-14
1.8920227109183814413173533439938395992280253506816041950431197442335990122997731e-14
4.131632663377744379837317441909170797468175156733632101007873773636191534070825e-15
8.6749054270527766031832749788689272789210478194698918261838215584016429451332e-16
1.75092087239910628265078747971044543977155507393195712901707377588770537070328e-16
3.3965190375753980950770069706402673309437137051251063775864054607733262181975e-17
6.330971404144610080772129893617173650455567308655951043632295400729394908597e-18
1.133637846829708037462652759546465327125450881008177049097683355333860844189e-18
1.9495787692988953572099600720427169062989588872933154427455063893498944475e-19
3.2192912876126367554185390977679872374194765645907524601089931154344714519e-20
5.1029238304430369090397114644098864913996454498934386906837003349088122695e-21
7.762455757972804777458052403419707125684306074964127455700517818852396322e-22
1.132864276333869442786301696480602347719924213899716150093999891473305848e-22
1.58572619578364362957647699976495778441149877621289408286386903847947227e-23
2.1282286985430952711188697597770046309518315813975053362316042757608449e-24
2.7378620600334543985558524705639629368321126316269294954364037383862646e-25
3.374943207402647984057277651292720275992769860466978220593588276057133e-26
3.98507408451030637081210591205013821247477606667654774825164184993917e-27
4.50577516308673930168984394144831103883129520709419657569912946532418e-28
4.8765041141282706153308957974137384242345844260440944803218901523516e-29
5.049993851332133112830135700512124011858228731035096942649651587193e-30
5.002046826549573197432256586363425967907650080075305936912460650251e-31
4.73701590014947086933939144474630904055394337000288674931432874374e-32
4.2872766661114121685631668174355644165754329381809607661851422939e-33
3.70672856982873759285486847202755722182665341842389937755230578892e-34
3.0601245249360587861988009716121944481093265645918086361458594759e-35
2.4111600459484594880277931565026782254404620857723778639605686886e-36
1.812358376875053121098007752383114977551238444043887215415868462e-37
1.298907755572458290312173336777253313017210642882644990462828943e-38
8.87168535778553281818173572111911817746984570551669194973258198e-40
5.77160950839112773126705046700983810714146022450617982819192041e-41
3.57447116094633401832327556380293656637068846007328864468113913e-42
2.1062167664553711752031337011064080191324124814903862954288275e-43
1.1800870133890302319681245474028528570407932866669562929666217e-44
6.283165494919875933884855738689453183976644600504896612919734e-46
3.177023020477740569202257556730027981519073454349623684517854e-47
1.524590255326329165218969676188956011811787142715628267678272e-48
6.93872203545166308471179298065757039174107359698193723942087e-50
2.99288951230308377508417022569822307623402697960554597617572e-51
1.22254836290714199883209549633011805923384836147875554781221e-52
4.7257676414100207205060696878682241969575046486129897503851e-54
1.72728193165149524005498570345742720986064151461808470948381e-55
5.9645594880975489388004653218278741703228224075331576278692e-57
1.9442088708802898402899993870201075344106780477277398788032e-58
5.976770721279032349249799687318419143343297160186898382508e-60
1.7311826269032624464876679495155261341238956480183318217064e-61
4.720066473374855607371919049078077520178724146243219606411e-63
1.210153527110083132344918566829337160451106818915131262659e-64
2.914465618652917885460885467626274679832440391556267089503e-66
6.58600635848777205657070521732209640269722546387163324144e-68
1.394848836146198545799509821809606524878416387112529959387e-69
2.765336886686295352149316778026129728589062436287038275214e-71
5.1254804177686081645989888666690087102331413261021363771e-73
8.86973195339956977671249862753444191209236611917175662458e-75
1.43110619043232737061542666974382806281220642621546824657e-76
2.14973618566383803242859611919803406056935386025575874372e-78
3.00182444773391750669973601089958041689703333285372372192e-80
3.89021179282097157671841003521615154824011795392209767159e-82
4.67104157395790408268316612585686774549680372556514011528e-84
5.18719332599567563315115621644676511464218464909887152948e-86
5.31756799738638559660638472658982552472060830511220736984e-88
5.0222002940839906879757942892258550324893466147243615744e-90
4.36078758181756528645579520403355482096486417752756445482e-92
3.47346111216998609041060069146355966669157445647591775053e-94
2.532012775595353028579309323605567540241058517715153333586e-96
1.684970571654689438998577602414736197897197423207448492007e-98
1.020918115625216471688201186728891144228656287634064487436e-100
5.616125362924946388841117175587444206451242034323380309819e-103
2.796559532402930503338903377671734401876862488551365563784e-105
1.2564868179875709302619398005603780511991895529867534345629e-107
5.076282697357149265553011963206367475983079983164630669929e-110
1.8373299687545900097535523380176168126833868813631386262341e-112
5.9341988070774123443676191007327511080204159950875537357817e-115
1.70301341185618606151511542751109081388600049584333858005647e-117
4.3226969086574942853354468141508560326162163117436634653433e-120
9.6562089184544259813902156251594288614469083483803201657781e-123
1.88808896579042788138088264167213485628227390627375945780485e-125
3.212488611702573114927666089288528925882229745951353722558749e-128
4.725700917019119292416266781944116953387667170847329212681439e-131
5.967992944241262780727224070122834279602475996901728814801015e-134
6.4202261188859317388575786771646444399688692817298502115369065e-137
5.8330863474295924788870646974623632314226506480982798124842543e-140
4.433282841888928300352640182634753454935680310609815380819187e-143
2.788700546943813667788226060494397622570839253492991408743766524e-146
1.434598997644214755533232630696808616550752703043495095234238338e-149
5.954433777879202416182962655024658231251064863004689092598208654e-153
1.96360289701457717718385750399997626969895311906940768902086615371e-156
5.05492385134716969188798954420738359912466604396730130116686414174e-160
9.95336596198418485466386198833226041401859890669042597362294444407e-164
1.4637884069143554353907221814397362453915458984797526743623422716316e-167
1.56322227596729557558658342094628936879086443811367313696443522510489e-171
1.172106047995433151147523021325501745003171220059280865754967675030689e-175
5.922753492881360195901711756075281299019810987933350599274192805403258e-180
1.91710482886037261288884774240146549826727739983701409956554528366844197e-184
3.72734729889363502962643756722060622050572600532990562894893683999305855e-189
4.0030834162807975282020268470921121670778606705374154966285683421214032795e-194
2.12091938213604474165365858673832326168270048368012784471305407901321136211e-199
4.724977081478219461801578052560685529429855107216779572544432441446664964699e-205
3.48001988854956088567323927250998304867392907091192628864280610589679091722784e-211
5.6974917470543112303433429708662311794569519484340008263688113745338706567022991e-218
9.6915986634697841853829139354235825559470916546564587585457621520642851633622466e-226
2.427376499825268781980627837573104318719185806662029605630824334807354501230954716226e-235