0.074262005828026243772854783070060712711963363338519092477621535754823975330479735863081279082108705018619765197102617069043631
0.1522719498093528115032364832025553070423991350612221813823444766341425176896575242951852199730187613730591654296743100876295
0.190409088263911427701669152285743099870844471908751827643423433477639918808931433386015666191306337011891377122404083378418
0.18663305948480594142708906078507916643962478638940897606078704336299963560178524860016521249676990276733675861659935324907
0.153424200157578299741780893110189312135998478507643221301167439408314631862525359093586269629239845937163680176747913373
0.108779692807490252550889563407333188476156599210934746636156181277727353029146477843215127570712958077266566647811467346
0.06746073860921946270134458534452948310954524600858689662953215573047590813459189359008873440199440458026896414300704328
0.0368811941158212102741265594342750146746595313200897093527402544073298815640730756620901806380356462161531398674800289
0.017856844269156719557697038355942011760636085515015605473255685346174861838036059153265495601902856809183530814840174
0.007677616514497608923753424001812625289259861673093857027180483652195553321362321853193964159430493221328196605550565
0.00293578590373947346709632961058551769920398175871880380699749077617966175334345856757153167079594394802751715098406
0.00099906553781588580412518463199848747576091282511645285369778400022752107897878686102751906617462882642840058258249
0.0003025980169922584270828923913709994599287037341123334926057865213230271353526359778024072687390253888270817383689
0.0000815387118035541307631186370304212761687579181966263505946135275304431004941363402824523877557363972288423962487
0.0000195315871572807240983668047516633886816081011227478808389382582748264219223638758874993456317003521727799645708
4.1541829450521746723789148609653878290319544555084887650221902576856359303345697922557452020577491739263864644e-6
7.833700380277587035200325407552846085891223273206912170931180414688028473463165267483706479547607959277080238e-7
1.307394774920602519697624334412944886841564911324746857714467555390960100769809698480824842351318146245849191e-7
1.92707140801702843781428068123149447805023965706402930859775820696564731000540226751000908571923721991259122e-8
2.5026389371263412380502456849834439744275424733275645130843469613491254193244817642773413429363609002775338e-9
2.8557855087716225448956581722111090243668132662068696798356019636194396678034435100839156066128974037501922e-10
2.854622412059155813301449405261050474455974871712513616961946251484679154853082281635347713550242642292714e-11
2.491010684937224706687329172346124638325908866509752130539597562971034832343535304795863946956767101937233e-12
1.89033660697154423658382212392856927764956749457965818908426412352107534333056299748271911758382822695116e-13
1.24216268594915285426747416530417524428853030556579011769751613770411629024970068560406768334131158972827e-14
7.0342315202126179104127754436074964033288219546024533076934980407681543120403770212056963576116206625734e-16
3.41454914859188710704869420005127674032602449707207542171831841820512199554072897115656350179767716278e-17
1.4123154148957396791360794209835648167682089434615797080354257737916582467552898530707933396231239842408e-18
4.944218008097484655827484651097184745849333483125085091747171846790765148962783168600514754731494402106e-20
1.4539524813678998760752094995185769449468308254151062975166481323894366147936445416504434381575629406167e-21
3.561068365004085750834469928877961276740303332588901725784017955407989027822336150579902801106929500917e-23
7.19405599649472423074023712668445915883247889116163182474108825537125788561292810100684077244056605553e-25
1.185537228350586044400134096987986389392241187634698524864807479557594838680921245668698480795448326794e-26
1.573491357075602192412058157017503508319276348461201017928487590747505886843126065881560248144038236958e-28
1.657285440919482875961814847792828452712098791787929443235218775586769269073787105168067394839434557591e-30
1.361434162716342027054524656493009620825320330507109252001717264301707719442935075325821902103707893301e-32
8.546155813963136806009215276447145117741841391544450259355791500389090619245494545422591306122889482826e-35
4.000090532481346283639303431228544488909309774729872236646892525197670453436639207891518206009527512014e-37
1.3550199911029973935032775346527923556832864188438483626848517710371901637988934036836029981668486483368e-39
3.2016367953549139002799680718847973330226860315029039405006434266438193628237938111281382620277795252161e-42
5.0358691660610958664824208431864537777473052194305126319561534348534331927534916800957441859957977756111e-45
4.96248754070273290093086420818149594952280064594161186593938320869941586495992037673512770929381891259662e-48
2.82351071612011276707488704049911239204418933001393348970861215367424123626345718415746067730368450435344e-51
8.268446069505063975703054698473136563989594672680933912902222892759491456389896760075853508587114490693022e-55
1.0490648478212719262750596919544729923268478345165822207929541194308712806903082918253980848554412411886867e-58
4.34657442273885662809731998168802746746672504836034186548308781632976494762959641944581525424363947537473968e-63
3.434736438396578023450052219948342947518839324178399376025384474597784839951111632928453138455469732102555077e-68
1.31906608839801659213397145158921517121707387218022285646380355660648197401578334997167671215298935863532860787e-74