0.017757275930595670945114127057895252631468015437994041476729615871054083026588356451438918931286876967155930808570651421622336
0.0401250903693994322115891737870524048437667071775199401891474963382959781656716821832631380985987663739680258927777766914503
0.059764070200823676716907317143385683242722437915350022130441704480372622698853448232155290622933243171530345865897348508722
0.0754374393318358718373706611750250566912311154688397587016877745568782307040255837140924260172219353821735877379829812757
0.086373159516195417961075479108749885872638804873290596488378364733877576401849506662948567195239357212742887668887657755
0.09229050500040623505608413174653506636582900458520090768548052272186728637998352099679082164318565122189163457996489317
0.093382902468973372236106262705445440594825359483736826152868912541096186527251878224527203152400034821080858738833691
0.09024147638200768879224191117476894580089143946968989505607080718050291191519321494383784115642716429633485961125245
0.0837366390969522040701719676968053825691594798175331221708394657133570507563973906608414512014680077211593949416211
0.07488110287390261324225930331763696139849967551091763657536394366879512132920025175782987631120887762304031285776
0.0646975564299117889746663801545800448416498845295476066957695308728584998165651159902724647976738391602136617707
0.054109638604450998670894530521416671819109524473733476055911638597033943779392919208397497977519443373206094823
0.04386752823959647355044195525350584563265424173585860791915624478648679385710372465923753150516522074230350941
0.0345114695894047836670120652868456537277999865606806256622622827382533017400961884578926133385661161049800799
0.026369640593956425079147729944356170230677884923741521357716067788445942038617214953445671291432749857915989
0.01958210311942365926587363695206603440574795055055626835033438212060700598541388629000037030890717995646232
0.0141405466609103560713673257371239302676065168577484691471886792828173857547052565248128164112474537595502
0.00993387407194607843969794700919098276638411439478274813747093816922887262807229084576182551943756763797
0.00679166739864898379148138032912923773113119865537235739727537794220933713479207548590008360015062113155
0.0045203498477331788183036518526415575252946627864573008161975296741883043299589150737358104279768307698
0.002929653296031586118289475970016057647846961595992656402788058394626512665306217591123312788903510096
0.00184927589682843656748745473534490196143207996720342120048494307998258677484780815861574758519593262
0.0011371204107785647962332112183944803379528105018724916203969427191706604150585829509757330278626241
0.000681233607621327696109627340490429841309602729707488401166186894505203852088030311763710049735904
0.00039767263604448132976593186557291129594256121153961331525244577182702322922256987810991429610219
0.0002262255584039186547921247575493692145994858651915513638275170542711763788610823863829036328394
0.00012542456392656284116562115516556816848296235446790431441750952091367701319692727102658202776
0.00006777671897058663680870198755304898703514017917242865428725349251184384832839679508172967989
0.0000356994692779741643794666247403269368151723065160495423982054510353417314542869323010088354
0.0000183293660019137565156739252104680815647307426697824422268410578837555653134208487170913278
9.173905831220975726781336090867996446708386431270233889565493484327422769419196137472932e-6
4.47605003310998245710536995761336308873393645053201665311214117363250839034467229822885e-6
2.1290137535035291754526300177934316148331069757265726773851721868816514505173321548492e-6
9.87212573341293704203666379075602973783169784499108210239160032269870894841387750217e-7
4.4626660791262668192393237342665588545303228868715498243317133857221036089367918468e-7
1.9666619516569574680847005033500224581852210225332022440043115441874645042123016066e-7
8.44917397955744299426545710502132010317343583410429738277582848128380304707266915e-8
3.5386962599668242149759403876097335157479819089202009264435821880558718529675104e-8
1.44480734852399263169895647915859764127188733610826500156527291199856724456973385e-8
5.750496171529069920079557434834101937450394760517533144079336067934331979080725e-9
2.23109783940645528678100139043900694823540706858306408216345220814211826928947e-9
8.4379555148813568637244588521390743135118274943650406784128919109560059927806e-10
3.110619246929650223049558632210705397071140234424713610642040288795102369035e-10
1.117716193282592166247499789005124830909651775521384600548814233688570135421e-10
3.9144773892605086406763485774854687620627647444893542521092093503744462829e-11
1.336148044951819130121225119997146392023130645764415109771196506605529516e-11
4.44481256856529129329249615779870594247850372520752185399162659642727156e-12
1.44094872701366511211614172055388474484821413520968104986645435572304989e-12
4.5521499512672502812053501502308494069859298918744456354505976787017852e-13
1.401305934207615608944935505043603168765783026406245703172054771167658e-13
4.20312043407299080331106452292437207558873531366571290784262657309639e-14
1.2283043590400258992330096578249245079398029297244847654008995811005e-14
3.497091405260258875437637777151941956294696742300759966966014041321e-15
9.69940515569613626294262051174454301399166616499722431791386447106e-16
2.62053158771930817171737654688485638368610331476026945176302069716e-16
6.896165973282355340987745680590394059045098953227242663525649482e-17
1.767529312175907143619962553270581929612028749847282849079757676e-17
4.41195979488628920246100398213305208139709834373924530075795504e-18
1.0724242971620479826275836804201886958505867675228803243652136e-18
2.538252855915821728815118822736004563186990302880216380316942e-19
5.84922072710857039799578477305550872469350408408658256801105e-20
1.31224992445012750950397585168532375049379476923978121732541e-20
2.8658260837793485157418909431739974448849057669574055193436e-21
6.091944178420395398224381182995975540805106845336123101654e-22
1.26035141320944000822226289635690103663363391067759354348e-22
2.5375385106603397943451226124357384416372180322811212752e-23
4.9713372294492558911801142328949352983841863462343584167e-24
9.47603098153965957461665693835494186791262514307625972e-25
1.757212054084842336337861823837940366351915647006272697e-25
3.16969022769062955283816600778359558500190295211538102e-26
5.5610088999343170141560764694756009882956112865533683e-27
9.488167136548466723198081817609171297324262567320471e-28
1.574162358995243932170101462773850139255985240903178e-28
2.53921985087037470433264913647246217622164369528236e-29
3.9817904488384346947189569972807146327934015971001e-30
6.069125621281251247068435680191005314091321294227e-31
8.990510654673199683301158343762395925386090739192e-32
1.294173529407428826052232056572910428039404479256e-32
1.81004139089188758860342167908501125273516943317e-33
2.459284334612253502678768374972373407887089697e-34
3.2455483196358465125590170120357463722368291568e-35
4.1596787374768212477235041621016554410434631e-36
5.17673033273639766196349567079760674557991305e-37
6.2546837691994778723538320934455063517359481e-38
7.3356327008457818991532062990975829703792502e-39
8.349853046735984885708932069999540682575815e-40
9.222613196252697779341039720876284137076317e-41
9.88293970129558455700268343819873750063907e-42
1.02729821338683540827813230133413458332698e-42
1.03562976843745787845576116969613387858758e-43
1.0123427352428296138048835720948659422575e-44
9.593589833944750893767802497235959756988e-46
8.81208573662780790836082826480312818366e-47
7.84389307314335576800072375093195347993e-48
6.76471135471845241533974681172857172846e-49
5.6511732982096933554885674668876896764e-50
4.5719828458535233641167140387441009789e-51
3.581374519152613919929908631969380144e-52
2.715653029893155334632006473988232962e-53
1.992856423004104052376579738513353278e-54
1.41497978830038944820956780483212159e-55
9.7182867139667815142131917737795266e-57
6.454826064136918835446672629486895e-58
4.144977312604549098448292539460269e-59
2.5726883224581867151650329188041626e-60
1.542983752276183024986460084585014e-61
8.93971124972155287849297240994119e-63
5.00206515875624639818306418994988e-64
2.70216289335669337669192985595036e-65
1.40889753225519572655829933071881e-66
7.0879235308942422939062811698313e-68
3.4394812931500358779907974463401e-69
1.6093859712541310539839804537644e-70
7.258989026666355683299442207392e-72
3.15494847758474508170184432373e-73
1.320858231326521017340980035243e-74
5.3249002975900431680118799004e-76
2.06631922595255268226793561206e-77
7.7152318621356269706183206759e-79
2.77074546888239502703354937909e-80
9.5667878433196166838665997026e-82
3.1745227721581433223521451308e-83
1.0119276118990977170428733243e-84
3.0973467584944360248221673773e-86
9.099234673131731629468981182e-88
2.56444981735732061101612465e-89
6.930293850180705044761737454e-91
1.795001956418761596804482306e-92
4.45364341436374540551745944e-94
1.057981380095971452601345628e-95
2.40503085280758559697285967e-97
5.22882570645126172288315531e-99
1.086630686371903917051938192e-100
2.15724608641017548664470371e-102
4.08879066796486037247319968e-104
7.3942921110325106921072537e-106
1.27504380416203356515080177e-107
2.09503543167457555840450496e-109
3.27790769334144941453868242e-111
4.8801405705518032124303233e-113
6.9084207292806712099046689e-115
9.2919207796119971097212691e-117
1.18650684915047422611553638e-118
1.43720435267599431909132031e-120
1.64999611558320487397346871e-122
1.79383496292759993380075773e-124
1.84510879384368571298602961e-126
1.79387068539358556378246439e-128
1.64688705730359210181887757e-130
1.4262549371075702788523723e-132
1.16394005411259965296555385e-134
8.9409758734080715351438913e-137
6.45744985142558054708373667e-139
4.37964539993229999144275355e-141
2.78596958969025465701225534e-143
1.65999740251090782338693749e-145
9.25211530791280273558056375e-148
4.81680973197309834830883667e-150
2.338926142928298335747880844e-152
1.057634005552752642996631582e-154
4.446384377276190192189102027e-157
1.7349515014940387919890194745e-159
6.271843010188153504115745081e-162
2.0965696055423097762094413021e-164
6.4679315646298109725084884546e-167
1.83760863239088585101547585188e-169
4.79746269741469474945344840538e-172
1.148224199029389461237622351268e-174
2.513190312754834975382480670447e-177
5.017314699993821488470447309351e-180
9.110859720023327532120960654724e-183
1.5004070873468059567283803551911e-185
2.233871830991585809971289853965e-188
2.9967787620417930688670334464152e-191
3.60950577299647632752461250111736e-194
3.88846599239946585997950076170416e-197
3.731363183433433377648871685911215e-200
3.175440366438358038480956655036118e-203
2.3852225357025238124548764571118855e-206
1.57332855355722718042651390691340545e-209
9.0629344387000308205121860277055202e-213
4.53172963201889593638214508321925026e-216
1.954153790697076421562275396660582447e-219
7.215107259214854666707929605444581518e-223
2.2631059249894797085771378602176986814e-226
5.9784545214482324620954675805552587475e-230
1.317472257132852658402821300659321410392e-233
2.3963384188447983787481864883487235244501e-237
3.5551354808857017050013653832262223971729e-241
4.24501147982097594377408390050445507215342e-245
4.018621124047842173130693246602043953773298e-249
2.9648950489273346494289377049277894298636938e-253
1.67163388037391668710095735628877506889473791e-257
7.040406944454805501117045784355614346085145805e-262
2.1569412644226324567190214702500126353689207126e-266
4.6582081509605610148286220445964097720413386008e-271
6.82955678055595201935386459677658494111395776042e-276
6.4932906466793394923781456511301260684461179906113e-281
3.782416081476387562208866274502061254166527553035093e-286
1.25610422380266437015020747400111836593896784527476669e-291
2.164949406504243349769390716584460150536278565275691064e-297
1.705870469247803239695067128099125953187919030875556272e-303
5.135637316697907667450984571310255761610837881790243813454e-310
4.507769343727713556710938329915350223601396185333888459761e-317
7.3781026756413627015117342100119209160859270958034054125512341e-325
9.549234929067107872488498854859877326795795173950601377345404913e-334
1.0726631765998551115060093062282234218524286356985215319283752216634e-344