0.021208152075524530613681458207067774032491709183905671395775158917629615405943226596695127192093119296351651979240172746176138
0.0476447828327496393413757672165832926518299145402243811692053430310153975584490763641042531588961694517843140279081996589128
0.070225104545559689950445421418270473323704494293844053060447644300685767049263905919502621637903259573528435967504750398191
0.087311242104830590800347200149451956096910225966979175500901080864357943702527610609267576093181191038621352248600320164
0.09800983310086233543665290730051921928819201498431928194852493100956461888416716158564797108522501572421047228318259886
0.10219514834883156630594399010195176350110542403152656545369375767986013594399676388809741693201258745921186479176238679
0.100437435709417203959921728246127955091703341252761104463939157531135579835593915838442262924054958717482603824263014
0.09383381499908704725416941829033471673215974529242031578403115675793947818648833604891163795832165954465854728002313
0.0837838906216998378119385735904843193856495533297078126690423047991970581546357098804293612532399195804326203162436
0.071758349421908888798912978178528928995795036520692217571312018930889686461887888933315404677633756684234998383459
0.05910208131594519786922652103666851999891931585746205720161358400777279863513605705314079099256550162747686179582
0.04689854275007788256916459908188324446332270168607788817489885809544390632955882519468314206719392729756927108
0.035904430518234587620930383265575581421689477437091211885434120739126183231900764661519415283218450508554881
0.0265481105868478892602583367794342279755176265108753929853312785124332302198279598175601190204203076543501601
0.018974883636880575308296392038686545044475948515850328367067076502742823371256941458216252928051821528256315
0.01311814235434297240186000315694185687210674165909873803610712057408512197304730198209591714078500361572997
0.0087769594497823264020799468938848026888849361962246591667456295280026163245483710408987610835559718158145
0.005685664218476937561221614320951237941407954470267689414255297089762107834172508130238523517304236589806
0.00356726965014607634583980196414046645424044129883358145605295968455723312890722785120135810224989394073
0.0021683676634806567824191011398779476312705053567137266738018453850234336526281095570682598134933404597
0.001277245603294603342826412321323380727621499405429106432595632709631689232900688398441441684703618726
0.0007291960452905690271716268229205631943133271570749611566609607850199703832981154157137295157619585
0.00040356286070499496353389068705269883865127319789333527739631702759267422504579803150264419085251344
0.0002165363610157687918671532823360245522525766559393733159085442004658777581121445319334337258592407
0.000112654374916377168872226375747426656847893148341631083653120984781028560853762466899199220502702
0.00005683270452678569961180279800185661644105233459237222373679614827554086158239947746912766288699
0.00002780410533474852225851168762267315799893411195449676096836911627855882970653297984323060978919
0.0000131916781393368840145238889308527794946128137384432699650842692895960973312408980926938998853
6.069956377982967908583282678837976027728580833770713385084855188947364036629661531888989562e-6
2.70878019976988244861029688220295982495635065192135017346400091607236914489703337147937493e-6
1.17237854758962287511050562913840907128895792580423754582030601969903287451130727399175488e-6
4.921149064834644111829719256465329026251930760076432175250947151277363455079918669185058e-7
2.003384124877592429336702645718741834728205922966247606886732286480052569439164017135087e-7
7.9095475518489586452219912001517615883629200140065630685931898305965439201281089243609e-8
3.028418309981253884296651874498905664046864665978706813570604223481211076782216490139e-8
1.124451386270488864155956334288672605398269555575620784116556348446765640346742019875e-8
4.0486178429687561977738287820972904551125801818914435531910806690226446868356862274e-9
1.4134872924139120899550657271298530575996180062836693665992860264406021365636106789e-9
4.78487952530140466785945329051398303244372152049500991820120993122159270236846762e-10
1.57042198838724211121831446225841544864376789101331938301676925885626463493092507e-10
4.9968661004193228870292209378907288586232999030043046317193175855802814312713455e-11
1.541282656349314694618439778552984806296573497748889945448589944935778088243904e-11
4.6082386021527492470403653037225406107574684117011515953294741828620371940082e-12
1.3354210730450101894815746148923481823156544185321277873141191825139019231995e-12
3.750527229945397709421060934081672901185378093216649580811362556007875756911e-13
1.020740237768214248288343348969334031768441858436542735976731677206305515468e-13
2.69179965987545824003366389605646633281263292367707337957137896253415417064e-14
6.877465252602998934024217767839743756642319921571964253869912539972596124e-15
1.702251261144233252866416642236029923930269197134155187657869791815093524e-15
4.08110504146096161288380634181619730740662896858770664390220362105222034e-16
9.4762790101163688042051012496408135937235534089339664854788128804686701e-17
2.1308300974839066780481449810055263531940627352507277481581972652080229e-17
4.639311445410376524763509873984581456069276005320191209631450790454513e-18
9.7789584442855253381626146596123980581178816194527883356738833792125e-19
1.9952830228497641618958960643905183398025127107128730754171561523331e-19
3.940265857181735346301109695709291496440497609608165754679284917229e-20
7.52990886279958240305400633912730184556357890102792919929334270053e-21
1.39228748268624039226066925750007917397178924411698302883525316046e-21
2.4904205210452654852333310356962528971507236475716415005395269125e-22
4.3087201898305513214924820802276776747872788362691940221338629125e-23
7.209093766598215436695396268674658591862019720836582730620493531e-24
1.166252011126735264657301282638919333527895820894547712419001536e-24
1.82391102608256731281636379737961464282523033983569643710023547e-25
2.7569704642433962795485919069264788462589674021602103833545545e-26
4.027105515170930555797981617005697839390597745603548687091913e-27
5.68327920108253662014772909012946423752113210139348025414714e-28
7.74747376687734664069505842639020324921860034936931748642693e-29
1.01996146299126608191456167849335861223755531063222920598575e-29
1.2965062089489631414984021363755773074047222784608204696743e-30
1.5908692972279967486973830026568981102024957640731731916542e-31
1.883920083724597523335727202835194648422573201523335099761e-32
2.1525567621640689485041388390184728167951804623500031542e-33
2.37248780137353212527392660979318381175995491065317833031e-34
2.5217416706183362667958145589149904097858184767084622787e-35
2.5842305427046344012745170364240513351428606406763359577e-36
2.55258099333635273140349100870354790669818837437416561e-37
2.42954884222038572932391970702985314470883785618771478e-38
2.22764676196614987779812216502145771837460299116395586e-39
1.96704735284344846165416151017795412471156223259394854e-40
1.6722478640580799089616782907668040477107645012134659e-41
1.368263072682085345758529481483041052800479951017294e-42
1.077168305190541396933235817092656767288116417295886e-43
8.15643528457259777253432888447129159315048214317074e-45
5.93845962001808050378875243335481716631763312055416e-46
4.1557865581470361704067738882831871331882671951951e-47
2.7943684573655683304059753532974459640258854421534e-48
1.8047021217862257241030169542282568423866039842185e-49
1.119062845831964041329552407875296788106403175738e-50
6.659801237467202319706607854726545889132729578082e-52
3.802345389751170355418071325816452294552043361921e-53
2.08183233305499467695313808485402350686781607302e-54
1.09259380357068002649836967874330051860539231669e-55
5.4941402573277112681769079594536421963357219169e-57
2.6458919296744327471111852203425453140000873507e-58
1.2197561186007098633177367569892591186558106873e-59
5.380136216225727832770900111661648752107594966e-61
2.26943153751524452208356723055605646697995206e-62
9.150013402820703605361091039729558191705780787e-64
3.524335910789118746774752652372145835212264956e-65
1.296123472796694843418601644873933115042938243e-66
4.54866287973026883404902767497862199434332638e-68
1.5224254684429387342815968375093379952191435e-69
4.85670077866072456841399264446122187643640435e-71
1.47580463733898607398459899181588666024056038e-72
4.2689247615179068781976556910663537447189233e-74
1.17468219321358517216339989403181896938123835e-75
3.0728012555699212195273045476312103795767806e-77
7.63572034122815613753740514276532981476993e-79
1.8011299746415806141118445061964615241645623e-80
4.029821996762708279564988976069852337708597e-82
8.545281028078380669069303346089228852112719e-84
1.71596104418567470047563348271159991809032e-85
3.260290657195475057956333868600093161415183e-87
5.8557950109403052916526046203378025999977e-89
9.93330359984027360329535482250321084752568e-91
1.589869511335711202401559496469686373239182e-92
2.398578263437344720949723074617095733619586e-94
3.407358101862194625723806153879061264071208e-96
4.552825930571249026710546962208408134524161e-98
5.71546489084657491529166204421989051023251e-100
6.73311349579264419080826402160158070177658e-102
7.43426801022124155832059639989124440828931e-104
7.68348874388603334093445350648577449703765e-106
7.42320088047359352699585092397727543457415e-108
6.694587512988442333306166545804792301773419e-110
5.627488623620464055672672554664406403191309e-112
4.402414848453397407092802035949042929552111e-114
3.19997824941854753725256919620630620032891e-116
2.157453647930577150758076661619047351668691e-118
1.3467743972268427956338798286018588817359955e-120
7.769386698825865692785368613862840006816729e-123
4.1338299547700323201735953065229454436286098e-125
2.0243256513266514042626932113512014114483031e-127
9.1034619773086598443571369821450486365254665e-130
3.750698340416307204702862448260366589335539e-132
1.41226966474326757407769434033124702119136656e-134
4.84705659583753993998095869844760839676585452e-137
1.51208818359847592218096762000418380181850665e-139
4.27484465953904899516082243483877154436680664e-142
1.09176209206803506399076698094968049586604768e-144
2.510306406560566642542582203728434219229331852e-147
5.177737505121798149436519051301825053688621853e-150
9.542840318324982303131802159057643648341468269e-153
1.5650327831805168818873558449404674430484523074e-155
2.27363797828001939919307897021865599111870581802e-158
2.91178497862612230417505439786139685648807784624e-161
3.27002418490924206208166768769628447572905515159e-164
3.201945252383223310178226959789151011774704734825e-167
2.716718326939463580613293441494230536390532017745e-170
1.9837593451331619317411976496080564803019135981177e-173
1.23739232486636133755582080841730146598748534733385e-176
6.53933069625952065654814034490495115554267034682185e-180
2.901504503218535936471985826922115864852435824172242e-183
1.0700324594189261043189222206771304969817313654140287e-186
3.2431260307804384859625130277027227729578927883242538e-190
7.9768736440297200873460955374466889394452195551087924e-194
1.569638021976435975705872540058090599589411814312804225e-197
2.43111595940515226255543261724625061866347330508443423e-201
2.9090934765783647140688793548242919940968429367061391669e-205
2.63204438960745439497338585698641219570363548424560410649e-209
1.755793053440574460093608396081903196766458095190108212717e-213
8.382416796226379830273631583225608504296492078648636574661e-218
2.76372950617934985475251045522391230219389480178991245274184e-222
6.02576730366522779050305682744956932961302939202169340149335e-227
8.2332017326024357791713492874128560498391540147523306510780381e-232
6.58512360909729283909243791349768062414711189374781644073574391e-237
2.8210911391304231791602482755084121606575807976558994216862451667e-242
5.74170485776826742006240943176645073512520449008604251991740819449e-248
4.6858861140210205870964734999488799829465070733322292086932403769091e-254
1.187830685950912269882419184652211633608198930318370829185001445697784e-260
6.1335992725367350096005851472304256823228613280017680733822895744881695e-268
2.8726743798732906795733269147771694009297308097981085133698958729975879694e-276
1.5223608986502686595834620149063203360667006561712487013753670058248741117548e-286