0.041246893776253290058753268608863358431510178107825479807487633802093992932767210446820822915045416828198774061850225082401395
0.0895581601467248436143600262330790015811486376785482835550075106665071453546815983989347660019786735736426812690586434588077
0.124150856942367930853584492978310788040856244163273528754862559883668706098158830390092090005522867605552244504398507589983
0.1412668874924319956703578300241123675925072154114884322829616105676798289481207743559642865604166201437093587254493242612
0.14121339827829699049286950948458898255877941125967525465432172300695630338721173175334071743459937878149615574737122799
0.12757553823684489948478101171653468918179740507318455460467463078770625156004237573592217904940674755425139958460424241
0.1056874713192304429634659526454071282756938737594677641446539171095200417753760006200383034964682268879139496809418188
0.080964790381855182894370545428669218885058798365814720617975253634191311373327605381909849938161627220078849772973798
0.0576601629862447501565781128450754997405916171163326423150049397381899134907055074399116036405736772001038111963345
0.0383071937360424381967184229382864584965211437689277466675276171216157510714218459869710082385142919613565314118293
0.023798776230674542542424022023629927138541159668139916646745152411368509682910951751627569557057957820112913722812
0.01384958311028304924054316695992721742436234581994079928241132415421953860816578715261446929492465983644861734159
0.0075588416367985316226131350007654228378958321682436231288660487347692205038025448673092322215560792424366123587
0.003872490092917425511862445528602056580719326294153657065077528081466689436808338024333922343758537565971433475
0.001863427778237282392441973829333015793291832636475469493404417597103183069432130069533205709881549305855878819
0.00084257684973306411221386437999150177752554474441103089731742526631434425420343476408512735996748877456314642
0.0003580994583659223204931768922110260899186223632968986282517971511532682857502143215065581233318584235913886
0.0001430754652449412756984368883590745997019051446694756250852194873290618763741866983682677264083772172757485
0.000053742896613076727654004565530432926278246366098798183347790913199871947451007256866773800048122098786848
0.00001897850363952405210842288743115101984378897087413220942253432249722308831896826612525097945720796126816
6.3000928328422312313279227254781887736780704632879277164071690079096930704884908215103400046840241026e-6
1.96565494487110312597311975308791276488354691938262479746811228142346375996891437737432889627987616476e-6
5.7630073125224378561856621319413912178414185863228149099004701643816755613372463469644878166203937725e-7
1.58728823448876761863889559108249088068317264875415285948092860478534631661283610699275116067480849e-7
4.1057155238811314446708156481710206013458955271857866277576760818269185415906638033160538928117532e-8
9.9698734330925706317324757811943155476493687425621324954186081518378790776994836059886646571438795e-9
2.2718510304393628082441066327201881099669556764596374112992985350888487012535755228788849430836771e-9
4.855813937117849435797276600605099758388490652531570586076968126572934617213999287385608175944043e-10
9.73015893895412844370380700064736111521487458585513773610047662818366293131377711286209437556932e-11
1.82691576364034463519948611484357499290713497690625676592902933171631717912828255357329707438999e-11
3.2122102423306901522968531850222606766546343039899334885934270687946600014743581448910005497791e-12
5.285710434340964816708663084428482928271935623329866904179105666074362978784387916357800479673e-13
8.13437994812926872682029940088060585677729411295172536531073132802772226499038257219933132521e-14
1.16991701376703472133960221228727084722766151163359918292157933774916683542495524747292086041e-14
1.57131237050819916138737340760783465727729222498456864909034346224434688293442888687003502e-15
1.9692144959789155706556731429908870770050280864612005418255433746940541564829363375872647249e-16
2.300756471505430545504436919913143864904909815031404688323077844487931981788961097042524975e-17
2.50378208030599374682619857634894160882130019110677856390717567456089212175645703156871979e-18
2.53540694698282828184889360870154104543923955331180595007166075141391136584466787882643137e-19
2.3865790593865795089788598785354749810764685580073252851707233873376722928931876877437882e-20
2.085960312026735000205017439604102967510741199727941848481351189988944596069314068856733e-21
1.6909673273407364173932674176983275326040106474590215708007885989182495935411977608173075e-22
1.269785600712531134233860153851989596383014930348965718051569366306651146596186774410708e-23
8.82118499482912720388896298031300720220675586112646929994590507972801711208118383528851e-25
5.66143335746524770616744445132640504021983495433463729673258845484567100965219432484901e-26
3.35192552756798306455122569706990346095296043805014218493873355674558909132122296270141e-27
1.8279226670537214503441949226024221752104750866362760013721618052936317221154899669352e-28
9.166476531363523812430226703103293051301290817909243722788459229672333845064417359461e-30
4.219581827220678533210025033689244812973269305403121437666412026541511979667765824872e-31
1.779721668132402668734891238442708698394130509193517817841925887665635470390490355962e-32
6.864233455710945652648996047727566183024659053858053462181748739495629199137071852261e-34
2.415877217522410695304465713450456018387211119333114145981101434873220860413861059582e-35
7.74150295644314928272351505578277873969228490294350517344304419200570067461601848485e-37
2.25321112530386215131538403919124067815419897340545119605648437706123514661229126261e-38
5.94143001749165084573525232696816131112257094523786646838507437722325679251233224278e-40
1.41546725595395019714963778802115761977723334695067972053878061642651318227900397962e-41
3.03772779108782192425106241219867983984828913898819641863751701666049942849121005955e-43
5.8541376463025099454674366700674048926934075710813427335949669466339032896129054157e-45
1.0096278519055517922728147665023889224696759887886798458028652528572191799982280469e-46
1.55255233983575190606507393099835308693209467631425935613800901499395182737984975264e-48
2.12026282190369110352143471223106140769901220744328777835085589043116549848693151876e-50
2.56046121288336594275553479580846668738123635602788458522588715764538586786832976211e-52
2.72141748540374176143779342402689263419836352621834600241143435742134516415024491164e-54
2.53279634406183636301377875922384355095260968450743685765652460389478115970183642467e-56
2.05260416077929897346937979187731808351101142446023213768333588485050224127748428965e-58
1.43961086882654197211173757118141842876344829372103875041410838274942738700433913505e-60
8.67929744646995170401789643466266115230403734549807564819998779474759432962780453262e-63
4.4645408849528215527405224656758749747039037152084430414918970830696553115626338895e-65
1.943186534075775519091843537728647946521339928613655130310013835552791608701490276088e-67
7.09038450730671249892135232108339681509256990633269674722929043156723799700951049732e-70
2.146448815633308046968293661786966933317518305454224340840265969699428609359130232642e-72
5.327930487509541041293074165312768004101827151257621041163491721878572791546553620084e-75
1.0699763806495551460693869510425290256198225326708716474148011861823585957214173338555e-77
1.7120216714292267386670853199173375126443167307357926638537163730801918153785326632594e-80
2.14420672824869353334505769417548387639663137423964467544169303024752225396900163827359e-83
2.0590173899492016724913940283279639491094701949369194366277703184329149570070625127361e-86
1.479374132512498296035046351615216152716873172077797666856251182797771589036297572619753e-89
7.723682309697974310242485519177181308624721884733991645048802008526902056448465647347252e-93
2.8279475315753925308606371515858411255906773778136941001276839337535795067067904323713311e-96
6.9490115529478959115299518175701496414943123542103549884321229114896613403655241233676003e-100
1.083951622941061941073696818942583983852613054383027119828160754161150007806209967629988383e-103
9.98353922582945092740023888045308784210478464483709977025851275361466634899930299582526377e-108
4.9246201467662465790460343796483922348690605885660531230550456312450641752155131354427783441e-112
1.13369533722464027091081159494215604125238339315732277600674576875342478329208316373639042048e-116
9.90493655258103119896663394929956798916110843870887133449831520798446823489147139104123390261e-122
2.33638236773074126701461304724897619496297204914202087626497424642905365756241535830043203589315e-127
7.762324714729386895201325453230262601304511188312102939960393135796172927499535938717248790142626e-134
6.87336615731770688625019251871268343211285662325233180243252529294726889505958625354681395297571575e-142