0.040793457250452385768284555341336651201866730145231449498084754834037092822240986850831648236239103453600175128573546694445323
0.0886424320787085425077142381781689615299380367487493841975666669984893574953347246272306609106713207337436431912094843403841
0.123053299775089239902043113036393922816969112173222187281656953455382699109763015863347280808753117318977581294561092017829
0.1403012274443783596030543011862084989171264908514042145179102034888252680344641886518315275963932201525913383531394872324
0.140619612524205085009240643762711610421167728129659191132341185957744572003620194803920957251958507090547245670933189758
0.1274555435714348338208980641155690354342001933217315754064220381261321817716739301545398994362105402042009269766430603
0.1060009904501173794148587783352830274778397912788162413858512187777104793773882719690370378780115371699977271728757396
0.081574247851893142332229680189447433393506101317098499777115364572088352412288176493770190639908962960588268379873021
0.05839564424613490473885039445224831023748706285225343084140444955896891093221483670275945420519257274323978702262029
0.0390222238827756553674995724527333950028247815101699521605364171725603921731424969187711186122691870189388129720419
0.024400301931648828981186236650201447272694602213198588380958769442467648968472493770852664554211909058884794944029
0.01430114104427531798219310085948430388878516150260196757987780218652076073827807440465590907333412148801474618798
0.0078662939931202649867517374605055488298902904964662279298288334692559699937175954938714198742933527648782512814
0.004064218180927237012648803878632888917118208786670945646000316157498928825117743736513717952998927153336229787
0.001973628897694645894771792286323891490440391766607815508262606686227277265065792005708471554497035648826300016
0.00090121226632624404986592743519235207655908525620529989925607620447725485781027164406057888420159734762496487
0.0003870691665031660852367910234259345975732791981575792452284974159630414856515507304116618228033154855558097
0.0001563956835781856766270837476508786023442228293598432821759056095149495978354897471717124533631131673765361
0.000059452168308103359211571772669846784783925362545451592340158951289132785345371516687680701652027003781945
0.000021262453198984256432004154365654221151954749762286813570555222188805652982117531440833884471398789835113
7.15363311526338334146353311740839229884251084729391767998390863045100389504110467290840229840375462787e-6
2.26383650926182482430254558557900711745001101275482311783333691662360143950769111287668549108379778104e-6
6.737230703404610846494640113237467945871526082475988966402356876027602707325230745850498458143325338e-7
1.885063797264505144113309992190586471869427186808119449466970964194265304459637339882244897923853158e-7
4.95733502532913916401888197488194387253720511339267237158190028386227196093475947450899237542080499e-8
1.22489119033073978361719299606472019482704057132882090874358728079553230336770079554692888469484936e-8
2.8425240485354481571327473420967068711846520521984400955055132225223836611850455607186396339932237e-9
6.1926997031625224318719767961624406526209392191963286312597681869646600086367930928694394848932e-10
1.26595642074692691368036776643581272877190193326186974115964765509528323972665001040951399733169e-10
2.427145954686681275603856438970877899634784897767738797642487386451897307369973531709808359952e-11
4.361831219264495550536901247257711970922677072348559569837083345209546841932018337011641996551e-12
7.34305499492231486896743498698496838711139049845822113804261614066232286815293804995161041742e-13
1.157284692302258722295213106997068507116624318916131989387222632147407349795172084892521979697e-13
1.70632073510586249102107785134915912414094235519209270827524058637017910157270583885807646835e-14
2.351906954445893106947329455531537435454219942223286021401249377004691616187941798196658325e-15
3.028170943460117217729297859812900485627504248644757155792010546399778376807521677398372467e-16
3.639001520073115716841374767848596119553979002430333892063319993121882707210976321032912854e-17
4.07797597075418564670027406124689783690554940683877618878592097000083205932862663051708024e-18
4.2575898097453321796813367469156794561127601016675454073352035371757263049527116384988331e-19
4.1372514738109418515495162314359437781593745009382914202185358566193894583275408895484838e-20
3.737971659114537469819010575057290852766799341556205655508552233168721592718755438436301e-21
3.136581308646678050055237873008289537323578903689002074638008218302340225842938125230907e-22
2.441551808599435776412661691656681416194539720303542780524721679429804482951532456246801e-23
1.76086795533063250236317067383786298871052937975559536908135950877747888163684756854661e-24
1.17508703324639109395980907987274127448049237444977682507143417081190926274307966025893e-25
7.2459093025531430033260163206933663128701558046542124425527166443161796687245474924567e-27
4.1224611185597356605373441755343477721289138842004290070536533866352162471911322198059e-28
2.1606464233450169593536819505224795612993275670725224917915250257233852214599557786408e-29
1.0414911425038192603931529007741965165223912119242202878029803189662780520212365337355e-30
4.609024378571345143733327620737629459609835677566115817015314937378922611904779340037e-32
1.869101292231259698576332502113889617869736517824899092471313156711493436719122586064e-33
6.93208916513961531496313563010992375010315773892579037802708785295619252939433920324e-35
2.34630178716215394942654164231395197052233375988633371846992696324794469264504752916e-36
7.23122827719569751961254901045226555756101366308941026054805045804542032771051660201e-38
2.02442859653034255510330730107672591003055912809550224834363729899654899164623061461e-39
5.1349518696142362613771216897433300311684071314191855814939085672557256864634655037e-41
1.17683587763551228906137101357103082665542789999896310519969686522353714929489702465e-42
2.4297193864946650559816384559175930365036474408826162996102722097342959819355541935e-44
4.5048082703287495258872677687206209258232614141159696644257347451121273981395665056e-46
7.4746334903571212626554466565664932261722811496796525936510529710752177490878162604e-48
1.10584170017904409984605717786531827764992896605502756978553413868718317907414258832e-49
1.4529510754477773015119077397178075047994403924428850774671085592382601262974813614e-51
1.688043522362907260975590926198813596170684235044338494273218293407186843023904591e-53
1.7260246322037237363243719098826473710527838954419292147113747594091609769290701032e-55
1.5453001731826795809894744287743765320108606539160913296335493295047798642781368648e-57
1.20460452169779317940831235649010837251216676669717360836818768455020162434569817316e-59
8.1258331861647425670534314934646461055184733849146700287790889809377245052018669035e-62
4.7112670372919042064719623629529732343589561619982944836612468713855557205357431106e-64
2.33021666887304531523828323502037961565742033948208713905959640281531736760195776729e-66
9.750443335649651549156669651994854081820127356686351943839858579394033932144146675e-69
3.41964311886004051372416909909674477483654882855156797917557611815605733428386928647e-71
9.94783600075153837479205962203864304128573703955932738823257488894803894376903235021e-74
2.372154809953178860152966151467445315637973307476177472343554240017943633259854305059e-76
4.575046523553545043070426293433746237551464763216657059073494367179630821697261703058e-79
7.027587940024262998749662169602972428243028353430549881536146619361359995180282152504e-82
8.4460433944989507722577904922576747460993384610904764055032585044830828082059356049964e-85
7.77895132871596919504349963854963498337746181673178390515071512178394126162732946262e-88
5.35751881077251138019154814141257139636437368211516430322006962098358558405145992141249e-91
2.679437044104602148799195563546579396720808955331604263973430825108835987899338082669946e-94
9.390359308402068213881174633529453764529590420268913738628992672130894693870615695966462e-98
2.206585884204989612361855043174528467437485053346405084846600449547494298507245771587203e-101
3.28783135114109084046950301338364584483266364076265524505808378759876261294732541871991934e-105
2.888653339535671666937143803512678288874245551004626855839635546545908913022447791420389846e-109
1.3569403903298068301479915666658136885608961804613053615038491931671756864368103743643971868e-113
2.96840009857491285593713112470599492423496501364538672319494417471281612783191353796298635677e-118
2.457335829602387579904839317249425947205576961433050453502118416555549344663346699912592544701e-123
5.4697745510410531435171340758035588467794919628903139921716106440021265778344259768469015712058e-129
1.703869949362155114459854064013631643403681215045008724740982448026175060714283681074518791136073e-135
1.396866412727985061330098381071586122846851694046843392372059341950730586855163919465891707025575177e-143