0.022358297252292762383083241872884673485597819566142263256640983278882300672833208130894461642779988947483125574613342443813359
0.0501311418597355075292492250278987157514601124524807747949583530526420786954591667445442375480984560834689668431695420205499
0.073632003136213853364078565885230026961793061726972655982724122361568297940745482204008207241449279261329566028462619520793
0.0910859223626973205472149305208249161737098630037539181870098850989121265044560831713887100671001430140264140092155952943
0.101573847311654418839580512734844757068130507619048840605164100623657400762804446040810977843788895860904541168889699993
0.10505028173490783652374517761719793539545124031175244929578903488067572954738655175384841873093976485782443046341636686
0.102244476456616840223142470852388233501421869132387779857867982945470376012675652046430780488782210049779194999994385
0.09445009851948770169436130480883210065442152648838724086379040718486717835469644843550178393819045989500731528720399
0.0832573522411250798053330391229830680569467514492082982224833684358996399828075700163751795103853203986529389421421
0.070286564165570312038465548667525634221511737954197172096518027450320325530865854888907148109662338417632229174502
0.05697149098158585450955462262794803528627284461412212012680006677194343630833279569389475320162089713923542797635
0.044420599144142725733461959966074450279864104885773328702646349852298004723055552117957497368003953125211710786
0.03336235314744283320625382299612655583360830232782477269510975140924396145490367142579741425176188102275102886
0.0241622263584441255474245973226391650884390943478993147359582656661298798331377653748246138368464604814906227
0.016888298909646645837059862495595077248153572861021419526333879607807065443068537979636686926992824105572971
0.01139957805603722578422482100548085838229885047381301463734169347144968275082180633667829018379593792909346
0.0074348742177414240132171454940344322852579042043698660457088684414925108631175038349350170110042457765767
0.004687317144304957622195471117413378607859471094431509552013084773604870843298698647090509177768434062321
0.00285752493974764680037736329431490798576033292660019970142713017741733405084926621677329340677636227935
0.00168496931779959466777101220283890948315069628238197734152242646028263982777366566948346351853891491201
0.0009612336446108848822369259488907000237571267381572213102968675467093373838939546794378009974880616466
0.000530616890683496261169874648846531153284753752059697187284032263780787636759987570973289909412762378
0.00028347383278065316993306683624043587361447343699839538748719647337446108893834715014765024873402168
0.0001465805266577840099519948752144612663437439524610635478629304562455267436302507264421775512414645
0.000073368803536433094504320499900099678327990682235096042304851743724711661920628617225475906356234
0.00003555079460045826178776158941142219531064035240017525303423285344809789268487520392563865723151
0.00001667678775036020539778633550004735305064387623945918090069360169831807544713292880634340502387
7.5738351767986269377649227779355597011529432453911607880457793305429769812912148048708482118e-6
3.3301843470839962270437768274779173619045083254327002618731129025741296889935749054762003072e-6
1.417661189066317428675967878766204917890880263173030236699975594270888843762807987282418831e-6
5.84286516522304427612069196451407285480654344680171965243470424793147695109375299371901e-7
2.3314236419291435939971547471935151199798004845952831661906451006916099558334927387731187e-7
9.00630611288292087009025961941857927500147987997216352752345930050940842622047691455497e-8
3.36811224388500804287150851580006251861425980805925538739499858823351380450516529867476e-8
1.2193295743745169681586126058729933590390049575344538491117504619650619435840048799137e-8
4.272943332463371491891653900944780288508171888191440420857734218585211644290968429206e-9
1.44936585101522407998772790126639468551284135222054407273881797949153557414228434508e-9
4.7582138269358243938764382120948445167939518097475976655584156555081986792480660213e-10
1.511791913414727602032023287077819259151022202521092809208500177720283364203616383e-10
4.64821648295165809443639264954691562536053403263040006924514212685937741616108765e-11
1.38289181708721096263659753882669574228713678568162179789250043861594043878090823e-11
3.980669133702181555089648731483747869845020343742447487944790013695625134922402e-12
1.108525614895725606166473287695112049140329503595630983229294590916207359482303e-12
2.98614064279199339913863938944582955672698495932899781379527317957905969725987e-13
7.7803678447585006388702297948306411960953383762887701530936721052516126045339e-14
1.960483660983618920376133434176132644569230689957673936287285272553838497253e-14
4.77688577911484253643401666865475515535424734907757641514311646138734181352e-15
1.12535040227682916060631118334523007395755364107367346974667642115554057988e-15
2.5629029955718138530035791230510325662324201852958514923254942431894835487e-16
5.641774218271761009008907193518522540097762905741549365570311806322925266e-17
1.200254833829197836746208853413045069183797205566883123582196595890182728e-17
2.46739101469311732302687418975454319706991745823158940073599892125212043e-18
4.9004863663713380923171847854973255851911853603807011769440362063116e-19
9.40165718071575411161307554094128093575858161424816515503232199478723e-20
1.74204089927783226325805714620591178063433196240688784208933083625925e-20
3.1169010362879329319197722175928175715654617697939015517121048291534e-21
5.3841570935251113986233572538906355676087252438220598903119032048056e-22
8.977574937639722840793325080147290575076582646810857035309713069608e-23
1.444643639752412440640259415498835745795870032626797380551839261255e-23
2.24302295251635104598776970791412608194349746774999015465568906274e-24
3.3595880175423151276611437204598496965829428976180066809954238829e-25
4.853138761578861448475644378513495057201117320633297136123780053e-26
6.75998622620033213215788032665787600058500508952078869561272162e-27
9.0772495653325046832631075109658298303260687696560110900901035e-28
1.17474575666976236196587324036832013450288572280761402090799361e-28
1.4648972997132496253970127241140980364382313087577192239913944e-29
1.7596786839226123044175787501740437476420992355939395417628388e-30
2.035674216467258925968601486086669161106433410228761679033447e-31
2.26732716707232027385771466608077620302006453741133407172186e-32
2.43069141301311047363095622182280926407593216790387317119931e-33
2.5074378995544093795994922838637074823701829488152207395626e-34
2.4882067556765943579893381018790543078450889281954610161826e-35
2.374465896748401146794411576064543908914593718533263665451e-36
2.178370915298847660987344385841960483380024000436766958052e-37
1.92062777438176775654548828713082798612069844679666973143e-38
1.62687737128645376130438105037513138273853035165174353884e-39
1.3234787842644776680421096957775700051387094374130290863e-40
1.0336545560300365192618762933595805155174942012659863873e-41
7.747669953623638065176287210872947105921661151289095748e-43
5.571089216147720246700234071704879192994527927110773781e-44
3.84161119083900800318142777382132379806495701667957742e-45
2.53931576191374089438712787379800904031654325257092163e-46
1.60831187848148064851447619297918368598051572627401395e-47
9.7563794785844755064915368955508516570522274538103182e-49
5.666053479035266811547608186487470838599915410426388e-50
3.148827293407833675511262138067457434321380935591715e-51
1.673745704670396857879695587628937957407637227991551e-52
8.50535130022118207622406810094647148537818736202646e-54
4.1299044939662901537749475406842023504430050285309e-55
1.91517479461912432491090224239126136482431865625099e-56
8.4774596051929709008605746471780316668542395656148e-58
3.5799126909717156565161063114747238663937707767917e-59
1.4413881157665716286733751618176356595994122771116e-60
5.530128112794590348909695340508983122893728856565e-62
2.0205534202647345509027534436522410486029459323752e-63
7.026066962838982610437477861870848529480495007955e-65
2.323685253175431375538034160489959501526764168362e-66
7.304181487784725653325524095405830382893089252099e-68
2.180673425805891022214747923230524464341085947458e-69
6.17901171735066270355925801943718379350115780083e-71
1.660464389044950994558852487895541650558526894494e-72
4.22846649097749610026431240325443449057604364984e-74
1.01959282225494943209494711940368135221221236145e-75
2.32592358853841715931424656462329820863701985672e-77
5.0154387118641791013977756773859318564324334226e-79
1.02134445250618357388955559403124310995067735342e-80
1.96234132035191422779326827399695677305469787961e-82
3.5537620660755091941530997933230132153016099957e-84
6.0599416945382774032547633571459077800005519458e-86
9.7196577924984451305837859449318060845840976927e-88
1.4647121206368685788483271148172642067628574827e-89
2.0714178120089402676529931253906476326029237353e-91
2.7458091856867265450052015107854351677798452303e-93
3.4072941935553220739087029999126853545827691746e-95
3.9528449247960988538511734343374411953509331022e-97
4.2812263045738125093202657881262334141596222028e-99
4.3226854841289367941640554365623165829378318331e-101
4.0626025838606579010805368564483095354817952213e-103
3.5483446395060049027190857593006779438948493998e-105
2.8753351083566159759152333635200066397697875723e-107
2.15786978150666114667205554955606290217844719117e-109
1.49702334587251406862678321190228582165261313829e-111
9.5818084298024579419460290976044138079446046707e-114
5.64656163956815924723061717198507061395431588845e-116
3.05696029606297315845474546527175441955752120576e-118
1.51691515458955530220671807563971099617856853139e-120
6.88233366624856471955800009434553637940096777957e-123
2.847643742067769242462359034955298181679075008638e-125
1.071552009059608474900950923661752353538926827953e-127
3.656317061478326275553128310895540385585640022344e-130
1.1277651267713225091965275469525699941177860259348e-132
3.1339107639531174173876045991166555068127156239623e-135
7.817990356054165527591563813963366054099147990131e-138
1.7441325792109122253962798997227878108513438411682e-140
3.46538094551013087421456308675615029467246468228617e-143
6.10496358784389741557776277835940197770067686616759e-146
9.49064421931843910054215713490069675034191081326632e-149
1.295200298542724636062204241387231530332939413868331e-151
1.5429857945488662010213350108070880303329879660666653e-154
1.5948067838738393347190462243121659564249713613879272e-157
1.42058106267076099496161416418536289246021133792760429e-160
1.08254342068597119935124518755494385265880190347288855e-163
7.00057328087886387129992081389175047362229928477937086e-167
3.807567179283858571351477758465684069826581049379377471e-170
1.7245422750873174388349368334553102635688270390086922885e-173
6.4327514955931447989848350937972892977205277792234584014e-177
1.95168454273135875527307540443528156282449214329848952029e-180
4.74902008655856915350254935351785710760491628244901448107e-184
9.120753311486507133046277187156695783595937189292469709633e-188
1.357444535492310997196470656267970029258572173676116706671e-191
1.53271760381599733186476090803871233841821019147561751129422e-195
1.280807007152768222384898002592172590055349568829503081185607e-199
7.692403714402674455710395214895252782201701968322945362786227e-204
3.20595690718343776955802138345317609201222994372780561360751959e-208
8.88447280795604742399595891630135089219993924060113832910544912e-213
1.5527750105319110645410451452989288865688439287915733398050690108e-217
1.60054114793213682871272558893707926042707359045778770576964729955e-222
8.915699340993656342244653133613589250943854996695607646358822348555e-228
2.38530502303548367261896453219630945879362332661678248403399749080792e-233
2.594250904032683489621800649875121992836341675171772924648722395401628e-239
8.92289142501882591926112023298174269301210257531740180318776319725926498e-246
6.4109494723013900915062982141604470468232045489777817921610080641405693416e-253
4.344402841755424833710812844670843713230385747182306206788928097931126466737e-261
3.593214414484766099465959434073563075152596561944270276324463496025442522156789e-271