0.09772074843126670923723591325493655819461500571514897812947695083402385238394891254896104809155352850378730368942572997756345
0.1922175131100671269702887494752964687091490718599567000288594493292775897874211460567281396041525923746625380489758826702568
0.223003344697876407514098904532035499066910803753182198563664991485518379397257878329419081609478687951964699777845381248741
0.19607084692947025777725425541142451654909576549855517628981447856426315636051929647183070567385771929174381113866489181453
0.1397213896525944609788033609282252427356287576657829886362493071853918980318423242090955983023769466307311787392681605661
0.082933865664551386729380336608620177305569922079536927121215435825469669336452736029291045316738298086923428556625579914
0.04155046205906720069145357385123854465817148043338747352647652237226921556833648266388464107693798436665412149100648035
0.01769190808860257247214239161773929987834330605113108842620141245242717054626402889192695917332431594763275838887402597
0.0064242052543488684333917971418282210746300733197532637844911108847542687915832096027012059247184499493912041300027491
0.001992009755530803516529344665466637102721589997606869913426080639166543031633298723035209118943362869077707546308649
0.0005274125390015153955642899731743024881197985246048787922116637093815970799146303775247471921460287577711880276431298
0.0001190928293808388506724146548928963192778794850224989700357824949171006741828748537235112502662856059013543446074641
0.0000228873881970049087036388594336788729517099937774677023853841333154283447770930978713397954490881672608711367953406
3.7327718559926123266480543735144337889445690841570771631388473230821604978899378866030252007179856300146778743057e-6
5.147593556930959159286075880571399618062299763196428361364456565256068412392338328052628665808016439366835460039e-7
5.97567852263991400562921398705506375856762952894034403568766975071680242563208553112623875291078918777001103693e-8
5.80889335961939156277502490686533577282406326360692270547605802768438129692877830895306036511195922019534227352e-9
4.6994101350499366928169432261337900017492685937771048100069916754191719934980754373856881260550502338074947506e-10
3.1413614203958665214947219797005094123046505026205618566294387065143530437158891090641620664400166155742944081e-11
1.7206577687918938792305864263177543300472918714268415634396866849798214239789994381090992747708952847989919563e-12
7.648272252595855918970014394952543830468993760639741806436207789224839346613649420802805735705359602297400722e-14
2.727833331557166629791590507554302591145680986406262413579270266456116156311807650300186769375797386842327355e-15
7.703901826651010066811077969720350119817189928383612731646500669592038289106796913490279112256470946797757342e-17
1.696146717146793958023302870032822496516784074756940809754322359192256946111590680804070869133133521779066941e-18
2.857649674150602416447025888108781225788970354864554567900948976599879524814412855438634175593240463696134993e-20
3.60279733994879416975424875829339001113033306332622364457163953430794944085908002625266258903489656714707996e-22
3.307592946790460204613398708480493728554802888906885638635334805312171003190611531151311304135786881615235406e-24
2.137610078052788182316807053989159911449041388245503342933844559222897860112384553610324319361270181427738485e-26
9.316746849294909121523970469634452765762040560783703639953959140616343366032945331595916047284719120265128506e-29
2.5899194522031213582029872958607205020217971234664467272210884998088937066085914081648605290835788676176246811e-31
4.2596906628594740696749976752366802684609642917744053934317916420985051816796838140880831232613975930551168044e-34
3.729330417638585993495906510167584263493365419351189389095303623354924907138632271393109721016173794580387476e-37
1.48358640688562356118399422208083215481078018249348968221798396339283741604859379789043582910030086279550817116e-40
2.069056568490529872344152183025182325824262291286407303648758748379627746770164341122510667026738143793711128007e-44
6.1828348408085222795619416512550581492774043584827405144162190792588525001226758124179876733555077771256171894441e-49
1.137392833407534756404075133973045540412610009548950623800327646758210874765253258027749954426702039732692103263543e-54