0.019636805809502995933946417968059507647819871235443575443351406807358711764505964701489299317850526441567610975359372357600319
0.0442318258518891573309083530426869680652780770493089526902975075256224637953149545829663212512946148683510332943512087213402
0.065506413131027043684036727317856842248264965453897246943528043412957996810507559697040490973575122440586815623824050182175
0.0820077403997693220908988603192155485549511042615267782027151280276624760516199717666782708445450875240668587095599652918
0.092890150112209507979565863791918936053661534671336712185225666605594542465498727882100986004446201775812231910119309328
0.09794192109482560803412715747173516204512607747107157060303547461803776191893000084335211965513388368627007862850957424
0.097543060672420575782875685126505136574624253473773374079476530934143543184981565437677736335132677720458565923005386
0.0925439378353051602589067827588544745272073345615990528431665424734200358235715970070949661814137037033984366717831
0.0840937870480399225018932872694154980695016574816971390199797079049947813863414103470420422916552663579619008866336
0.073454651852170817831127768596638895279362777513382796661969301531768220341406608814597737604084104350462057005532
0.061833491014471767155581062841907976226096224253410921006740155404615156006294381920460188793412776979593070552
0.050255927687302608547437893673723168396508657947300504283162306071816032809502173179692312169978531738047933571
0.03949282162771338832843479709650736576791527365411153023977039453668176442590387417817550335871976919731007533
0.0300388809295409626261056183623476683489254627701445243134019591775792883322989709141666147015808822116366321
0.022133491816918205856742949851770324070079468177769488867363658931932775688072597859672404700688306351169593
0.01580911524892706050664745607642582633111138446240636273776031896676464878964536022539950368702713771411309
0.0109519322391254539414762576277252548623329702103823737468153945532136600952260902728080626504539573394611
0.007361898503375485661093819944278314461452155061939467439414228333859104026586274564615858835811231993307
0.00480353318480099099551210989135720654222477713138072759510466342954908179643284999672827235165155892374
0.0030432124549896616427877132089764663926727134098639025991922359797239593717654785584969387602895004689
0.001872452167579042539635304394262520173416198444091260519677768059162722899026552346379397585125522969
0.00111914024125783974226737281534573885726949882968654295761090098105764484264371621923329895176244475
0.0006498706371934560679611423662362404497933337477459587506863130999102157592615620932385727253521908
0.000366689640527315696259331411354761824530274348595046723349807273549582107390661858408341085418236
0.00020107112836012476326535191787219156909014677593464459393933194399489154308667008672478774917245
0.00010715712007643286633008025525129552708971097107410762143772346910480459577486248841230182705294
0.0000555067254996805641709781401465916376114716891192704896077027868238483294881174132814482814337
0.000027947926139987947965401506752130875243774590399753424979104129642339185880048001676203525835
0.0000136789602486858509359713918575073905173081702388135505145189349808956862347066549852323371
6.50834980175100724647261802204168929047686983716732253600931269494329018792524564550211768e-6
3.0103222968691587609555818873246809192438262238806880339138653747858377294853182937917322e-6
1.353583768151179745354995268369769685256440385010193499493301233015950281387527983084521e-6
5.91683087683879676919662011064367515556158651320214821853032220510583887356684444815596e-7
2.5143362075083663530084750635829370764332710129503334943551417689823119859821242589176e-7
1.03868238243211178015393941183771687523889365417452615571250594289368088016316590462e-7
4.1711849152563892274847178207802817537287250236543757074205794829112601605584201926e-8
1.6283307513001551804166351989857902329518333094419412920202468672703357781054760267e-8
6.179010497595393314473815834441184793111107999328167684519748376565731321583659472e-9
2.27914799502927621820472451685086828342219500317950722692053320746453678006633116e-9
8.1711885307470122119548413812354893417835359190406722471897608123754413978276496e-10
2.84732243824664492007859001250918208421464964793297581207903525219638408630239e-10
9.64282460342059533285185988203572665717024865267119458058781853027928856680636e-11
3.1736828311345923291997067413310155380153768586775002297865756503260851723199e-11
1.0150510572598374132961919795535693126381302019491665938634979375132918403095e-11
3.15463361465154791595700243119976576214491744229049368258620633759463615946e-12
9.526126493809191087858928211324828500012148773364981493886872465147712042e-13
2.7948469509417355163522753590291612783812241509000170865454833226654287936e-13
7.96599624367460368437299452761284487716974200543082077012475567538596521e-14
2.20560077969459547084786873146013378526185364157914790442642122396059002e-14
5.9317261727117170249560946741564729328422332387320958086083115686750032e-15
1.5494001336765097503239826751080878581869187624076358839209962008108633e-15
3.93037171175548822751074163452137162603659967504747484283012944350136e-16
9.6816360691525108722794554740449658258110630867388307981146200082797e-17
2.3156069546422231747526023931855119060527016042118745050849783649778e-17
5.376951202447548876870460750835978017306648171359440954963212315465e-18
1.212034605195542050218369426284853107358040736946299434525679981954e-18
2.6518713576508823706799392336855890925004219235646928299706418484e-19
5.631155722087510548962281698938158468490903192455689819456828734e-20
1.160373272484731558446084206392164439823074550946458669087695187e-20
2.32005735302730148574927988869282609567431896209715763871760486e-21
4.5003319673960133638973886022982876143209522890080045007137319e-22
8.46793392740061134069421156685296532279599245303583519248737e-23
1.545389435467841374996294201430276197438600485847915872843852e-23
2.73504631364996239847892811491246906687991857544518535117236e-24
4.6934758079898088445188908582730361625189500852304257232398e-25
7.8084112910294520623177378173663964488140153251389287793255e-26
1.259221562600565487380486203513774059490658950539011108071e-26
1.968086906298439791985969332884606122569553729189946591423e-27
2.9807007883046111764932742412268117853878636390817482131e-28
4.3737288450609796087813555282864401808853186330722824213e-29
6.216845204917487403831380416530654911541707206366807144e-30
8.558473233763660998719062324265585819159606768770272769e-31
1.140911116254538012290203875224667883931812304496654302e-31
1.47250131949232754933793776796336948807085812814271121e-32
1.8396061520922343563121153811430817252892524935570677e-33
2.2242007207527532144088779948656091256470372474032559e-34
2.602048972216448288483338717888612966413830898065203e-35
2.94482428294197701072324941735336000231453777772837e-36
3.22339411625803083863630807108758082488584612113748e-37
3.4117936439555076352876753932484326241838518007259e-38
3.4911630420914466058473426252041820404917833950146e-39
3.452833686963789505256049894347274216662807178747e-40
3.299869894882892063137450311813312505716414157275e-41
3.0466906293384238573908657422250540899435803861e-42
2.7168285833639247538830945604033760088099759544e-43
2.3393087437508804275795979334743824804046692681e-44
1.9444214513895156389492356551777346967188542131e-45
1.5597460764807024865137705361871858860054777865e-46
1.207140974681319575146204415954668767348637266e-47
9.01113300476408431275246714966571824047022451e-49
6.48621781276057803472225963893205927087750977e-50
4.5005371563311636235417707728740510906897347e-51
3.0092918380735499453772696253683876616122698e-52
1.9384481321306971223583188606651719031620848e-53
1.2025219343604979850863790011764150343984681e-54
7.18184294708721808630783141072141089303467e-56
4.12794578894528181716939700320047774189677e-57
2.28262307343778414705218376527297629928297e-58
1.21388964796894011072388097927559149037857e-59
6.2059346723873688451078637697584617408471e-61
3.0489603008532973091755238699484111286201e-62
1.4389368507160582929670437466518280466261e-63
6.520801260067697513254118813993058998081e-65
2.836274071367844224006267928782686113563e-66
1.183577882599469247721512756531236930217e-67
4.73646999533885088379966429991835065418e-69
1.81687141333958232476210869579846076411e-70
6.67730523409610589164303432860662761271e-72
2.3500434186441953771361864539281399454e-73
7.9164722795609285593826812654380418531e-75
2.5512056890658107982388273538346543249e-76
7.861167483745257201322863005076194335e-78
2.3148292211169373230294100163974908931e-79
6.510227030679517443233421856473911011e-81
1.7476947957582803707478267258264126254e-82
4.475752529920205627917853511141193738e-84
1.0927671665215991068920103902243675395e-85
2.541975461613440864846659309114969073e-87
5.630005297287545194509019242552280318e-89
1.186428788799018320036709916441916054e-90
2.377175756891473705174433149654842264e-92
4.52530756311965401146022877757751101e-94
8.1784527286862020464423894041162495e-96
1.402127486305922034958483052692030211e-97
2.27846130461980480508032427750246731e-99
3.50642756043474347537768485266969766e-101
5.10592558734963624530617630331261536e-103
7.02867005508897618661867027838157525e-105
9.1379358353646626558155763063286308e-107
1.12090862635391766123907338080386888e-108
1.29596457572191623121690881633460226e-110
1.41075724722420378204654548086395282e-112
1.44432134966751029453109621537421552e-114
1.38906785353323448767996472392255731e-116
1.253444803770597372052692222670624592e-118
1.059888340393670823593199538880512855e-120
8.3871560380184649946932299019564039e-123
6.20253988030787443690857477272315663e-125
4.28052881029174562575709504429084235e-127
2.752589695900060421122018784743371796e-129
1.646695435329689876517210821983909267e-131
9.14935625114084031661441856847403745e-134
4.713187262277338297446704489003501334e-136
2.246923486066864787084613748191308611e-138
9.894002273111609905774498235985738655e-141
4.0158874165213715573725118447045786727e-143
1.4992841510124741160638788732663558313e-145
5.1368145230662601119567084007578320806e-148
1.61127302338794238162796863049738670674e-150
4.61536316978585093729644066601029214423e-153
1.20401890102675424196247054582473336498e-155
2.85238154927406670139183253491540760585e-158
6.11794178988607591194615542790430786099e-161
1.1841746401582215690578511784287869899088e-163
2.0612582754264016631922894131782708165391e-166
3.2147225151859193193271213284113138592973e-169
4.4742565614147381619575643216575285913505e-172
5.5335994203959122137388061940417932384431e-175
6.05346579795517940109920361880975512906685e-178
5.82841772179034512224273656449943626446498e-181
4.912580736165986613647443718173061437508648e-184
3.6036533343338936719492100577707050388232134e-187
2.2860527760846924098381585568175869283737386e-190
1.24542833696113021165871310051429274690638838e-193
5.78266061080782488338379268470476992811173222e-197
2.269163471563945905028578266615178284599255733e-200
7.455900320510232527921060043746993891213377178e-204
2.0302551012456231602354431801594614208406320835e-207
4.52913296400948222433883893610804501074569727362e-211
8.171023979220680745122566682614866474872180311289e-215
1.1748652172464051245758848554301180877378606041774e-218
1.32412257677020688333679339036657197565738380437061e-222
1.147666345742126989341801101661994314349873389831539e-226
7.482899516192459430572891988167530151982699821395415e-231
3.5768096150591047542756998804990853072730908284194785e-235
1.215794428823645118714093093045526046115767019633802405e-239
2.8334182388305651022342640046694436702449914532354243794e-244
4.3307057410135145500963580818874581580923528157628410191e-249
4.108592537273895679152932242383215928517019824204629169258e-254
2.2563063413132962039687284514617519655819204553853754932564e-259
6.54868136293316406520008097822223335736689174781473053178805e-265
8.8837172251513048328381990508731084802750617917361758878747348e-271
4.73427422879052494500390656085827552043660449240511611442341645e-277
7.6285099848425924235305049054669919155854629707169363217122703059e-284
2.4115785745230352924715507099512024112158836527715104733892436245034e-291
6.52266059919728563694426846575296197988522198479109773923104646261108e-300
1.783039728596751509689841303238486944118025158511984008975642484973578469e-310