0.053037097339761054980151251089844259711295469487434368309988709900381748540449158791147146199741871513656051556584096898797413
0.1128458246551760780785741205372984356621591399977798310383651518558044137871609899058920272119206303304790214643648436181155
0.150824523158723628358897930326822998217213910104749784668196185249592389070551929354461578095620570267987671177294242231069
0.16279133631194212668686740187619430860536407276350622540452697084967088816478639694309170455961782482373438236002895341325
0.151856410604663669874682374245459629350263168232891097097484673925889418321116452857581338414150943816490262954368219681
0.1259362582320997943544630297882413107379534541934850515916365241606775632724906252811061311930966448270260053567226149
0.0941989305849645317932854044647192209328792264261072477780287142885894098241220372911485056916579915624397328507928721
0.064078814133441079862379191165920610185360216811750919179836737291706409944025412751624627584535460023326305320472845
0.03984564582452840306858264642894801062070728262820261504840963635377745044201112176673813988912280303469937799267754
0.0227241364420953881461517140199932473762829330076838979822267090111674118882617293421711310171934135425005320750932
0.0119122354893055369147185204209775613786057679849075070005300305068473014500201417313209979615513561315976507810986
0.005748310643806657006686778347099992506646412219619004035882082669862113063328479120771381126003784178218471553679
0.00255593490701437950942561655929605248674616009765174381459506343479126690840778113202354054256325153998650592786
0.00104781228211460596729318007367436762730790239045430683602238609524758887024311679864769528679874544845670787869
0.0003961700048170893724612650533617379947560380269623635678076681201116999962482844021621212035317199228085122823
0.000138162062901931209084723222934775487797083228159633715949017343170398687355099632526220923398940323265350279
0.000044439760843925724394537804511699345111302241464168344880355462390684499781906160826867012986829809942393858
0.000013180466568567243755110681796130333280828270733663860543815813111481544080569242263515709669954338140979347
3.603369366466544827128429440536086508727915469390019973047457309965574025580896116207456439904956504217715e-6
9.0760432851695403233215663121943349674101094622534455537257827254525936963598708577524542942254948191257e-7
2.1049269062381520266971320919506665315170706385118823228219007172862860514413904615916182568912486209596e-7
4.491875648050329921537885888862652341333794693978730858835491340858253390128338570637090442188108638441e-8
8.81297288802648284367715818933713371748684805977506389768857341572331028559770048882167172972890232266e-9
1.58829738991572736262990022395384812444248632987811305979843284667894909852106777089839154938190321427e-9
2.6267788482949141722998949733801821098171442541701997722337172486000672227199991411091420918774352235e-10
3.982185730483959347257547892674039088545057169739677028399711850330608547352293453732681355686189769e-11
5.527199670025818910498294539457093161180861816321135127795117872462014055630539420053896388926097482e-12
7.01467442223044113857069612792191100092491437466791603430002165394813508945129671944462706921913469e-13
8.1285562482929133549285426819927531926513879679287288818661502876816706727718971131246344007549573e-14
8.5873049478609323252500602751721559860205915698274061045042030576869579596935212813642303639873228e-15
8.256922875686211358423815506429869457431349822113454022145597894245619212964825697531621694538647e-16
7.213076090951540700145460032936944147667205603477259354016559231018581759973825672956643852586764e-17
5.713806777536438906129643110816736355846408212090479671590431206150157197106894947689056524784e-18
4.09571038310935543494897276715533921954083669374332465343423262213554703333737104135119559017702e-19
2.65067363662331612690283537244417335762845016274247011762191242411832420087766453510339869294794e-20
1.54509068764347648625851884080741116594361252363094744457318561645408981952609029371452136245553e-21
8.090688544525478590923020277182625588791278309760127793792596825819008738392902181720339260845e-23
3.7950861290226372377377336561314949233525099885012001219941773435106846292176230826325929930023e-24
1.589761250291056811549099274777839531601253000198172918073590843619111260062864914542217188825e-25
5.927531514151801295600464651493966212325091846595776940709011327293891053263204293872676178099e-27
1.960112893782896492715107251051647804624665434530941646947466442784039991403497838244780200492e-28
5.725969587233654665565575732448835704180331217729305668611121219804444539125677684592174842612e-30
1.471359546812772825561585812952451810505491038430847404487552545591467416819877028682460085889e-31
3.31022868943231238134295458271595516965872838822509566878320614849982479514799362777091443606e-33
6.48691570158908267730714885517436553137764349170946124341215098304420245079149714982267601169e-35
1.101054409744839275657538327187897856432938878782887044027817818774994618018321100756641289276e-36
1.60866186116719131659120221854137072338819808446926110336846765564906187071231109123900807837e-38
2.00913705664129961284549394692147050660344161880820298457295056417099746935022161275553823477e-40
2.12867331508444274251628364473960538453699954850469263935767344928777469019801500544081142174e-42
1.896862231200910602154564758992444025970322175442448149982975370140200373787364759636351451085e-44
1.40799436739288246229722967186199492833706072843400596409594752684273997022745630905636323813e-46
8.61129949523873538993661528496237549921635250111542554648164740391295473380489861032627304588e-49
4.285974965502112366860871860322271525099886606861970488122435155964847632653119188879670429667e-51
1.711449325857594888368819892767183441597530178391536295842013757431868108963485566355273099272e-53
5.393437581233339754479462922455245568036600337836653215893914936005572007783049371519768620892e-56
1.3158598098721129734047655915997906879602119216722676751038924096965390825706120921710044795907e-58
2.4296386132341987346462092019283102198559912002374653561958454093486261115983494856824997842187e-61
3.3042461597111765349401503634087700658210997084905177245254912105902028512554323587910680465158e-64
3.2024253047902252281927838671196306345462434531342229291389237998879161331871717163094899586741e-67
2.12343842145151131545629978055893829347271400672662027988957596751928594233624819693601724383695e-70
9.148178295323842188708972412305519950325815191163217707945553593820393745686000166832280778528781e-74
2.3944794432887925254714515155781916220309479700575084655936049562045299574323285085713333884284322e-77
3.478699310924527162739048907536019088184933213386539077991730180907579139090601428352805329777736e-81
2.46961458425111728229723378173283433948771953025957791689936348980257118463074446348931542137937724e-85
7.076696204891213768598587292693151302768343680463828045811641268722044911620836424442497840078563835e-90
5.9770918927927189088863293012210789182994788039189744737175435663599905095079561412615347600815731669e-95
8.169534737317738434497123100267988723995359623394642482483175158879090926912503661461553465019239805099e-101
3.91155135378519137796391459761877366584990792505626656565085669749791166652955542271113042095988612728704e-108