0.01792888191443373991665822483933293367872572374811275491519082038864675847897126951321322358499878922012377625687952186001986
0.0405011506325915976270915853078132729335813451726292793615188853802350137075346294305885023981639936360614059019941226173613
0.060292827703637715566027241486300818525883445185240516035452746437826850315648720001850835363895675361007406436936037174656
0.0760477123147713156768588160728640235063133230557526483842053934876727115192179974799579762625145999987295710866811231874
0.086986383108221625526659571248979784421039237677188268916648477133508050164954717130658941582678636456722224210651499729
0.0928329572574337941030188483771473837912958936642538218341232878267758461036772556088920643646658599008576926689965072
0.093796056649839356499849699781321407994932733831694629802757258589932028364764910164952978453379046035820505186139289
0.09048877237643255496796846211514159244295689357469364735996916678654366897608147461630550655506958503615938936064707
0.0838058700833671080713944192287184728371231695017568259883947251599999400267929382344704904027543419054188345999049
0.07478259423525416611277676612184923440790415475723403262418291644464061742142237156309896790531633446970554901997
0.064459118743413663516990800842359262376805866706998625066068188021076827706924267133393178037438235457529699857
0.053769740394452557854364014378467759841015323895355763244845327542285640805460216921459049041474047092234129137
0.04346820664545248403458578627574422468872195411526323224996435992880853789746273913715705493867949886924556673
0.0340922354884450216972865959781965532782247720457014832262808495077678808043915267160564996365935344416066822
0.025963168162425677062726501634955924305039135339096359939766066400933224500043856336522827377551135319406879
0.01921197384497324570774566123060855557831097020241385349772754141559205422862547918873769930492380932224948
0.0138208733814161147686105915683215319683433991613208151718396372817923150896429805124855247837657762752138
0.009670339983368567789346471126341942717206468716370628953625726874560599864012784958633860426878932316748
0.00658339882556631678311610825680648668306075998736317310816321391233004237630277978272080282890620687799
0.0043620737114774765546271006952681579278995018543843613315840596201880767016000291797398023353931429125
0.002813717957593043757704001644638483818174630915605087028744022468903355054156099820437036288371454239
0.0017672795291749623405994711640613182060393652851254359803117775597467310714493248553931471008362091
0.0010810471385727438342063857484377320063944803132202165362179937627836492682069516829328529339804874
0.000644115739249767609257353415739352046444683615767046226983185048769535342887619321112158749734593
0.00037386760044105433755225338106236309990970431090736859654187700541696065246471355873550638397
0.0002114229990502066701236115456802060626670321574546006565585596379633344660227342542560846084261
0.000116494465723406063173628694209440742509309100521489096088716293004708275031464540368011005407
0.00006254730182471460290961652425184359775128506366586381413312291927316737201747158146508599708
0.0000327256172531736380303974382315918232715667386304656968668780837402271440842540638331886168
0.0000166864424252943505938873013955349853148593241859727303958415619290896886413424873358363429
8.291869131387632427823162810040816340258279406074539868915560484219198129671742451532381e-6
4.01574381230012970059780089918366635270690248814144960781746340177354272289470351500472e-6
1.89545247611350212291896691319130014056249103045767490598296432897810314878989471615659e-6
8.719635341694099027247130240604098731766726924308070604833515235991198459688518012102e-7
3.90952914633412551657632172996846084209373211161249363650523942178078143024664519124e-7
1.70840463893838914317365243437853158988392081244756262144423226179803052247164402207e-7
7.276023628012329521824606478754152752281497648404764167799985335590691392060801757e-8
3.02015411622291216416592309791888367159927233353256837006315164093654337094546954e-8
1.22176630913041238185934117250296372040970132425433071396231339584212257314015882e-8
4.816832697906271768604299323821655909554185074617648782081933701457573844027522e-9
1.850707439524406806542478315469072674468517773026541506389330713866331692530189e-9
6.9295232882726856657504191659283685892193078911043052990959133842306405069042e-10
2.528384842731674147275136506197683910661783738572421538584262698847629361241e-10
8.98960113598187071510095488462814636955411936333986593828856542779503348349e-11
3.11441652198878765036396035993556026394334995483483752443331479350109339036e-11
1.0513130686309467248454221733079662753746034700962220685787997311214768181e-11
3.457682521645921468268706417500607537134020867396613037949424687528658281e-12
1.10793172144857281968222193705447144864226638813224400018218600203627982e-12
3.4585292747849130788478002211444287226679788230377646083591048324892955e-13
1.051707252340373458942695026854157059714634839744550310960027276735046e-13
3.1152741321990305408500809645183840519467230732396207054461690625917e-14
8.9880891496160033205917950314742976964764981734121338797827438234271e-15
2.525681540637318590201473424960053923688244710880403503852247059815e-15
6.91192558935991886182310303076377945815033775515329995302366205052e-16
1.84202966111733687513955449019595169336187607716341858889275646338e-16
4.7801098536573581311987271812796592581577926690566455669049381681e-17
1.207780919015154968777985585353815923698836640439180483854559994e-17
2.97106095208037761862143531303551290557043011884048056072763863e-18
7.1149344078060188120517975500115621527026752430253677186486373e-19
1.6585469171622108393696679625933522350679088937149016175639904e-19
3.763071497228454124428616621635421335924054242228400373496231e-20
8.3094847397914800435753570529698228315289921690542870441931e-21
1.785584636358955231112716010720806324170930507514743599741e-21
3.733516210365863631021262441937635993390044821796688686557e-22
7.59525134837223111071990432031572191117335181487148652192e-23
1.50316526077401126892119130421197717047763833222040047965e-23
2.8937728660839106751876800853442008226382264847994618866e-24
5.418344597394715692100484924254852437955309462138224068e-25
9.86650377234872619167178571634634879155292091150307907e-26
1.74704099099320516800959616643349089538245937116944162e-26
3.0076918842785124978113271490930719752985440135471093e-27
5.033846215299679019027878614080912634448139886993579e-28
8.18931165153485593248486774323845737732338958583189e-29
1.294847989684898782739418763244768493180894733329143e-29
1.98955401342086389517129495679743277155386111064949e-30
2.970286845868059133294134179472561265413665317362e-31
4.308096380486926879027637238920387625983836396408e-32
6.06951393297296782780898825500198604478244026667e-33
8.30499668105301603767217951096477143135034131903e-34
1.10350941016793513566736165817673549593948303094e-34
1.4236263125050478620987522367849453881389718976e-35
1.7829126600025375082319716531515385096222947458e-36
2.167241219894177515834502346540372218379718299e-37
2.55655334365875466345439298155587009847700782e-38
2.92616244667291602436258847789598324397486967e-39
3.2490898240381180933552422518434129693459258e-40
3.499182725599965169110405016702883305718693e-41
3.654543773263420403841835294763647137439224e-42
3.70066229748204654158300978155483290483868e-43
3.63263371834212642738008609211835384288412e-44
3.4560000174317578497863067052540996988379e-45
3.186015382436350664403579082233383681778e-46
2.845469385190400691694225435174893629432e-47
2.461498728557112736970359446303838362796e-48
2.06200854850312657330630444635161968002e-49
1.67235956272938748256071620492752456484e-50
1.31285890078418662818838096367088302701e-51
9.973648860213477812727577832412156489e-53
7.330501072434965032102391415394538175e-54
5.211349482604508578367000082961474229e-55
3.582567967551315166263363290128399232e-56
2.3809727663646197585261016696286407e-57
1.52938007925181415931385316661661613e-58
9.492046030849357826034553775805046e-60
5.6907182942011818615157412040007989e-61
3.2946825809370856750796864261503734e-62
1.84150359006571489329273568183182e-63
9.93376949145513379035968159773205e-65
5.17016955638255662181594821639107e-66
2.59542168243269541537097220246837e-67
1.25627055757397572140210756543881e-68
5.8612000662567721697683230884558e-70
2.6349369204042720334579222720253e-71
1.1409917042266303008484132898488e-72
4.75737680111930767259533509315e-74
1.909261535929720485957628916211e-75
7.372448787308975150370183841636e-77
2.738027002723015911357817000126e-78
9.7761936472384024258642596172e-80
3.35451405505755405100142328607e-81
1.10569110282047001104522261547e-82
3.4994018152781819658783327648e-84
1.0629568231318141236822496278e-85
3.0974168008790409036761782651e-87
8.6544696172836356179367553331e-89
2.3175363312118682429042446427e-90
5.944839387341790677941890724e-92
1.4600132990160658429728739812e-93
3.43119502483704452106249963e-95
7.712009804517524648209654425e-97
1.65682854100267973700680578e-98
3.400336428833704440815192122e-100
6.662526579153618149717159026e-102
1.245543050837003854280838705e-103
2.220252707228690318177653553e-105
3.771220101081188777280851707e-107
6.09957302654217768529216701e-109
9.38744149698486056422490441e-111
1.373747400995056683795920351e-112
1.910068006188107404421904272e-114
2.521342844560297562873170562e-116
3.15720432057413420248807359e-118
3.7470967577508123755853432e-120
4.21142196259942290083778551e-122
4.47826919101514656733299417e-124
4.5012193459000977789601398e-126
4.2723206106708574414257748e-128
3.82533622202513143445743783e-130
3.227663904618368052899777752e-132
2.56355158230460700521991477e-134
1.914402616419351514559433181e-136
1.34259010079053548361519872e-138
8.831446265747922390832990047e-141
5.441694629180136182176703151e-143
3.136614233103841733307124655e-145
1.6888716459050306615839160351e-147
8.481962245601038117492778252e-150
3.9672119743238829141520572787e-152
1.7252683975330879457654615212e-154
6.9641519698992643706094578829e-157
2.60460020811496656671733605487e-159
9.008577334908675525615184414e-162
2.87575458328224540142129715627e-164
8.4551219789924755093479432827e-167
2.284559876012611100920643949513e-169
5.659631524092832509994603390679e-172
1.2823505628124660862157014339852e-174
2.6504840992081813810846554063859e-177
4.9835814641069755481547104882601e-180
8.4992196212168179835122547695935e-183
1.31062696530680039816326859917995e-185
1.82135078904078538685511328077042e-188
2.272878240726733627562503149374053e-191
2.537302669443191015842002833077902e-194
2.5235271246960247142094561983185026e-197
2.2262663923588480345523190653430854e-200
1.73391066886174492028751766158189482e-203
1.186151009755939585822537369965021575e-206
7.08788926531041729185970202966635891e-210
3.677491364103126223137398625427579678e-213
1.6459096431613325350154950134463053917e-216
6.3092583787346800422548765598580002702e-220
2.05526073807087212562853907130348670772e-223
5.640613005433731517793371871618465111892e-227
1.2918577588907852837789597282741200915732e-230
2.4430411154495123034360152799958800798981e-234
3.76995675300060858046016776371934698628575e-238
4.684479318569585806465236632429295328451056e-242
4.6172683117483472379516050247155906268885714e-246
3.5488502332063375555194924033385549650784107e-250
2.085734925115133953461886349222769494122250042e-254
9.163327525294414347753941599249381523642472438e-259
2.93064180527289748690327716579494920509691899958e-263
6.61277374556504894027412065146264539016163216908e-268
1.013951277879317328149118212251536983980858128967e-272
1.009316749694670606350142287913408958614766390814261e-277
6.163418831648643472185566049417443803054885461225112e-283
2.14888489020225390078490996086062817886404440024423062e-288
3.895280114796316630298505378015621719810043968073249216e-294
3.23501466523003389764470791174274324756585950656287033521e-300
1.0292915823218121831264883792413798104386813196275155271137e-306
9.58202977112779226694803079824826929231048078965211178605838e-314
1.67161843936774684905570412296839019916890296219191276021087255e-321
2.3237170111454879586568917043397165163710387438595524097440934225e-330
2.8452767225166257333892729522271496844627050695037686562124130618716e-341