0.090569050052192306240353929125112484350895716181183807954642753948290837130175798315185875253661630644938557513320251181631692
0.180435808043464197487886625293065435796904781166598210920624072216122641703021820788462899315304267789387614620533804141988
0.214206215133339787399270303116543762306010031914024802780714111038524950640992010465423637190853184498069686807423851989135
0.19472992949107219782251224558474091177587100832370252709401213229854972929277565930786907443471983752210042790724193312401
0.1449992236199828262860226893590406978642880278207793678676988448518275473556968418012365339916435158713035066261847890886
0.090908191055554771032937605508817707628191268475115552875283405964688599328135465977418514276642507731763124402094588511
0.04864391970976701391078851733550266171568744029290673443364257666343256669425508147256122687200494915011601418040658743
0.0223758437236176019090442687811299009347637213984580456577681826285244810245854319198205434495617412462515343052216634
0.0088825097797072924863781071340516244154913792911949161242312677511851048514395940670477895035909060249794867204428624
0.00304861910437988385491218806749601468076393674943817818268631867879230129469200916129931727323035238774413867478353
0.000905118419367808345615962603592704916576101865190708615502305449836453196711978532246723770944746338840531606365099
0.000232348773373348715136062359853617628436724619611093205714753662568175631930965456081343440788538248193668302829293
0.000051507133788566893025858927026512525131116415284425423779682339761741769674472191832442811810706794406468171761282
9.841350607160135086274373647359930133858121134558862583097399648346497772217040488649656077476501720342145071521e-6
1.616603654561891798200524461922342760886410222705586699764535915872663976857418589959424985196795186627850741983e-6
2.2759149325497965687678931349561328573010279146042953948085186635593123196507119233137961215742938548926499948e-7
2.7358438359831648616031899934566246797825190811151029499124359956362087039736027205834886924911835966338377743e-8
2.795839409850295936673535809035822453661473973283181526957784221739968702226884468954332480565122212692643503e-9
2.4167002595719436265361765699179655588211844268238129605340177262012869037360487312053516015653396320990813273e-10
1.756695502203157976752896574401424776557150322667275675947775938417680708322987563730764263383328645929368778e-11
1.066680310238933175789051874812869511343711087518877886687188887856499262656935999695297893352783470316780045e-12
5.36920935874190975120989660413863082724216795565051600060128662744568988763974241525941781427215335922525223e-14
2.22076537524543775820445514091659316575833838989370360823299952116429117115005394104065381031852277473743248e-15
7.4714397915603449490880916967169348000966230274583679142900549661325032634031078970033452320635479531960244e-17
2.020732421263993161187332118169726513431685605591486369777649518008975255386838589702406882899900279903988e-18
4.3337267248715197807912123726999115783249510211365480140124379935479908505790941367597846021912010605196139e-20
7.252087338658131814928119921479961833645154386764251312013348279034482989987682730217328545301011410591074e-22
9.2897804591571634952699592318864604650880163651857627492862560968063302102117908644120048688279152709344193e-24
8.9024810216449088939778357148036584849722278655043227929716375750689593407832926939745995812440898477117471e-26
6.2061835307056086236485129951988361967730717155795089420949270408829389670442860201916016738062739107643395e-28
3.04003948634060103049018733377597455439585523224491829451139415382697709566706297941600393718620091452909413e-30
1.00137389492528177814061516978372032859582399342170337386360915355776327762676298191598259523518856404799303e-32
2.09490524121140226753824145677196486815148557534930866691586775179430192028825287117891861321657144860498645e-35
2.577494120748522672960905042651408840931721600162293681228528755117618407482747857345644314284200290698524328e-38
1.6738095333344955975401492125783201547042026111293942129479656387535061096325736139070692379898592385449842331e-41
4.8789620355537146858495852964648349024237796196021336469881837725809598528812255908023028632709174905619963806e-45
4.89435845092915889751553862767644836999462713971166936476027246712621775388300094460002534448332161825923161631e-49
1.020239070240418931760515985453944362302380754921471253152756223043935099044601977112833037022626282778498457534e-53
1.22952944841852888039182121420881005451553098842085089015283136468039535903046603645233246290483291514638406227399e-59