0.035692496866026988261202261842869545742807844987725028806001165051199575392662493977366771049285446130181986113563631897609749
0.0782373589834474403163246335597670937330272403731433202959827830664564623261821090001058213741891039493018508718499911871772
0.110326665694922071908368234396248059586474071374771476689903012776521294007081172855425863577568253385393513337946093790897
0.1286764473512061114963285964417357216069274128897661711654734007738076042195796253782623422385343366781282840926338976026
0.132854936293407903058238784744682627277267396236432459708568493420008552151955138008965655659303437901385429505671026825
0.12492205743583185351194570431179720561343608215353687761711645650446118299682026773844864641805241614876776335189593957
0.1085441337830976474055436536804882783721250846633316577940819996920022380603678868210582791467627572716732431457157872
0.087891842909076036461387401532485499833339792811079870373979609042888277248513227925071777144588144851744349298363646
0.0666770243999877017346699906435204979400185844242439177125612922092459540780381712061099462601808152675373767417605
0.047558709543412038419192611304505657863811625631400217554319836079739144285768168022852646954882597289287572026862
0.03197282992919324233668551219203531239144644737232297384986338713928743904809055272587763300214665089869215102897
0.02029533443214829641532229278630198141956944459921297475215755533772888781619642887593338291098107373587694079164
0.0121796904428639993245436406553702880453704406884425629555207980402432085650013722998487642072034149913975358022
0.006916980516321796742565946042409932639042282314392086742135005106663437877569390284578905663830382398662607651
0.00372002950579926248063207883471158938038451750389266690983907618681461251098275492454339134457232891412149473
0.0018956374842446593037035893723811670947092836766268058035692808315891656507876422168973433621612877362632708
0.000915611579079412102619394241028386132404806247351485225807726643346008097541280722716459845607443283839239
0.000419308545003066167452603269917845921462463095092484660456109116847857375688382520336640836506571389508477
0.00018209692540368186778168796262243178841945726201224622372742565760903088815340259216499253075100951845013
0.0000750007294071893781476675663185653626612392221486085623441489772697029882971941540735348438288577399117
0.0000292983018997002815565251546802556617333999021523005455873700551214514747270841523090773377101556771441
0.000010855006396817378668250497616394550151671717331490310704193535283694521994552244503954896040831095146
3.814208139562519045035055837150973652482274381898680769661437986040052973559709551233179357160032391e-6
1.270934154033575614468796650312188788937760241691382774938080949195681329859653051154408011669978663e-6
4.0153850372521932264405092281554693085349520279078619459348974369758036207483289834576304551861943e-7
1.2026596728355201709722672521313995096592397820019606229319839642941985024724886892177099640898926e-7
3.41414117469134267282613672263761301100260685797451928942997622079114401962847732156924048474011e-8
9.1842096862316543447496935919507157709590131213135524387006406364311267373951932767002144628417e-9
2.3405038580273977125665684729256574840690810192974843823430419109790464324188012017884881813889e-9
5.648817587771480252020533308930380907798068298947688770521988962508640607670401447488482752946e-10
1.290766632889366325247526321677489826612253481449215367004873816926081440875203974678372546689e-10
2.7914475924131484138896549684121718792524105379103000301653538278880865867089135418080035402e-11
5.711375135106599782768271594849046503108837452540378315848708272033649741045016969633340856e-12
1.105115256078436226821417616556981094257127320201139073451817856410602523451493024296552439e-12
2.02136452490606170760906947848533107088831043407313181274983559382433750686122332324878446e-13
3.4934500157780734310021751795147114558066630173308000677806805716579703345775968966050161e-14
5.7020087556594405248259907614064490753337595622470451593874534592043040260242896720768099e-15
8.785025566012126464055228386788441752231739651105317041010286070226710871907182119234207e-16
1.276926107933048757688993757913292120017292547143697042602535937027410947615002883241263e-16
1.75004394008769591746885147394918849461456418124090968652536720910722059449547998626277e-17
2.2601232601114823296491780994840219278062617797758192026186819029226803041674891971826e-18
2.7487866349952184856822414928087875563929125880939428208056698192861123835545310587852e-19
3.146205717237932679401282179557808081996353887915545896984834259592601347087757241039e-20
3.386623760580618779991285462737840485582458279382996216680393715750594560635367648996e-21
3.42579678897935683402470837753122015704924596011911137024456940831124630660514655248e-22
3.2541376165009465260570426337086006152376384281770561320800794194675206373003994002e-23
2.900265763439721503299073659769299455210779807275879001260718181132355739375821543e-24
2.4232450543233925716119440018925369466030856851610468189549505679945799879800605531e-25
1.896382413347597043434912874323545651455056863059636290057829241021352355417866822e-26
1.388721739188768146000546394858095464226477592224574685400401687968178175368120201e-27
9.50683995291489413884877725316783478934428738132938421508538453911504345704571993e-29
6.07767823842548983793306457348081015634103782449178056743606776624842853135789762e-30
3.6244781530645609183714462009090144642282341909002293120353641592897371410933921e-31
2.0140050721974693265342534092650256255149481180600049826940831812215044951839857e-32
1.0414963757122987780354417156982152596376423985302882684624400652118697015638482e-33
5.00592180256596002582602174301049078685729692617244289723725572971363247294562e-35
2.233349592222192199901291464529410691297332957997910238086266935258707100937412e-36
9.23551752458631840203619403067252306641276776058855720937502053777259559796436e-38
3.53467290293359184395179213300573290150689388649046105934453543589296574249611e-39
1.250074524374994387740450868951315392384582603561872386134292839571614855575025e-40
4.07847134281138082034766470420822448723250448301828415228210821746522259849739e-42
1.22537184955584758300838322714926492816343244709111832477602734800848328469978e-43
3.38404553487537315109429645003460936068235979372093704362317348863750866891828e-45
8.5731855900361788561213973514011083242302513508634894058644149431902962431877e-47
1.9882588614946858055178626033515992543206827208890088836584100954318226523411e-48
4.2117034295085824643075673508627432777223478179660460861564711917962923127808e-50
8.1294989408555573373144266184874894645908048874298441693732408006657858033366e-52
1.426230686175944944402595250261550924278128714255953530516736326284971809823e-53
2.2680894499317363158062621456324482945716216219564422672115557117617532144693e-55
3.2600014600215358143640579444445132193609846561781670629820820568591429468381e-57
4.2219760432926256306939958044768519230757490294365180523947162551515320919327e-59
4.9103041161059482686110165541093590736722700980814864308873583071227554624087e-61
5.1102328012301123003214918695870035087605171629576202332425255392120991144921e-63
4.7406338140963983731088325113991369686172704055890128420795438084789982251018e-65
3.9037709100420281159863717541486461101014026704175072234263612447600397630124e-67
2.8406799022355946249310862031118941712603496690386931674274954247814042101455e-69
1.8176860904259653525840706451304733334986575245695338317023145804296965900261e-71
1.01730641426626467587847896668085092946272593162449129001947276380391019947911e-73
4.9508821686047268483875285569635915299146625877388161320949294894758873966173e-76
2.08174219624881343279805548286067911726108820168815340869056154515042764875462e-78
7.50963849920912898302053790634399070833011605970296528375659188512500527156648e-81
2.30605168725455065305539701602103645887060329705475264190405063679047164588578e-83
5.97601631739857938192140410173906052221783215814564121365064980212813759443212e-86
1.294327155471124627303166117074979982655811703252625290916255306822134205778741e-88
2.317649120424485147659805426594460161197034674903139799159704582009561838226216e-91
3.3891718205087994494499584587484033034447828164402014595214108255576442344973139e-94
3.9913636400948094021910862318282615369052119543737186409687909890076787839695149e-97
3.7255056045903243355196001743226385762805552258610442069412065965099503139275641e-100
2.70555094425086690746819836342473750963220074690614041335710136311468829120566428e-103
1.496088730611355215969579097767313055340160013268633842964907016521480244165736915e-106
6.14070035617438434635418351575829280746725924036146411083790588484417387253106282e-110
1.8146264230014209873569647123377775471633943030485296871687254173686463761496664317e-113
3.72015265996503334134018639647673413257988286163611757517189574748760326941275401266e-117
5.05358348147398614057776622088046597471719964636283073605000532741674830885839740102e-121
4.291983637800752627002827329006403511315009359121572084811946781578815832273559264376e-125
2.11288995770037816735868382719082383468918093379505335744955187523615080600292439391957e-129
5.44450944334256240828036359966358681051038723345854566816262866301589479511745454229287e-134
6.358871702873738245798971855459740936986056031676912402513996427265817051649521974301635e-139
2.7111595472115742746395624555525000804957193957399516778406194844603517418976870584573717e-144
2.9538466169890114568965653556602466946429983394576405946867026662208942485673092709196443882e-150
4.15763282881804641493300153535445283523048218141031407229792656344680769983513246524634009025e-157
1.31693843066308725172072231629688727273177576908276030331259259997462861503148081490354092705929e-165