0.02145339585379279515848746240066461542068833263845692165792294556798351878676800322039632288569747023281758878853360447168246
0.0481757779361200077043969315567507937773387474228121272643014570240569781346819069312097519335061010089745419935326088639124
0.070954868395764746792885900090322708213684188953138718231280617351174576343420361042395596239072749262371200221969479859887
0.0881236529472003565236248709556146823010196497639779945429868286697324310448545701349509549819842319961710451141186967408
0.098782603971832513204314607009191207357865094947889400818516686137049633233401034328240952746868733730235967069940392112
0.10282185055081158775604955550500354185404513863636218244800456229010780584135061011682654929838245608058875874322416545
0.100844148325668392705550720367079420388274539751710823937604953674366219167579339385729233937928736046251093643620368
0.09398743911756173961353165498508827509501536668201443485446496911164775278989463774835848435154986524094568858337683
0.0836915225999716415726745058644703192832567068584864375201467277701009375248405683511544708162421356189541081530441
0.071459296738598616838457785184009417492553622007643766894800118417940623851858322685003732109117091677183360721019
0.05865552670411523239734797830193162970386936254234951153701605745839616703617063677573065024506187890495521189494
0.046370259080638981062156945504771857292011467106675449887959972212560381230714239220282060099361370234994088454
0.03535541685122014155865750288720643216401684452277294066657106297841268337586243599721324024578316850631176022
0.0260269076774288612210068461884314486478601868746982300869912288787127275791584565297342365940053139079808809
0.018514070524831459074850630044691591026031703469994372005695622998980239854723488812557561801120290069282083
0.0127344810970843008354121002256770811491061315038518256699018519581063805126821503075038428466566219748262
0.0084740465955928148883071980012920891948004302407349514468827333621606564027609934855009731712365973372135
0.005457791318162587198089690129533650082613410775088436063727517969735598134531047305154237816188943500327
0.00340338515517103087543481266904867213289623929844859019045209816083310028851221243828010574138578161753
0.0020554046096572559236339338554814033601134611790731092131622422467828145550835098500224113264728046002
0.001202478007205862923426441588229794704844877263647654595124874093594058392930159906346290376150375516
0.000681606413686483267672804115373886785856533092661892572983777675036149448144867400037250980222409416
0.00037439902209076263934863764093358664460302238297862990281842192724734903239029106235691512626866032
0.0001993127875267970150456563440073692753335615137773471813824037739310754742211456385977267654153942
0.000102844005194900190459820526873471914083347250504996895782422968330007848745013275849197633637926
0.00005143996617753433827883522925237702135981998426564947143130510150871752829459457030764063490887
0.00002494172976456586636358579998761537455732741426471948517750434967705212861758865146409992123821
0.0000117240003327169352957177177689812337365001880983035665047667281717186536595229268629624478264
5.342705599416623773439682279236022891880269590773184359123179437056072191003338975505380569e-6
2.360423811754246697116697532066990348172063655177446469965822013516646019904630233530991154e-6
1.01103016552601311845354463129928957328013216465993232248865823757811075520994157296500458e-6
4.198373455823067904899880368639211161620209628754808700928818403296630188857296066344035e-7
1.690184338775053244630811040738830629451622932015734510977866765039914286936927999434684e-7
6.5964833192596805209180458352581647336098692628126931558932271173048499263917739194987e-8
2.4957552131778396873093703989040791328040919290216347744304314372380566662484989489651e-8
9.15345383204402276444372542165968768779885083803833749485800329995649579355104704991e-9
3.25417344138790265260412478824384730251449115726019334946568209606630864234029005242e-9
1.1213606148860922106552396748577417277757513021877087780375209953002934505828393273e-9
3.745175399640620393349275887002707785874534336824433746260407823950161948898866007e-10
1.21224924176864280310329489474095668699200930038200330050538941204236455656463708e-10
3.8025294608037385630812764898482662119234774430586283680376105259357947523349837e-11
1.15579187591661639332008386257399552328647354411388525366820322767665745193327e-11
3.40389444949496491982851337838311854990971066223851363921550194745387116407664e-12
9.7123100995742101705467775443396002581377716416455705564436778530202593967897e-13
2.6845856363417641977038410769148840660337703822599439963282464562703240844551e-13
7.1878034723789871109294317559724182960495245000444956778323531096794443192e-14
1.86394458651862589692680509373795321280360558497918779279248692968589741094e-14
4.6810046340349884821750554169312952747646221794155825556040097660288450618e-15
1.1383179192800845675459626595810315364118162679069563932335769243512155456e-15
2.68011495936265092864409898276902730667544391198624062790836712742136326e-16
6.1087635088981760006989960476175717569648308007678776051485579517123263e-17
1.3477387003775175363478473662067995868207071801795406465095538211477675e-17
2.877735023121495677765798169939880563499972703588600873114479449685783e-18
5.94602307189205383963124214002868204997612159814195182962536413604021e-19
1.18869042651968126145596016328657357193882830236649526744971783891621e-19
2.2988505811513860139808039387652693045881378911629590364903797189956e-20
4.300150300968715387151975487802716458978571208718568664935922012969e-21
7.77886455492194732337679296119228816956673632842962993575392163587e-22
1.36061379386526067415311058239823606590773396831306873119615357166e-22
2.3007191913954128705814276240593572283213939891088435585330844052e-23
3.760313081006196546480948364062781741714356373725706824280285033e-24
5.9392980017148740385417645702864761387312629110756239448450063e-25
9.0638663973411912242318550048080217628519951026846024778107963e-26
1.33620506244497816575281250497851865440793604542882926036618403e-26
1.9025028224561713029008076666901220450436134662075267687711671e-27
2.615644646440840985732830799262093110645604159070049860768623e-28
3.47167705936993851564767555106233547483612896357958694802355e-29
4.44744049956774988935892412097062352977418173718155402105085e-30
5.4978318225888978573853191083129041362754337041914925022476e-31
6.556627564464734116906449169622964160843841754470018029171e-32
7.541740810435600221647992063049680152010723367673720496762e-33
8.36480608958240287395812755031902360412160636130017012884e-34
8.943784420219180479564339906223765281226318766550084318e-35
9.2162161214741793479867937700929903850001826138118815362e-36
9.150213216666029478747268101741500177771558816157153397e-37
8.750541079362522547741341537177970987692094256684635024e-38
8.05820047099388605164800352225895237468356309418373201e-39
7.14350514535846215906076186614464160299365660807936921e-40
6.0942698640561550359556376513458788930353022927574244e-41
5.0018656274693285562523526279487459407755987354606246e-42
3.9482200685167908172856070927472275804957484141557247e-43
2.996294500428819234867677674320566563432097413464114e-44
2.185405292860466749586824815979003729056812521496284e-45
1.531404549969804899097255271588848004385081118901225e-46
1.030623027689313595147951382293599532841905368594833e-47
6.6588386323389600829586070307968059058791835136927e-49
4.1287419620972224466964832513623605151743760241121e-50
2.4557512188419742361870628597888824633242849585851e-51
1.4006185437237184917346816515562979656676598436926e-52
7.656676225581924068093576836686507080475972618659e-54
4.010106939613353045400203097677448952782026130603e-55
2.011274496950666601354727293921154108078997778058e-56
9.65572294545190995588169002385242141636020682126e-58
4.43494533887290524276030596145110442226061037794e-59
1.94790207735194137293382865715876688617564224041e-60
8.177109211983256381988741279531521512250098814e-62
3.2791220314608039338899357527713221738732356605e-63
1.2554639807509648093166653129017979790299016511e-64
4.586652358461311069856165586837020053971358407e-66
1.598012345506160636884518931032292359726397324e-67
5.306357705967000647185971333275379408547811008e-69
1.678322692993950968962661122480201600690553602e-70
5.05287014708385019732100520581547082834954151e-72
1.447091491295562886943830401502902421412894856e-73
3.93958341465043745084263157881943202760530333e-75
1.01880643338104502983445248350880301703604597e-76
2.50091855013669802304828532586477607822878367e-78
5.8229302772606917506688464316172473920799263e-80
1.28491131686096289990361285971001357523707947e-81
2.6849526078289092403025576344193144138510302e-83
5.3083645799785483620444085155325522786617203e-85
9.9211013319444844451223096410976811148455139e-87
1.7511900733679778883706190048926939060971074e-88
2.9165149410174266483436273448519314032161797e-90
4.5784558526546374107290588177916114778366886e-92
6.767781342349998973930558140436062033331523e-94
9.409699537425820703484715911189106064225122e-96
1.2291844067692527472971670784400092399567472e-97
1.5068106524826865259250314713380868123905733e-99
1.7312774779709635142983933165171814797451005e-101
1.8620147865000319046916381467982809745852441e-103
1.8720811194533271037820057310696988134189734e-105
1.7570366608576541691077716677213802066655657e-107
1.5371357038338493623779158495155816586632305e-109
1.251550934927382013821246492135601354898106e-111
9.4686143139019012655334683288562889756360016e-114
6.6448798815123491042304534340952739711520552e-116
4.3179129448581053061280615309869043055309192e-118
2.5931584676619481299589879948836613422124677e-120
1.43645188189860907467319478063764716762258432e-122
7.3240444018215244435845511810995864459217378e-125
3.4296397462924402673472858966437974839340726e-127
1.47152631493099080033534059790108840431791797e-129
5.77077003247116492967527871990747535863426996e-132
2.063025337323797838589943351224198208768981905e-134
6.704525922718314112827413262032438276506375343e-137
1.974850536267111886408806792169570407902176324e-139
5.255667508294835599576716036826570570256700627e-142
1.2594487680597191267469474690782267272111233067e-144
2.7078265573182397084187882384404905159105867858e-147
5.2031248639482576837069576349900706716884140046e-150
8.8981669221062142284402886430864527011505724197e-153
1.348280177326054320100251263937031133054376981153e-155
1.801349784845987285852704557025538154003604220978e-158
2.110937556636703349067528164222563638251415414276e-161
2.1574362378875888876261022217605865544743156711472e-164
1.9111345330052895164052283524864903959463341546584e-167
1.45744090516468523639777334003488996586069930232806e-170
9.49747637070969726751480925319746599432071834586139e-174
5.245517467567325179899402444938130032341802563328869e-177
2.433330443442646578153645566282054554307253796315616e-180
9.3860062062462050634169319879894843098207000294250851e-184
2.97682582624516407925259569129228097139524984941471426e-187
7.66560088000957754279951008815190741603298331126575707e-191
1.580069019396741491316453005452591387329727570323189681e-194
2.5651243109029118712041546783822060972710582303865377895e-198
3.21941791878582930351806788103321763351350309079257624042e-202
3.057402753823132416912015723497931177507805818906608868408e-206
2.1425601674600120361460416959019100916613633505722137132068e-210
1.07555955724282873097352830751672602557619843998322140436754e-214
3.73272017014203349288702553719880600263422955996129561090838e-219
8.576934936539497714456568119156822951720053031535470213001163e-224
1.23676132278452585701700432929062144123879783496180529422324376e-228
1.045661435432841075799614418852626147174516387797793463803500766e-233
4.7446590144273976479711361804508903440587182320446644102104683031e-239
1.025246161446334525002804015047882453607029831394163988499717122682e-244
8.9101553853286936671420185135005666082061380742591834916924587855791e-251
2.414734159583545534233280137643886114985776492497602053792784082376322e-257
1.34044381734011192730207749603121308556278536998914228763031554159231783e-264
6.807113059683533219182277162915058616748729330902532372627779340007642761e-273
3.9769410769939327919689416965978670333015850023276769970293501048482879619565e-283