0.070056954584230874361357019846227400304241761090501926099185470509924425991955423354719405940322206144953283477643352986007923
0.1447122213553375433588513729715424235085995147040293301092985996769467874365257615718342558610174512641756181374196387031879
0.183375485555474929420919844486311288475111567635721585006995236995178163895837882363279952807869131562189321368774071527897
0.18322996341581122191675653057270728707459412588032437071106293935189114999437502355592486880155425240971498345997335016643
0.1544782221324064338411160647001016926663102450939944081573021303211829639099743547103687203949865140501369013714165531243
0.113013661650412702438501144676581411592944580412798048782686858248993230641515439100356645701100472615296786256483388781
0.07276618683175724043000211219702976033158250229525125586230129839755557412289098242771883499680494813154737033187944468
0.0415637554669119705727988488561977400089429876677990225279339208580249772275621398490168913419461032235659085439067055
0.021161239902130084654340976325371323199451805352298578295610658983639263259202253876647079298163252985779690144609998
0.00963061420611063584431783820931467336084714591180436493793916295436385146480092113684072128746806304185157495722365
0.00392452857391569986988283773926909488999558707049477528195698231495380363456846247851344152072035658929588652616912
0.0014332705125140558676832258641851413557521884427500824528304582981792884883467124885200006123413858451948592998415
0.0004692565557039502803249471812043101100234944893162541840939604499716294339457205117006092549911305931931472106317
0.0001377127539496475835522420173738383168951278127683447572072782761173374710266431720301847600678337097950909708557
0.00003620775691732342874766063399926742053892400947352639707362013354332813238393086344202660441872006763416435211
8.521956657423243789054977308139997927019838133726162481513391185811293839520723822144633764394757144037321207e-6
1.79354575254953153862284401537289781601499844882108401363739765238165295193638503671973550753790437945180253e-6
3.37079949393477551265831669817501361499116574556059144008231948710742739642946639294491700559231583565903313e-7
5.64810946884513565221415593484931167758879137369099119460068970916228066692254873649321298054666127751371e-8
8.422024999683642801671434656783103884550297212933292087711438940490962702015983036818021435601517164513847e-9
1.1152076436126496840253496910419293631700550889605186261411901248377452277451801506023938835532699318788911e-9
1.308241621199787431006414590987973936437595485543144994965117727235607557281847158630250351649191285323151e-10
1.35599643444234175788313497426372548448712616568096932447149400333607611136216425352882074821925504225866e-11
1.23817565938731072266675417837416530140187382795068999146238339286579445918573320315124852188028225698403e-12
9.9273266861347567022593119150004672134756513979382403987253447648008959666759357334425946381405040988963e-14
6.963488597776964253567108289875675652997538949164917506853751106675845731283198722899132489051109184508e-15
4.256108849484897799662341695288552814244218621991291637956954069193988402159700659835293968786665623165e-16
2.256553697104273059025856760475234911275894977472572038346956049550976458305161494728504649222946157745e-17
1.032682642195427228652812101285090624670829967220512227912800492902905871771415346837898091139220043941e-18
4.05671502413962130059837259564234368190541207549709220000521036778418416907966170407030928771418759171e-20
1.35953189851957445573831739651322854521204498889812355648479752452688315014570480633064735588747132804e-21
3.86023289283442357041943443002556203007739837292879712424130849513057930753803048832384803421520418208e-23
9.2146512227016978072720031760362849263223334887732815545533750597372485159234614965431945596307139043e-25
1.83309539520610288044558908089520253107778422417882117854974800317122870997512938602192802131160490014e-26
3.00898993378546502499681129696353865282786734659775525711656510101147865241951059408420644790673574751e-28
4.0296332394558952327174836056163446257096569637289556202055889739520424997412680954840212837318410046e-30
4.3457475762332765504432557366507476666442764308722084994092842288431893409523566427802050661611724022e-32
3.7176284374995260733462049495787366980595439028723620849056887193714540628491376357902668613362369273e-34
2.47861034045304806546559210846863787254713026652769656869818649713434976675439730547227240822547021779e-36
1.261344855041715641342164579289603369300550195958074323905509907254278470236943782137240442827241169e-38
4.778573837647368542028842695006931316108074064679212817608515763699671513847314554709865723722886198e-41
1.307437745316089469610681355419431294898710056241123531422645237989386273352035802852463334052953025827e-43
2.488230911782780872757052802854493158934501058627945670566503050633554594082921577070302727760064241165e-46
3.141046158427488190497118085485226730536579757756570750850495699454837918048263070123373869421575561912e-49
2.4725937368793530953284876566450281076003636810912902556450312632674727251640399347455885117767123624989e-52
1.11696387481965235062682216688517888763738554022767241821156782033640063507795661987513868098201150665982e-55
2.57584086016495113989850402136971117243413617374268347494118945891556243050291542909550575223465792235107e-59
2.54468778429366387782227826295051447162551356735689016791134901901074892880165366254639904964540838859738e-63
8.074905863956111705602970457497331554435434744809177912012530472240545447678873075388316007964626937923997e-68
4.75808087831941369524915550085419568617775660814601339749310268482901827136091553936418300599640321436270541e-73
1.2913541462598649874902029955317568716088766947810604624923260655849749646667899895047952552361925481711820143e-79