0.027291822519550504526269542268898035393234338818343076501984731491782907044510546309649833045232346359577487506318448499297461
0.0606840755663415763441369435677264589073248284811407965878090146601319408704874398560476891166664150664698860861415718884017
0.08780268839135527592128563063782428335946664720943650830814963451870130901131055594107739710201809226711535317212768856891
0.1062829440212754846203995214931175478733142578439660648333452861363865276661076996900606928073705319973353648283202854826
0.115201735755368798673543111037549979691239953183086775393867072705104729249246731480770954885378963413862337386496663829
0.11503463125056351953042782765800632279076954349055041586249183986392521960642352955909455286397511723768983388422665613
0.107376628850436236762601388373441518384109713848134054473182575215329662257194814499566023182200970001167275540501375
0.09449066998336226152817811962596716687112940537028475064536903162203912619301636750431620554120348265334730356019759
0.078812771642205806928878414887473347985399942284970672465536642070933493968454225826747110407051400635227904183914
0.062531162142533115762235080840684841135005744543119679236508176442333402921825737055478293752705291909863966648003
0.04731353723567579246787839995663476718647638965600011849529274569743152772677637090413415734290466862070339422988
0.0342025985546032451229749153564028037219558672336948455896898072166435011968980391380962597832929952448011974056
0.023654302164469982467406377794758520712028498322427657817983351371729058013352351062083973354891912015534439959
0.01566710492600486774856275538409632583917195088728686866719858677381749095532442531745517638919358248262062118
0.009945856596217709667352833836089565862374782863679058317894982536861049105051145705145221280456807753388791
0.006055377002559104075884516896782021433389677861194433172691135868878099730071694839702063806658929462586541
0.00353751427399376380105562048332798610572584931272880433916767905516818079857651089757788443953194207484004
0.0019837201399918509535352167758433790940054263046381432486611105481152011434798467748749964892654440176282
0.001068117556788729889827754670208889495397280775541829905160965869158571519665248843223321244181595602001
0.000552352658707677768235448334187109773528842332769405927358177826814549747519553124564056880290331346035
0.00027437916450553577704282133000145418108437909769542003743603845101185547154719317317681713826243659452
0.0001309428710831350725546059758407828110061469969907451486802009917130525071527255131294992255646170997
0.000060041384148303229841736043796007801292309812220022940135239065399388175658348039510564427124174465
0.000026453636958702656543774072251002341186515233903067843282139523243506867743833630704436883822155827
0.00001119956815707905308007700644949995033839902629974646028580831628089305406954814090802574100701649
4.55620012007657173400022766128920275780176996317161282738021804235758491943883258390370644708688e-6
1.7810850843627969223915178821303991953516127982835061195801234483833695093904039846653949564521e-6
6.69010475739423143060586952941045033957312939966303021320834109860591006015361949674269796792e-7
2.41449122362219208467421037362408376462692913456988639371990835989767300695968628131250866522e-7
8.372084543120734710580075844812930507550846419935491967932348190990549007989802985209420758e-8
2.788822545273094675517038569515739449094687660513131476371181581654075065971251518829959225e-8
8.92370419984600333181319905221334445708642895711045404120066990034039559332431632871499867e-9
2.7425729479021719290848654544017144553928162909030176704719151175578904703312815713317625e-9
8.094797235916170655127271892948852206009128589526962667094379935628706595528496314837231e-10
2.294188427642253114886538388745544955356402456606771876727637761646846967194303901853835e-10
6.2425609109671809949544116772622543896782776828507395230837910592872016235180345295532e-11
1.6305616045573080280423096170869531993094475905658862041991279074353640308031051665302e-11
4.087685198334570444270976476375095207553253514448282478224124307803748148784132944825e-12
9.83339788402689538514396167531108732278577944602990934752566083577461376177795279716e-13
2.26950397352601550882506582005841661131041629934665500062376800405086655797805888135e-13
5.024233336440334300250780836774867482690111034791637259126388993440651420795796707e-14
1.066659142557098910442866692450354182851786721774075380935008985350206952337246372e-14
2.17119654927662108499400884993302844178654357672829654594826679067251504561435638e-15
4.2362926652083204252724312044118494260803261374614463645229096895857569816136318e-16
7.920942876666395522345650289360746120254982543139873808953210408255396435347669e-17
1.418919289751329843427635197477835109057765684994661552701322231903264970477362e-17
2.43449618439604632696250670332183017517186703130733430521386919736694238825159e-18
3.9995087625532617680412532945929098264940632762264663845420784437266123806125e-19
6.2895657492325289876626154376238650614421673131362952032988828754928093976786e-20
9.464900879797915934760074041836757737563689042103217081846079590535634719671e-21
1.362549666283673540164054576399380908701325431914645321924239236460391915911e-21
1.87578613155641857065094348084500332716052118000000075858524017138315910728e-22
2.4686361554699794590429205191026457635204450514295866764072086880191831951e-23
3.1046724416318205014878213745447362013306876411560331075465798935492685586e-24
3.729885271822774841033606890680785828773277267527404192468091055627935037e-25
4.27883859313174367089007248045971922065211141779197892373752174136673658e-26
4.68522384905125743686934184648062716554519708925859133345438889555566371e-27
4.8946918236853605794875112218224268739159699029904908070503262844307726e-28
4.8766382760328296586062797863142622157601933322864722068061163041743406e-29
4.631464498148555719776046268557209437103931361013106838747810953823578e-30
4.190961884545512293534543351014897687589313526387174208555522732202555e-31
3.61155212912496152623395753431781719794978312357758191112095882027885e-32
2.96236151947875778651553156446472108432360630011641441369128447865741e-33
2.31162319858744383210855217436624697284444443153962319819038268674786e-34
1.7151138841059035550829877616412336113075527675140139509786747579817e-35
1.2092576741579745878005228753011064498148087647578369449874803127184e-36
8.097263729981683188638474591970914545425196336551639339691247801437e-38
5.146179681477093386864904423270623706761966026974252167608828574898e-39
3.10228854440917894450403064083397204471221732590960067884876690046e-40
1.77272985529972289148211607285515464295006398836608817600419974502e-41
9.5954927068182000761233679273078894809304737664841998583640487854e-43
4.9163830359594384229230668014367996962391216404793666328410728257e-44
2.3826199048164903118895277495023126406768085718699450483866210382e-45
1.0913354925753532278966611392905568257137559281521041336797538568e-46
4.720699396502993291397758160480052169760211783380503720708861101e-48
1.926790937726898672818288328818518826668318509251467393851599796e-49
7.4141849860732825312621399153687287146119304220945247065005225e-51
2.68718235017325181921145172762224995856442027511354009031543114e-52
9.16480267774540669591830981678538693645436483153908501302045698e-54
2.93839917971236032642314229750953837487827568777082410541705915e-55
8.847297518764718047494681705350097165593488546381650611408001e-57
2.49892377998862032461025102657815673092980544763119906237435494e-58
6.6137381729738513316069087993924767676468577570961948448743225e-60
1.63824572335109189466471736750162539544304853676819264443676861e-61
3.7932506316186130699642005171647632322864035905234698525588839e-63
8.1993849121573187446739585503253831137215389691766899099167471e-65
1.6523336361504819297415780021817095264756426279333707319410654e-66
3.0998544636341888961092550235489648934464992354595710982476423e-68
5.405814843553511038198580202377218022249968765936906875363768e-70
8.749297667965451276851330384158397062431972095419962352126206e-72
1.312071450823773407340983995179488126792541852324080763854214e-73
1.8199344422552296252005574557097541564498674843654009487171342e-75
2.3306032265806153226889424708275882496346517757128452822432047e-77
2.7501167127751603701477642220471536436013897719896978911393641e-79
2.98408949894199532393094692364578211810644625945358287988618e-81
2.971024485948283630765339313000972094388747630182331827216106e-83
2.7079062172329439484440336489887773479426991739491915949455042e-85
2.2538866739813564506705130962464523431947327202193740617993795e-87
1.7087280929790493524468211810753528798884922427385592919008463e-89
1.176670400752551602828291669453458448701555245192969425127202e-91
7.3383190931619632470002692482722025615957855853436144883845732e-94
4.1317096053278644392005687070676792646583426761527928382035569e-96
2.0930994246799080251831265860269382323806454179214601494406183e-98
9.5061839789467526517464967837205117493423761127859356946730677e-101
3.85559096162428388842644896663954937523499040302191630338585935e-103
1.39067581555109964438618413843600233584265805978832572946285414e-105
4.44066230479102253714808190190932301959881850832915570443794036e-108
1.249196759687464920833498679510244333192640516924107308716854798e-110
3.079408320029490368341126963744228155812902707179909373229433435e-113
6.613685372525513095106182647904855881859372838194712975118972812e-116
1.2297396122223467375809298465235433590077774824101670494660452331e-118
1.9659138059388505724748645014608330712688815651472143266878714742e-121
2.6815261690831562843674217061349277832695872843454325507165377258e-124
3.09457226102214716808788372541880385603527716402445854214103374023e-127
2.99329479935240172542943291197282439995585746293237511446518260565e-130
2.401510413714223827336165530891974747243831368232125198034173444239e-133
1.5794447966489709157507478572435611105666180956055815203168532853542e-136
8.4032515790398965105449336151135596322008784284645023488500347624436e-140
3.56253683967615811131267300023587556283448244925583964474230875892202e-143
1.182845097656098617699280518186775467787144564431011477043356321913707e-146
3.014848683760100819771576675194536830229106637377994824516944126852811e-150
5.762695516507258781290230621001504017599917558428079671914524871154083e-154
8.0356466742029505372647053672859580652368276181126755950374274876789676e-158
7.90859387293508034605999933147837362839025410825444116335410193314186255e-162
5.27726444722979051658744347645266173970092810913176524831126279883635451e-166
2.271589742081636305361026388439756762748887463898027798627999746792981117e-170
5.92204776398630219786724693590953257249411728380098359407454550600426002697e-175
8.613057560474784941034839908624134389158990126971915006250858485358677859435e-180
6.2553521100519725871227824154365170307226241757937620209570458246530213291232e-185
1.939783306909038885799596817560330626821923157380308983192343736818085761484375e-190
2.02923995920477912994152428332666672462383787366395513099727888226386601315149999e-196
4.85441624604483732596085926214192743452929755008662576449825412795908936411408638e-203
1.261045606342508964064584304442108664247777242068655031495668749313647789117849992805e-210
5.2554459275380824361478895821600453110874667130089566662916972717877190940780079241881e-220