0.033744961434848988843272828885527440976472819681196759517833495193126501916587881747869406841800388463307004301046534054088767
0.0742143740428275337928212002795507922349574807577063478973842410378258202881075274414011334890921933274457926898455738163554
0.10528083719912616105116862726372797801469227777015344728569498434309642916531662277358377177398985284842136558423701004658
0.1238563683296575050465902417090613480424596261856671835881693517619371384535443034848169692753128505310869409928521617754
0.129331836121150071114134870244833215367477408809707489484964412015773462417971882579219103530096376976842632325974352342
0.12332089423916833865221188263282508765394700719625358693198469262732552287967570438995331826463640810838258514830839908
0.1089529700995552443384805210735591160870221533981720111111031432893785148361399078443782566501894995673582935575354706
0.08994700701487794544524169179914034016002390457137846569786006092513747881992687575462822338484618495767790582853174
0.0697582691571004795741518211283262584619218507732991804299337337955612262207984407526815232414255095464438603836559
0.051005061326882241530013907756853531620611900003752169611438427887500819451291752900363112345554672306485515173678
0.035246638563435032164589453797444469914330725496641420626886357738520912603362470159057523012854638412918355625
0.0230613162330427726035182715404294067030727892392741388232562396319560076324427432411255073371078521335226302802
0.014304814315176197443289953760787041854172808884440715465333137610158047527433618857684474109833437273541242583
0.008420489781950855573440297664214132838485028912533009232627454664384075519283573088479485163906941886008830644
0.00470727457983692759773474166296655115073690103420851442206133819153336748714178607241909844923769323790468114
0.0025004605951109130627817589913265191941251451813608002591080627128638950099391605759328192421447432809132634
0.001262610741364814870012035118447517957660788058765984054618230544591291445130148858494013053219156998619156
0.00060624885430601977678245774867984024104042477681644567418005228995147021396050071162348107290755842645274
0.00027685924732805431219111228330858152512836982879383331553866853013744435045237891392863778171647982184621
0.0001202699113199043408207866022516656063692602217999152090366970361681462705176018690178999260432557215057
0.0000497028950158212779025349308778319708134224650076964240957101454039960944473158191066041191047338552
0.000019541036069197827544836146760863668749551188434572702631317640171157214406523660810034799110555988808
7.30886157638800226626840013043640530047934715109779953368127936334050467143528623623834789312246328e-6
2.60055516389091997881213196173907519380458198008462937660282067179375995015774801943576417639031743e-6
8.801551087173992859264062240762757117441184852108000133858388567791746633109095254999422105700907e-7
2.833204323285391797739101010674200910540978296858604201178873420772997261845923594753159907323867e-7
8.67277442972474035500135675226094692255551996200351899448154907183167595473739967956389049777183e-8
2.5241995498968384186278221030520341305612139259005473090352717341712490944268259421401697274177e-8
6.983731676332864888996671523497881690677005143486541745666347371899165243109371602958085267466e-9
1.836333830517692822228615654599937657974401573136366269313152307014349842100228008941974804119e-9
4.58783305493430234575061813742452817248927796330127523779634906382501481463584304726170468331e-10
1.0887722300291207466762748223176528417972513012927248797482492978238675756198278566391698666e-10
2.45364439447353057106548862280129460642877034448156534127543188027574540349491520942106407e-11
5.24920213689243897909613658803668089659567727516380841959503148254271292851391808444848306e-12
1.06569832540248641537834250255771414075616351796725832546426209987774108679967956765746091e-12
2.052471218004152238007394172596218553227441002612527556430195690502530031625262811360455e-13
3.748472965450902621658184002253496013468035049777627379026036371613785538490682299044402e-14
6.48916798284831416104394902431565370081818430250473423369636579497146566696751371130675e-15
1.06437271936484905230795000738541723788372077941191281005859637922205128657904573820016e-15
1.6533737666623467380989588101655643463805269912166847234193326991536748984187465393993e-16
2.4311567095097977235810987937672652877718197537966680669130991675447929809470206099848e-17
3.382211098262222025485805998543956961666313238061580250300092270689330987724497759791e-18
4.4494308545852543581978258576876801978935691887925451333961108868490483353738800301e-19
5.5320093863617615502610618772481127835150978955990175023018851390015236837917500123e-20
6.4965516600412707561070669768402013760266794037668622697829044156215431335692718885e-21
7.201765552442688605061673787610331576572873078521950139433017710974285933455073766e-22
7.531351721981024953489299601996294024963813519443641147421875411216387919511037173e-23
7.42494447515152854379451873141921448036086306297030833902963429771312510764253484e-24
6.89595453172756714157960631124989978487347367859109248132191599865483049857768534e-25
6.0291559005012200398979250039564126027112026544348627892313236052883041463585962e-26
4.9584326889563669786019717800755963373749530751277419855348781657845326417487517e-27
3.832719166064491798171130036953680815914070223704117551493935717428670135259904e-28
2.782123256525738397424470644377061141820462679703993089099368987968322426876789e-29
1.894815864477586807610349894864833250614187642944953646753377966787466282927198e-30
1.209692065021843195751376026329614459036558790429146431867480154532602435853558e-31
7.2322944780547744586136134534424204264858714538420089536721199958276555816004e-33
4.0450728968454986985908731838193814035143723723625197250024538240782195613167e-34
2.1142637223397562576329009102804498650568376108057196872236187920024210577699e-35
1.0315369813266606914888354178783972116672600801122468777859554360323593921359e-36
4.69233315780990841501376702302121415525651496065184230041365459156816801635e-38
1.987607006079816934897232724585780249921560138203947257027040038697406840857e-39
7.82962685911507121883522096323866927798640937841752757574424439611974271335e-41
2.864321742274170514851431471575500236587159308103358653541057498917617448848e-42
9.71722102895834331358605452425198321080583309815235909020365652257318697731e-44
3.05236910133017486935089470810576116742086384958835804506376821200448338315e-45
8.8634977073422577974628717764736262593469073809223432500287552445501951298e-47
2.3752282206020817214489959936597295957904350868326956545673781533990425048e-48
5.863463398299723987889407138184176736554094377746448245059016131600259809e-50
1.33082979803852219801520025063146575663460857230108407084826717774276946992e-51
2.771606113072477063466442600680555540145850364690762375117033209429846944e-53
5.2850473058840874849770212874089218245797887732677725183393389759137743984e-55
9.2062789274384567886645829150988188937785339435462585243936811088723526833e-57
1.4614483906715854124078964831293368287355520728561992525886681583978742522e-58
2.108745430306128294114034215625698396927106803299607653823532400640811501e-60
2.7580866474211608983105247675966335738982188979591152278101709242909689212e-62
3.2602717137936733882123859849036623473921408999602300348677631141455796213e-64
3.4720819749500052143760795375772487008197763203978439531629359449872739657e-66
3.3200478135520464172931083933501426399825842862222745968841122062174750061e-68
2.8401020875384081115152595050473236636825565021152629094907651743407752458e-70
2.1649747753542966364449263945788510335558895318531677683749203571159657635e-72
1.46439433719800121634528989146095981549344785493310443208380353648315212238e-74
8.7488997583617348884559917298256250543239882097167063874108527939929277179e-77
4.5937889633331912035508916806002695754214342860699587098643328148881294771e-79
2.10838089344128673168274361840529762533129412618615520771446942002463917746e-81
8.40826355810593505984298606042446505602749271772319148630148367154866719289e-84
2.8947546141126062188232433208949208198819761658218687475136653652246989511e-86
8.54178184348499710884354130594758490136634633719899965098535696626920530251e-89
2.143238080964958198970514551677863468223925900576151814563220996392677122766e-91
4.532628448628189025084639550054049586618392733734179090095791892005646409465e-94
8.000461658368410508474440244475706538193183291720251213575675195696429031219e-97
1.1656528601365936051602602812051750309529829661652433344193519326630284062246e-99
1.38450914716728121408938343092222234181252808448182187739572319243686107908788e-102
1.32170481865545855971770541701012724701557865677343037861971681458616599299492e-105
9.97757291900550672127222184577201938559441920648972591055329571263435274669807e-109
5.845270578544955778233776711071459806677020954094728659867055882522923248728507e-112
2.5998153710641050407993176702621641949656688026726259195980281040408601950856538e-115
8.5542460599062573166376030191901480413758135728754815380835694256044154395324094e-119
2.01859925138075420573647571028534220977042419232315267893714326819964951778428606e-122
3.289815415573180797889948142156998663223144892027108143196346684269216144993040991e-126
3.5340154291359100716260679870036763036911076151894710565396974941190775710012379538e-130
2.35865062856598403850928699710443652518411961659831505038872250660791268842918757919e-134
9.05586564238908581140212472454466004795250008749110387660496246038980896296826790398e-139
1.8030082912525291646311683063990812596821790154912604191385570827604193062809411812362e-143
1.60783002906995258115234739752440797340627165309359579778055586709772925260616949384056e-148
5.152183454954954429955811124154804874614656194059155313491975755293271752661772251362251e-154
4.12613371728965594118971269298557574048624367676835283124581297310536283231710825348691915e-160
4.1227025703933038831650066755136418930900194136810197951067146666904869916840809369748098245e-167
8.660027134390541907363546417487001020701035844746096870974757913961286775975578193637358049948e-176