0.059883611523733380661458785957617195999601835888164411794174807789449928703947460019488449056239376596717713112367292940487698
0.1259109670754010719255862382313695648033242293817816011160855353485106390889890865051649536348485498387945127835757069880099
0.164730789082107128071962851205499486523529782790802489034695096967534185230422904581425524195051735424746434815977091122204
0.17239118732674750402716918770437841917636566740484107161314200876350366649928377369602738205851417841152243242307864413513
0.15442926800152203448430311090830440595060405477855341992860930048997507076423887073429881265500912496461377781763010723
0.1218035130260512274449515276831849477046479070553484676881474697689710184418085952511619717011668995852926040603630272
0.0858079768798467032782867268946367423039098099474547257527045625984957992185694064764768888772547514530880775408416403
0.054435367226483746818562673977237515741887190621575256690747470879630647058382853269719045664304001173916846763804718
0.031252789752223371973848371127385005698329965038276566136994405999976569434755760982505980676833072061946982916100455
0.0162902590476351557810217457322003052956855628704368669977922019157638648627381756391140470602681589468502965491935
0.0077247456605088567731626854823907609168608701214897936624937138695005647301692106789816900151986287334833825365682
0.00333668949430768201635224547815427251856711482214889057677803222509017147913487436523859014257016609647862764295
0.001313865863449651535819876443238883657811601064378390342784782940467272611267103246406458788412552269186777340761
0.00047178872610582552603319665452801532545976531839588664195774619968423007893002383105662110128630598914870900921
0.00015450073634605151289215165227862179635069837728252141686661351126080963865567338124262697470768462058101035537
0.00004613363029151373403121703744709198825018670764532895179041262878683256757472029267597100911146551908868087375
0.0000125555415864332080770009589346249619162399636953760304615826369213690472175162864069228046187955865440314614
3.1126536116671386254989197361311835165452655831301513679772441575788755509297764984012522660055374840218473e-6
7.023892316922956353018601068716271137371164996116350307910339234263578526888745147118351429698235860724935e-7
1.441394233872203205025382200901350040784816499100482606691624242463299125595667355846302025548139358523944e-7
2.68711553824787382565751824765358172301060632952567408058215147780893940762125478610799093579626083150273e-8
4.5453240465711692205347212546601259453890910266367675173958505193444366784458646892789393896378671170086e-9
6.966746087053994024475718443862357753815996495861706443283621655997824813942456007790565270981663231715e-10
9.66111905164919057860659547858408828662267168341838023582925442277087771393302637396265541507907926179e-11
1.210137290201255147395057773208823847560482544096100738457951802094187421881692985086749810396613771671e-11
1.36665089718308791608803622962413945432548862816034951713690654002967284419934754995067601381993597786e-12
1.38875835687408217360201848372589720151117544250976230862270256056157765789817444855828032235581036157e-13
1.2670440927349749065069284685028596270629756323160084210665331180425932774519050132970672273838535714e-14
1.0354183850146325428321489482187721123704966021738733339940807387552436909702232149929703817295660942e-15
7.55907205833704920788262453835351606031902176337009339248918713524005696229180499055210727431721051e-17
4.9160556832367860940831374230580702085363132624557515363159752509414912490361734419221227383735687e-18
2.83933159577619796683727625383111922804922497296408652798343094378907197572386439678456549175460323e-19
1.45143796449501838861545638770307379485892264092052169838497142567782441298143023015668581599557753e-20
6.5427350200929260331041890740387744887903898225159833007821353535534449904355603225378105910232104e-22
2.5902519096833059548542261926098654440296847206762492126666300428227238076283370876577876083800892e-23
8.966427843541491726840755028470834105819170550673588148665344821753090106781368017998498441044247e-25
2.7006780092750217553012694906277226305034860283023626765068514485361533209130975535578455341767059e-26
7.03988949156214094953349310160849198397703385364285114380059699704098226643314625970714937457234e-28
1.5787547853764471913558844734144125106037877233772482651751725903995252736553364344315584306095543e-29
3.025877689458483494770776452692285588855412125970255954336470078313942329519244178763301532932329e-31
4.920167355256638883655132700811128841292378408148801393506677181628744745831845986868583310980245e-33
6.731664116050511818721080775655253575677763245678309138394113837543330462426772549658579757687979e-35
7.67809653882762764619016574793260466136695449544112852242673763254115506591013652660136992959073e-37
7.224669424010354342559699162210504023085294279405905978938477800116719134083591269618390445336078e-39
5.541500398361133325605458669955328538076012891305608711114340065760988730504040349453613908543667e-41
3.417660127908143090876848398881808566002073486054392245187059589943913973476229117922260450442798e-43
1.6681495220378452232098155768552360866152127412571025689413392921769643710398995615083565747905854e-45
6.325573271600759119708624392074630528331975043548440677702077216214154732751752692867383523652595e-48
1.823139638581436718605672251583491861359299560300293730251049685918586505921558060867905497564788e-50
3.890659669222800231387905925649364166805834699227624713187176052951875925315849125731290902943045e-53
5.95516154576769816607798504374766536240957800296528419745544186677452862880436319859411593112554674e-56
6.28544922614731074767913151047427912134396120356331190674033496877196334759085576530447739890590845e-59
4.352395240043015202339320557950358135890593510777983352194032502985075881114118371598377284275666132e-62
1.8533564849869102489878455539886748319520403904418293994419489532518059507167963161873675304049088826e-65
4.448273483037403063264658043481444833463910269995553467757983527161400828841671681031261817351205501e-69
5.32256631495576903792288910405928165595954249446189170759462623703004675690931222587450326521840759061e-73
2.641206780522461118020475255413751981908144269173251871972569734983100008372177243670113265097607935281e-77
4.016505842550546882199116769428324954898166060186377422016258132932394569170550924796152143901043821178e-82
1.051694103920147212675993202269723469976264342574726956898382958699355749092679799553949197198267787253787e-87
1.09094194862482007259766750037103510023317474392688529141163809952589986663536853609760006535100088610305963e-94