0.014553415278995114366940186873587255130051138078443483395466672015918506133333436858317605063088364740292814395832844081733659
0.0330632362066783179369133332336481427103467531479025283305224963642439192250244738066124582271214806924775532792315752061647
0.049725717225100384790518217759194690374050867063123336317425090805737303973909780479058256514132417718727367187738497841912
0.0636519495700927639096139200717793147563091205844861505760437661520826217070077225130523226538483704130656956265753302612
0.074226806127247693530840812260163095329930784225330400731128029766730799776446345552148582420981297925972273559949941654
0.0811279796171861037666630256222673487841887610374800593336373882880704859323361277805560850719672906510851312770323601
0.084331255122324823269472776292942134777467930562538924782488080440537302309854694643822348285381105450878255191819706
0.08408383428749420442775052472302296266869056700816539631994195784343861773221813432425630195085162427069818489618117
0.0808511993258769924283445793955587458393018326845260252421622119564614052970950953376953657015403771523097500684229
0.07524705634834989805531845040530929770369300072874375460432952449532148595201727981460572294442681444095816075384
0.0679572354678539912406540063901438720518339608005592570278593466243586518077611852471872320156310817482005262518
0.059667790486574997305531439185572292781774365802404433283105202656736087225875190003716196637145107850257780218
0.05100537777219092640018597245624837336147613571822776471564498680115203420725912819960034831115639472719232444
0.04249492096515297978602729466955604598260751333011656844243208714483171831694542282252575043885297641283547
0.03453626903657512183760492149272799591407765273717625201739129076777491923738992393310593929408991117983886
0.0273986333986300154705712418485302541417050325155568526844676827774365870633775349258071463736253155463953
0.021229462046198730617512757307630463069336271030360643702047730389803607737159142538818232277620075325236
0.01607325900777952451438118387691961058884805230755139520702245219551701828662840141445215862263454339835
0.0118956502894017018438358135063774863055264216351293041499293065734049767502582681931478387120894466108
0.008608535682665017157149276602633497239667407012516647184688106119986959135495209403327316288752825854
0.00609316822466229276821754167574239734306510511080990210005252095151386117086655783617606372363767969
0.0042191811174926158389729451894240938119892806029339948797927809651302969639237159260499267665706298
0.002858696872106764564415038924973976881649770608586273407526511220999826964519408941675411321194844
0.00189554778202701177707441112333452685281531232624295718313857742838002190118361356462111262094086
0.0012302395377001684472524856962210917985415337429448862285958276532208166545821742764819450102677
0.000781602568260345298954418391232937283418090050714725942054237407244434327821013936668703224403
0.00048614893635488535282834998962315604749591758623156824431807806287116238308190322080932019216
0.0002960596175805105151292853476107734234317953066268201023553364789019606959970413217149563694
0.000176542561804517973583080823625147979974346081399948679034095045600602799951645833064762735
0.00010308827475857108677033163188986706580240204356658521368663796838324581174982941203748459
0.0000589499868561535916678077420951729129850896260597623230478169097578989462942297806488203
0.000033013688572705041038110392703553059000693292479998080799659713205535465179279786740943
0.000018107492091471758332913642461408081159658691522359482001269488262303588336464486369426
9.72728323945575397728048239841395897867182711195396301441022290949560368675938756792e-6
5.1180706379856395439927991051643787737304035643196968830486654411661888979297850763e-6
2.637621768954461538381849439203549787785012963229578156936151446824561344142698108e-6
1.33142958872943309647558100845986848704165702287665080990973367752201283047927847e-6
6.5830821773677915905008685179886874057518453061429015683802021130273028725212358e-7
3.188231688787897594781099061048119023479541384521487012354973347056546904309569e-7
1.51245504000641843856745186095206763309930542593950680519980574284250359888218e-7
7.027939497708549505534573666542082635617575104918224737874262037457124022034e-8
3.198792045207926532393692981858995993362068723327148230476848310102474359368e-8
1.42611527852605368272966552488032633852049032181289391915921618740948896176e-8
6.227745000999496409290923773050269895101233418977095054771852025671403954e-9
2.663853476373832596681065479794126460649418975305863797425760797873182425e-9
1.11606070391165526594402507727462143402397270869428394993290775934886362e-9
4.579909272002534830600531165925208345120552932362686814258635500852516e-10
1.840814848015751952776129516989472715492707505684230105384764695651385e-10
7.2466814162930709129860716262332175010618026163768024894297901086929e-11
2.794053987081023750094922815158222709507947555732149614134002810748e-11
1.055083529158921229709859704561732746828005443180032241918217679939e-11
3.90197368455347493560347652746439835334369128940975924118139048714e-12
1.4132385413876623886085852221217940211034222430022856503415199052e-12
5.012653256016684907992351478275191475825940348751071683865034073e-13
1.74111537641781755759951254461910349247846671110155802580268764e-13
5.9221721422411080757569894408302520037091488561665759420060444e-14
1.972482931659099558182893750557788938388605670081581774091472e-14
6.43292779823242670953962860380244526423874258664867361361501e-15
2.0542393292529108333281266818909647578111683350129611815335e-15
6.422785148481826904926342199159992382334648365320670397696e-16
1.966111363770936884089735453742462817650422593996890984316e-16
5.8923277640817099232450945985409473785303222041732176661e-17
1.7287841846958432669440389140976639385502517486760937819e-17
4.965353173622160113713623240072937186698085445965072318e-18
1.39602987643609988770562117408010414359952439828046642e-18
3.8419664118273205662550385303849689825229975617707923e-19
1.0349160676010107517316949842623634722900937121511594e-19
2.72852036723737617453711305210667619773478847221594e-20
7.0403933330676503063415962737791161685695213836844e-21
1.7778323589717098723607782880510676429074865162607e-21
4.393237869004182279179000935310374468554927277836e-22
1.062316396973701956783894965032193453267371181009e-22
2.5134652783033401456827227988838466101206110745e-23
5.818562105354955829347017196777575737086156608e-24
1.317818288732405500643374601456979232592612508e-24
2.91988066604713735500596276696661982027663572e-25
6.3287272698821464459585798085052124940402936e-26
1.3417780957973812080993675856742905309101013e-26
2.782458688951445104496583068569262664686888e-27
5.6432652799645911561958650792013089626768e-28
1.11932254729218516397475702394807067470186e-28
2.1710595474631475974033287771417298274396e-29
4.117635342961987611789194332617477463457e-30
7.63573714533840622835871360914911797208e-31
1.38435531004348793700343633157584968771e-31
2.4535988206572490806401565157534854859e-32
4.250931156649784224118814339977410605e-33
7.19869130797352367929863435326524039e-34
1.19144962532814869090192985062423822e-34
1.9271407075215595536275741853194502e-35
3.04599347335594065421685515838844e-36
4.70417801651944620694021644375547e-37
7.0980396771987387884902310733917e-38
1.04629190396211986898316190813242e-38
1.5065590168036744299350617940239e-39
2.118832079734177505738831073842e-40
2.91032491890163647243820146012e-41
3.903710192614872941394274423e-42
5.1128207477111052497616711178e-43
6.538006731495210544109122715e-44
8.16180040132316925197632618e-45
9.94570339958231843420225581e-46
1.18289493482944424885575238e-46
1.3729959511739621969791298e-47
1.5550884456867257147248178e-48
1.718513955545113912166678e-49
1.85272755587285451015717e-50
1.94839940481201291112641e-51
1.998475044025865107909e-52
1.9990291712018968437517e-53
1.949770455291866115881e-54
1.854107888602960902214e-55
1.71876219225374757444e-56
1.55298350769748038131e-57
1.3675020872485428583e-58
1.1733779548262868454e-59
9.809211473364741786e-61
7.98827060800532808e-62
6.33620092662670264e-63
4.8943648498987958e-64
3.6811828492325387e-65
2.6954617631767028e-66
1.9211594827687033e-67
1.332620361548929e-68
8.99475106247388e-70
5.90659184566852e-71
3.77288716769052e-72
2.3438084435994e-73
1.4158025142691e-74
8.314472992371e-76
4.746088384528e-77
2.632824038329e-78
1.419080069847e-79
7.43024911281e-81
3.77852050531e-82
1.86582444866e-83
8.9445210454e-85
4.1618408283e-86
1.8791377993e-87
8.231466438e-89
3.497354916e-90
1.440928407e-91
5.75545048e-93
2.22813836e-94
8.3583431e-96
3.037388e-97
1.06897285e-98
3.6425126e-100
1.2013856e-101
3.834308e-103
1.1838263e-104
3.534727e-106
1.020371e-107
2.846811e-109
7.67394e-111
1.998e-112
5.02278e-114
1.21875e-115
2.85333e-117
6.4432e-119
1.40283e-120
2.9437e-122
5.9511e-124
1.1586e-125
2.1715e-127
3.9161e-129
6.793e-131
1.1327e-132
1.8152e-134
2.794e-136
4.129e-138
5.854e-140
7.961e-142
1.0379e-143
1.2962e-145
1.5501e-147
1.7741e-149
1.9419e-151
2.0317e-153
2.0305e-155
1.9372e-157
1.7633e-159
1.53e-161
1.2648e-163
9.953e-166
7.4503e-168
5.301e-170
3.5821e-172
2.297e-174
1.3965e-176
8.0425e-179
4.38338e-181
2.25877e-183
1.09937e-185
5.04864e-188
2.185204e-190
8.90449e-193
3.412068e-195
1.2279702e-197
4.14542e-200
1.3109465e-202
3.8782641e-205
1.07176474e-207
2.76259172e-210
6.63138824e-213
1.47994619e-215
3.065419958e-218
5.882320935e-221
1.0437459731e-223
1.7090652662e-226
2.5770634173e-229
3.5705085686e-232
4.53478400044e-235
5.26660312341e-238
5.578482619022e-241
5.374152679267e-244
4.6950073018206e-247
3.7079962887351e-250
2.63861829498595e-253
1.685817230603079e-256
9.633830260396458e-260
4.904390518349202e-263
2.2145458751837848e-266
8.8282240620500448e-270
3.091507276283251597e-273
9.458461456791022342e-277
2.5134722343486461065e-280
5.764504909887251494e-284
1.133099163060089324227e-287
1.894501859022164219415e-291
2.6719418267039648653329e-295
3.1497872682162192606527e-299
3.072224809037151646170664e-303
2.451590033326393627152809e-307
1.58051685156078158201217204e-311
8.11645568051073735229813962e-316
3.267451162906433034564792129e-320
1.01257478510717422320554879185e-324
2.365688771418775887772752621232e-329
4.0673511427476316252503226218226e-334
5.00296294228040186996733133187035e-339
4.257979278654561908625635205856826e-344
2.4091353563461126321998786654562541e-349
8.63062905923700883547525614603020546e-355
1.842912677496323845400801844359253982e-360
2.172483564513736934575182330474514735873e-366
1.27929494704033042335319639107695194524054e-372
3.287488898532967680723973319107276623946455e-379
3.04499229169938314237396436461333937295036363e-386
7.6192377828460285981929368267908192058597567242e-394
3.196812893881558690837658599126430364004409409594e-402
8.99725729506092074640781688893240481020397259205443e-412
1.599909353124653092455636372513092715381924069356131043e-423