0.123778843954286426614721427540619736044369359806123692541502050255002813142456888330493504643888393890241125270921543028412031
0.2322792769009011614466887556892503598541231237970586851567529175831043754584458457393091112276366164814319926364273836731368
0.247511896036477211866270259311090422087200829280515989953491052370388986058582389375884203298175229962126934464623150731583
0.19230711313238282667242009721315280734472829510451805386255506600793116834017665768517337990099999836632978307207576393643
0.1164053617211300064567199452865447680290312715619980387757490641970837523413044239776674203820539666025342713022912253082
0.0563459053644773065174025386900719595343780415793722536185727612662536010207307801984382136378574114437393590723964182879
0.022066364326258807858126332392734996437357677355357891139813106211261490932454596787094129390212778469015178709054959451
0.007025887635583867733142438354770828843895811450299271569705908673921293627816631706745646811654435926527543158491175683
0.00182060789269585486747486833559332827196364317657093343942949986617963452816526602188698969395755509065549431420345929
0.00038334430385712317659583517836535796273138031004019748942047634084718115453833784672957466178359600059435328369608088
0.00006535087080694398307920225180712343291470742475772893668169254065465893080522188343629420855557326170690628352341062
8.971362053410768344272561591255422761158952808389823799286627509220932773515356033613076787613127109008346363172559e-6
9.84701225624928886998202329639969186773976068410968055317972574344578958177775252427558859231484146409558273572204e-7
8.56407585267304244620242496834130339030345018021166456402302332454721877821665394728761305959860606589716035543071e-8
5.8368387631383442906576443861828102909596980501297450882332668046688559133463659863871755582613527188335718199825e-9
3.0756388778423022836060598055423737405031020420920900877661552772787177340193789593381906786934982467421754897636e-10
1.2325909527244228201547291863054758952446029336790834028741272629940492759317747092557777722346142193248510505204e-11
3.6821736741083120028319604735801679672449297672078865036927531100031021327108650223558717622693721715534142295996e-13
7.998790575968909652490083447686912334033341722199156837409315838799954134060580552740859744799407449927331012552e-15
1.2249225003240834109164374343064203443594675186170784895912117184793117405544878580588259909182184598574728075446e-16
1.2711242950306737362817350074685328792868918305969698967652858491218520920443610652471777499700311533502641155047e-18
8.488593367686543199577104553983478231095863017620037432613108028483298107261064173864475356363538454365518168757e-21
3.4024553794255118472730731126669467946598129904919320553413275640526631775659594906715506021804787105255815817803e-23
7.4201565888674851323578450926848429479955161536758968723604257263713427925415247126214885691846524854459749170014e-26
7.6004132058017376938126058257171349008167317138393869188455762023398986928780072172254078648294970766864533346765e-29
2.873910317940395814310793624461037476629420400831059562831669339612537811689984741699804330340982941491707891578179e-32
2.541822903889318004299496161641191827157943934063090501260730953668472102377724036794081150522624898187368648142089e-36
1.66137587802903396104865795931559281571396657074262119686857295963259638686941507734495058770310812965244488774651495e-41