0.020280793747493972949766456759282900184186515630677588449998643630981616573142414438649748599497764653379442405114543440930216
0.045632809075759550546842850342928589378063231866818833085514606559471763426509617706230223796946284081155364090416487450689
0.067449278096176683171065337229923183025622588672216234491726356368765517134477627186789195524968147582340813361239748187032
0.0842019254494661397839143490318795291117485951453361506303453069618098530522419290720301258608483025132354012144503470191
0.095023885505370604343831081125477953205337271482367437125807099577481152891929914538425892297552258713064110367297768877
0.09973545622721057363927047029571649919761122211247452706284816058338230709863318832665782332140140721274551062847776545
0.098790832022518984494413758578711761717535816777310570078745682573563566926707105646254103380267806609424854959311077
0.09313833976264021110878367974352972344788124067021091265443692426133069686640919118594304781657808719581705788846492
0.0840281941391768026506401223323610769525451031408498346370660837193165411051959245441292024352582078017696117080455
0.072808267129231296355529459395616474935660425210305245048719292186363049618121120016040814539510389961919713433059
0.0607441319055632706971331923736622236597637461250577277353787469801407724592760966989776620453436920858713448587
0.048888316530142463549951925050758681750595597876684273429121177192301248016281417804410448742394210360966154419
0.03800933697120562395187191918174832828916481741974191183976023086844856411124682975789812564957267939243864819
0.0285776370762354271643845914167495925734606381262066057829265865320396827948424369825726894443198403720456902
0.020795909839988291698270518878996251684982414187517443828920939862163593657142751391689315446380890931504027
0.01465665191073217718852897103630877092269038333988845364825598935785535424748941899812502607426914059958922
0.0100098986906200028716443272020277930936095217910893794989234470286613650150733873452746057898066164246868
0.006627528780403687458015137300322742471488952247014839718464680209131946763074900249663486904738696596529
0.00425554443696585789800042193446902007377860023475166267624523407279461446116538850106014023140296282416
0.0026507408265855359516515448963783020290848360793227919189284430109797401070673669541182042756082212968
0.001602111965210949598420473153036223909218451205872567559002771596627107467640214142745105637310440959
0.00093976338524020391506561307845717277499441971532454961864649498760426418340867084786204770372456947
0.0005350762891640579841644525741674428303337757680038564788022627440119161296722864082821863764272615
0.0002957625589045131027840938529242295778357576069073632745881726229800585914831257681914748418468764
0.000158726334243876817024708962294860982811249858082179945652227636267186405305307494712495464731687
0.00008271263425751908263841687707130316910175967624004996268845559859298307778545971889150949107273
0.0000418545409861716556593009184266117491161378576050835011534388544846508125416285283410840417679
0.000020567665568501319406806043163085077882179627273013852648240502811881267514977918649658581987
9.815598779475937610585862143720337894091402857167926670733308396516483722162678994661886549e-6
4.54935906487659469693859502569739287134690915222300440855262949845363249018104806529460645e-6
2.047823988457458455795203961344835678346229210610862628021355600536230949480929178449534e-6
8.952555169953118799224760727786913019418744591180371323855203692863697129188745268143502e-7
3.80112663494407784239890882099879125663901104754321469935712450410418205791634426217652e-7
1.5674148300441427777921615124441566902961232089715063889745195857394527310653892588614e-7
6.277024236088154845012421930617660209579867125820099206616661567961888286782850555515e-8
2.44124145311447377121081699256916831323003726832948367062994714692261093629876771611e-8
9.220206766839618269265260199098631429656877692962359923129898113668349930280252857e-9
3.381635206661749749954359780059269841076989563979673224545627954723659597501492175e-9
1.204341386476910044520298361710609146866341873439182268311768448494924541820780305e-9
4.1647347846079417747165547707197341202379329851972196049275776939428636377716577e-10
1.3983495586241735792917451755355341278956392941755419817587617730242832065026026e-10
4.55835692007662364493324448465376700845257906168405361731387791668499737855631e-11
1.44256843407002975173331569336328344333692354708905926420394017745080407149613e-11
4.4316889762042711199426800966134901181295854160378241132623473594167151576938e-12
1.321520948029512959518225442132481848876561467954622254282202733962669295935e-12
3.82486344253412074578888459917997406762928438258836193030203202323691216564e-13
1.0743805299743765027664518468737770941250593989277834699274725226296986283e-13
2.928612498213579035674541011917744382114773205021335233113131700522866432e-14
7.7461632674343820530663622753092371325101952993165581838840507081969908e-15
1.98787838397918089533436986257154284971132687873831766661625332372008567e-15
4.9491088699860696228510274578267789180628063360648307854645912715020578e-16
1.195231335795091823986471686633092887727384811773989707495518325858782e-16
2.79973273306479362182582919079283645700690929454788929634098306611894e-17
6.3602008886350982811634440149600216546826254854066450091082686479536e-18
1.4010798728118026749644310522335222935445893824440127259578426155545e-18
2.992533601972645667149181510676591049852370515472416120855176091117e-19
6.196460037471017512543863644476396233321601756237627547672872355e-20
1.2437103480256860892352393463680116939685526674211439289225134336e-20
2.4193929395243229557487461355419625782525949945153856910343045397e-21
4.560829058363078816837952100805978091883320529110052661885446011e-22
8.33044327501609677476818112262880665008777504070646499593811868e-23
1.4740563484945559673976972760620752085253826302749178509021626e-23
2.5264717056258516237890169919940717913355027185005647520335118e-24
4.193724117259657373457520029871067821354935185059445749726044e-25
6.74060622901509820422046045889022526078959856002112668451647e-26
1.04891006406777663976207977005559945424673106777323320101294e-26
1.579945524229926284727070080749307970768136394580704867395e-27
2.303205702313332708006964387180730629280250477000613682447e-28
3.248852967990804715916719073483088903510133989539271957543e-29
4.43355186679591107731626876691737576309902268883468399979e-30
5.8521211295773713551992200855315606175223584685349681985e-31
7.470120300301143339403133622047404398839127631659613745e-32
9.219454691677283406514924657691582599623200614367608133e-33
1.099902814909513258917694015068437821400783368982619278e-33
1.26817848878045510337151074147380585425254089940554022e-34
1.41281853692343395230240282950778301980124854364780389e-35
1.5204515738084133844126495860056878108846403548801666e-36
1.5802890767137200962923200985469827018309157126901519e-37
1.585889559121999035265971155729478236111942776250951e-38
1.5362914945827163548430819992279352927246593863627e-39
1.43624144795561644137543401215485885979656332398259e-40
1.29544874199262309550293732732527539967870647121992e-41
1.1270277858103901485182617423114845330997874229593e-42
9.454750103918166262754147230465671029757704281544e-44
7.646146716134131753735082657276235606025978362972e-45
5.95915949116033826120303904899667439718804738687e-46
4.4745187398166169332033867728114615028922880572e-47
3.23587752954648396214141863519748638985191156097e-48
2.2531181246167016686791187845255332924287967983e-49
1.5100099752300554544944817027944032725847460975e-50
9.737185785217512628985458881509461272949351118e-52
6.039410455961493588618335178873553437703789407e-53
3.60170766968452357041705023815800828679180585e-54
2.06450592563923803659610800576054975641851374e-55
1.13698282881790789832264943906313153866810711e-56
6.0138606240584916195049233880902341547624909e-58
3.0538038906146469532767045907719943933920073e-59
1.4881229081188161477782537110506702240710434e-60
6.956048038589229026317930621617682596768042e-62
3.117620099991903400850714562315343565512621e-63
1.339139092115622506720404709073225008203868e-64
5.51022267031718335602550435277862961925765e-66
2.17093338590862448007188687608257795317666e-67
8.185481631145491551101607767871849145181e-69
2.95217568678512774138343589990982385300268e-70
1.01791908052154897966392027974306922825534e-71
3.3536909296799833911209025537439741004091e-73
1.0551874570168952762781278697422878936473e-74
3.1687151845288850627701872996275816237318e-76
9.076653666482958543054320983630202697073e-78
2.47851003440832535816819723810607662779e-79
6.447663423541753555525446583333220576528e-81
1.596892961006835420935251013094104989067e-82
3.762843924759402389288295328905964046538e-84
8.4298226301678258212436317970118080546e-86
1.794182397251915251112574357716452071145e-87
3.6252122306532885613000700631902992661e-89
6.94832067902343635819107305475307679603e-91
1.262275746452763971337837053126066653209e-92
2.17166010089888221916327004155777251195e-94
3.53520126325774378363952926225973249456e-96
5.44036457635343344307995486188339736708e-98
7.90724112513931786227159660760121320791e-100
1.08437735062628025448640648770717806533e-101
1.40169211481495078087310098148513048966e-103
1.70601066386822510309611601846376995862e-105
1.95293964757434642569731355385184894683e-107
2.10026771045831737800480640298682843992e-109
2.11942732590035126699663655421690138053e-111
2.00436546140043067983499007130241824328e-113
1.77411597732047351088430491346432615445e-115
1.46770985575752236766084892127730308376e-117
1.133262198926982358949352159958085461845e-119
8.15458968652794154248653604240647976932e-122
5.45975951811352585751672016577604821014e-124
3.395699289490881710427434666934911102338e-126
1.958474463280246883140388504576971184376e-128
1.045561722424016271554033616125728140167e-130
5.156952618987956215082753533279224859763e-133
2.345159044094684254265420837839940168869e-135
9.812123444094462612544915661342000045554e-138
3.7686784217394050816380942681267790202034e-140
1.3256169853932725705021266043653264899764e-142
4.2594781188785281706994518209117889871715e-145
1.24693593209331715648119605910565158118683e-147
3.31626364400538720631240497062610432144302e-150
7.98840176240524473622715826501890146347699e-153
1.737316826192572550218479019603143622580431e-155
3.399491087831307451369592952161243583957196e-158
5.963038623575023040002348236693873238354693e-161
9.339594707889880673734477263840581168142806e-164
1.3006349606859525032638133303614206738303149e-166
1.60312872196833975372253425072716677740968704e-169
1.74031388765394761531641109226700481514118089e-172
1.655072044235721550340245347008014721657876739e-175
1.370950292895296885615948703147890078876904466e-178
9.828864528869587658647974682728923554676092688e-182
6.0571627054536976531165940357651758460518247166e-185
3.1844724941947441757552608823046416703731796487e-188
1.416429233239653688735726303074807342329480305081e-191
5.281366297219302059266234215637567671653133122729e-195
1.6340066496743930721968845134132564919416207758593e-198
4.1472706736462942626628789139636047090381755517337e-202
8.52526994022249804074795945500000959841285396330434e-206
1.398957672706028782755496857388658078774789517669438e-209
1.8025984557115782180506102135178976711194755856599714e-213
1.78973795610993837673772820520977928148890590458806271e-217
1.339638509022845702154465182262067653485463699885981006e-221
7.368966949551813415929899206175296998376299158933531525e-226
2.8902926106256268884953414969312968437373506458258200379e-230
7.79643377445016483440820330622349170535596490253825887985e-235
1.3841083263837015320121063087784801160302136724095841615869e-239
1.53140363319257137188083096435878806672417083892729533663547e-244
9.85464660089343026907698066342677275411959928916096170703448e-250
3.370553100923624270786952478208646942401695095400438536123599e-255
5.425557279384134957892298528383833895994013478610296604412147231e-261
3.4607787862990046230862782752393656574810205316721602660741212044e-267
6.75105653673277372892642755998388482549895947677483091570189523206e-274
2.62509593584936246852828149448502349885017038729003789473374224715072e-281
8.951439863041724446387569340477774242384885649703752966587385007120357e-290
3.2357550891313367594779040130986013792950857239072166193447080528822243958e-300