0.185588603146918805623337752284425146676794411163751166782540145151972637346202109948126398799548987776926336077488620569148322
0.31018176637022529364959759571268110587215434668711014481017345480580452639767363915952733987070254113736825216156535970836652
0.267866567148536354820854394783308173415932770774528709792469706452765782169180781511499282300255219875864046994732582769534
0.152979747468074906553843082053271172675102541772459940228427449615744424007019847568892125670426017831932390893509913080595
0.06143491786096165270767801034870798957229489509303831252917026594317925104635997288727173388025918901736497253581741781401
0.01768721308077293127726002337605809493901504753346405160852019410173839393205081047446628098987318483667475199645926645395
0.00366017976775991779802657207889509111652065542964587235874050386294195543555545034196437476883331306585749686771700682425
0.00054062278700773532312841631925723681871793509234550406318417605355673717827109377028153183212160155121765108083382823695
0.00005616965051214231138179290492940951264748984651744093665421377817668589631611792273842808375944261943283978627994857876
4.015307883701157558588836252788456530996409174424340278989734876597971361795775281966694287896697682855108190375994311e-6
1.91466985667567497969210011320756168820328677536668683709018674160582105501878614052873233983183666889160924419219555e-7
5.8360952686315941291808628971674207079535418284027989938523690949816159577622517977005451445452192086880684692338536e-9
1.071711266955390127728513175621358957716235333647598108286289367429723169748588349315875314064811869375289281455700198e-10
1.089098713888833855620112982910105540712106298553691615909629034273797132519661606011968556863970399792609990568056795e-12
5.386664748378308876080943231642941249669393605587247480976189922857032604806171535126227944136855428260892216031572044e-15
1.0498659780357034087785993484610861191176602301737001042632704978259969011207255818919121859045753498890562254145616362e-17
5.4053984516310536435655446735825871271441185186027922393708648586041262607535068115173274013576624102312416270564551647e-21
2.69165326920102862708377715980117692687680576376217042106740528246359009525938863828008551831187576494540812350178053828e-25