0.021832083593867723970633924341263650056651066690920410463391985924487710374109080189950906947419494118324897866333210672071253
0.0489948157826062296673554446227521895111074287934686507900434387973165427649492922067410670425052913895904488751318253225058
0.07207818296305095536062090794073789690272097762058830633679606797946239547138986216637697961149269895122207139949697862865
0.0893700717066068764365568217050447479411816766005712298867668127808969188837285314697773273673799826191737484027739371648
0.099962156421603534785671662593532159065013654181587707446976053107496425034030610135558594674602690792213713858953840871
0.10377037708707856325278051141274361122917447616100493662676536825359490115765418648559531783964520739106580457863707344
0.101449174106232425627774154057714042396421510506236416049965965522428777466808684208235216718184649167097225751135719
0.09420069521116309711925922368620099275073487974326142233785022952018913054412112519366197613906884102768192267193159
0.0835273046652407768202417455337928731463862862349817341013986589865902986429688542527504123730904256483184454201104
0.070981340816111914081173935908591288267594822464976575029443519378836586653230136180450577546685784821868731962908
0.05795729216630846832198134091371376600297531006581003616393527220233148408665016332140746041854705391711194353048
0.045554049565248369663392878631264406189242328106318920348203642215002142776772570274433334643836484113997859909
0.03451482955755084322938105920600864361196479413459649262542630937064754848641422103041844930381074108143323445
0.0252352678868568410632556588213065627888641657807012047003171428160165238647554359861670039624536052311704367
0.017819492916824605185076035725094211949473781884982473498270586598856610148205201152334950527416694935980131
0.01216058399139425581565323473354890669264064432556603744356807347734214795187948666625872863493724664158487
0.0080244366938277888740676690609220876982229513668596948230224663080503914059560298373475308450284616345732
0.005122252515319256893900991174335766468206846754621521653557098182539406679630633763365447330760884872091
0.00316405709592625859017411279594022514209122543879854232949402197401680965427827968020131226672579195924
0.0018918530971409245151843504931077649341540830627939461120858831999812403574181611742235093662915359599
0.0010951930255932043284779127319482815124979412156070910726612721632735460919247995657410687578522695857
0.000613954229255170193117048675175333519604166566340339330745610287945469818595694456936578693269177871
0.00033334190065113628258234417972239482507973978271871113461059340862226407839595646327633751413677322
0.0001753097074136012769950387498816439614729569456351714262432645321498653453159847801718498755009503
0.000089315470557515553924770409062469665858551130168972534153067609682697980923654057703228246918015
0.000044084417698758983987542428263245771696510017641400592037854410551983369710689187197446114481469
0.00002108171736588466154340846174840955984537640088072852436736909360946299882110947013713654229041
9.7680268824639024112859193765217170546865542117832047383034773339174508854448576623756814854e-6
4.385294770142249013964313307354985631586428796443696042879599882952354296761095237657043523e-6
1.90759945700179643415601615900069013335721468493075721080767388858374590715297874846679066e-6
8.0402998247350154095249561678737912316422132927999459208311746506568320661324714117235638e-7
3.2835940266591048390600715877546064942429047067104269853596518573334293587880205878229055e-7
1.299301777180033296715490936042708520402267525767250029188593043910756423236597078652747e-7
4.9812828787394420843419782788790726073984884165821702787903429407351718658944056941988e-8
1.8502334198335630712771093192167970056469254082738806522685924672266328240812665800389e-8
6.65803498708486081530947043580132436478048713756728590849531618975947501699040432626e-9
2.32100833872621774947847775633364545067682082513898240100713787226362561717461231202e-9
7.837763596630314310115389136697266769672407225024313145827963928613571372318347306e-10
2.563676751979851549313424729358385867571478650351549808878741538476259943399638915e-10
8.12190693034635253163831582527132370762630021612511081355498374076866462013822863e-11
2.4919634200369000422620921903020003193760456856893172954575910749894568149998841e-11
7.404178240502019479565370216205258112233383194721838290461611019692998338984201e-12
2.130216211243521260715610306697125587502489018902719665594036839548156430042818e-12
5.9338926672918478755760978135566901419147943432905941543940071215602189611687e-13
1.6002210095495365229467976620328820074625778527482427632072300189547224320726e-13
4.177314789441965691231408512248842398541331148741953907375442314621394678108e-14
1.05545973014822385511910696845791579654930900024770546453175857319901104817e-14
2.5808410430814488084296885070838376765470392671960100602524226195235017198e-15
6.106628472597507258956501971757564076085068334621036259488748161621288059e-16
1.397994813594128045160582100276135193903071976036977869635272443642336791e-16
3.09609478865153308774417663563290958175537657619178770705077568026886481e-17
6.6323280848242486130212621773423336543810429354179300011891159616589701e-18
1.3740321050181540748325767393840216927036478576564445275131166360786938e-18
2.752583812839867767552137804959294097533619771424896632011621417764073e-19
5.33124041365694058557760233274827061493953589032310539127866688203576e-20
9.9813398214267491732104563403269510573397395105210549220928777246132e-21
1.8061283895466181113906595270947196481074468217782473804069896714709e-21
3.158140477380848287835636648086630866597475941665791503639418032122e-22
5.33529726893472194777005260124554198782751463698459092921906465835e-23
8.7066057769391084209416877682562914532712786184231845057643921154e-24
1.3722028669019752232194295552868307302441531997000012379792576369e-24
2.08823984371008574886572390418179476557246907268677092159643544e-25
3.06793216640277516988434023909794379059860745445902444865439499e-26
4.35033170157052028663989111657832866696022308916051512597302739e-27
5.9527181308209566918485847525968070406518030838919679528567521e-28
7.858266815287957775596825459321299435087730596272721648317236e-29
1.000589479408993560764690774163337808129643292952845044485e-29
1.228567330162694704544620970797821293780702909469377962880702e-30
1.45428290069671185499843124300611332853971049136349350168759e-31
1.6591878993419667142671665108434984120814757253885591390908e-32
1.8240029210523549676701711556391886455850464585720784048941e-33
1.931621088149626192626339553226192874506262379972479384324e-34
1.969992130352839936518318002932139333621738731754809361034e-35
1.93432439821114850969402730465631651648547485834750758165e-36
1.82805322357181227411359497411533446541102279743274487732e-37
1.6623088755415734799449569125285874800532560594319971645e-38
1.4539943570320551238352772670531664547918779998532444401e-39
1.222932673332883779415908909638721552372704947326934639e-40
9.88752897043338330061148824654403487556696120610177281e-42
7.6819354621714874669854772557579329035312943840704489e-43
5.7332257133017005042834083644031944520377418449668841e-44
4.108811116565903809138795942239261096818572085664039e-45
2.8265753870172236162794124093693373319904063487565829e-46
1.8658031654770394196472901481299312149276348764073e-47
1.181300664079909142175461626385117547541673668015821e-48
7.17080123300188501881542789208226791673525561673255e-50
4.17162551294413712845352801317517489070990247775396e-51
2.32479921704470967367439444725902990685438326549867e-52
1.24055012975007103708424480320855176370799756010349e-53
6.3356624616359455174955523819505222859162420856027e-55
3.0953684383713304072947898207120618613355547525541e-56
1.44598046129118465250508143070005887627432198851e-57
6.455390661048868664078980513843632665868003799754e-59
2.752743701211396887455278904432137146272949988565e-60
1.120618579522739178680002621439368591501643756055e-61
4.35267781691662313982155800090362664486248475965e-63
1.61217298111461267123140080702263643414285292982e-64
5.6906836267515275704628979432533095404875480011e-66
1.91314263259242427609466071386586534859702566942e-67
6.1218617862455174970575744990127675718666732662e-69
1.8633156135801813836570301882610741453257451329e-70
5.39087651058255353228423819721317858480133434e-72
1.4814776259774921194746880286512932273001411471e-73
3.864338057076879583324522474774427207676880423e-75
9.560250654974492580749022959940860431016149682e-77
2.241481509684365543615033499007622302407900979e-78
4.976424318706778673660532120795667817613265427e-80
1.045314718459237534045529407047612410151766882e-81
2.075586768758986535435459804182727748635468105e-83
3.89224844147970874611353485366405072341708929e-85
6.88671007403736740357862997845055705470713974e-87
1.148533286735403380292801535224832567615030268e-88
1.8036285769638954864687472337807279422836859e-90
2.66412604307612268840545056959585489393122673e-92
3.69725213757172965253102355966647245427322995e-94
4.81516759228668437631603719490351529585454555e-96
5.87788085535589561635761343281058703849858281e-98
6.71664458149347561629074903756470207235312142e-100
7.17506805350951415167018990849786228621726241e-102
7.15541137141667465678218688263137403630071496e-104
6.65184585245511801926011281640045369085576638e-106
5.75548643577716187903983716829191143497026436e-108
4.6275868266695194301795896826627473336341588e-110
3.45163561279515612776676701618038980307837009e-112
2.384077914480435397282647752775092286605217319e-114
1.522045898709228018606418213342637385983418607e-116
8.96375046786213974515240521140770017714242585e-119
4.859618600746077669513791452078565991370150059e-121
2.419968799597758950522125381907491046855533982e-123
1.1043381024189352762278690136980111701969574806e-125
4.60689978929041441187540043949913700388465522e-128
1.7522439111727789476693010889448861294881939437e-130
6.0597297498955219382418666847044438036680505395e-133
1.89977128048534776669448942495746559673699733111e-135
5.3823327569393840807735491147204427715077055142e-138
1.37340880048746694198857068466625344580395399033e-140
3.14503745696095308507765070665973716395388640295e-143
6.43831716046991220071060107866499583593255415756e-146
1.17337922261961607384899042276356893453521480697e-148
1.8953268373887583621383375213240179810366333570338e-151
2.7003192244430571174343270172056049711843060010922e-154
3.3757010331700381943938736946809157993858317222105e-157
3.68187455505510280495005394909811333750646112253465e-160
3.48216366510137828752730658595957294204500961881088e-163
2.836449815979841082230206188357475899538790758618057e-166
1.975305395966672796373997818773917767142613613468747e-169
1.1665138390525087445626414509373727281811635324879178e-172
5.7893762894415682200026048529792292149737187331754715e-176
2.39065263081127321935523964862757830943304751365486615e-179
8.12259343922708636212238566602291816141627629788169681e-183
2.2424453872068998598938204297062509551279822688747478933e-186
4.9595996345413942148017165191231136702434785850578617224e-190
8.6471038920489988880932845379381517353931150766754642873e-194
1.166728816417760144980807517934529643296629893488511769535e-197
1.192511869790909267335965758543738330165265063616447035483e-201
9.0054370593572195720628091244635247979025076525243487065993e-206
4.87842837653011534741817691885665414441978632676778760377592e-210
1.8299458176504107324688517507409778112348725114531009320011295e-214
4.553085417615319600373792180744399462162039010763388892906944e-219
7.12424249245575756312261290301496017326841462709387631713359319e-224
6.5524000157476756220427045148112102675531688403657975045748215856e-229
3.24382394072119805785477324224621513645995810848709678486940207429e-234
7.675283369549065513217904572542078234271240551352681321001653661526e-240
7.33740815815304245591674833068411012417900682001370626279559238242421e-246
2.2004574191662511785387135084652294482212353818958397793422114655806471e-252
1.363033975208741942859953732577060857355205999698533764992544845609930163e-259
7.82481819729825858658140297213551545580280195349861610940327004285556078558e-268
5.29947502187803603630469827369719334621213116513184904118146032955580660291809e-278