0.99988142289807691842802390121982350756292229264478515276940541894429157963481941456443221145686453576780653975710117475231418646
0.99952571971336587466584647483300964584192105051578191540091694822459364942886905867315675551587105205425323864836351591562539151
0.99893297480237244440576152705469907708673647789562806672773601527668261747029161470216829692640993840862854764657459699876693951
0.99810332873704407815955807227985384753930476975299035886908812284797023234054086594135188846826140519191850302595423956805431142
0.99703697827143287297778952681123623691504772545931392106246678272896484723730556201631209122479960478174632637018564208691562861
0.99573417629503452187119117890548178390272461761629919837190301630870715941785340803754842473701298417045786431090107560565785009
0.99419523177281450679854652442728512076175923995981930720363432798018049739638179216541539884067385248650732017277295472376214071
0.99242050967193575826145605410729218746510531098369760126823495923542152884499292794101611815040624353009164570155318751276893066
0.99041043087520515834956124006290942948453605488280431085883352649977985094308173661412974548668734385905806670260068410241429227
0.98816547208125941376188413279365346419920903977968988737672744322928306695975956305018671064289334276783114597906024119728963376
0.98568616569151397014409879269241854973139673922291945893755031273022539578478071771324600495215755206744544366487353402952758017
0.98297309968390177828194884485519871609872287506563287599738045920390785255224421742968448612935422732119306057451119765004221647
0.98002691747343185553319119150776451150894828801928985307032903424130523716605846618809878651715880869379069859772396008135504962
0.97684831775960071162141265310548891780291073159333853438627909159446165438545989510743941964099124570991189533494642826554522799
0.97343805436069282581355142670615575609630111015855576082573102870656657236070371282692450189534262905424429341197721422826613441
0.96979693603500947181953601565395762892118102356626299921507144470691434763053499683396330450139559573206943573100859991713349535
0.96592582628906828674974319972889736763390483900840455040234307631042321397985551634756174185807045188840211186438162153744592538
0.96182564317281907040879629073151855003146055966337820709695273190370362429978915010961152964712397746993708720225672213665569577
0.95749735906192438035978242565792039861531219777475933099570409404428628102088275614198059666515395732170997715219991785542291765
0.95294200042715655583102830341525518499962619739270787282076932120436712622401328749038206426867678508328566150340212708986839572
0.94816064759096585893063430947082341493406168521213558071866035366840358487172715414565596422137299560416573575015992737497688297
0.94315443447127746405742808720938737230770321292900585273413044356236412486903140528273200174032875523878685350414226404913603673
0.93792454831257805512933679140994782050145783377148757728317163128644645514796475949438396317695597564909726916098172661552126296
0.9324722294043558045731158918215633862625877779451169282483500118605360465696444981280747128504298509751993177719550636034522256
0.92679877078696050721805212667120375698127158157142175360222950588178680502135857829193317826280522651113813706355044557898294396
0.92090551794495362559940646200684497313381292623023085439138385178093501091890218796885999881434818084402969994145205555859709677
0.91479386848802096999746258085738668038041020821274434636731798308997085284306519492150215360874720569804953485362304778615715398
0.90846527181952368611150364758591970653730907417481751237553246732422521741184227642770260192967207316442138124067093893300836363
0.90192122879276615489535112259128288394335946568481107231954980148498607169324992311341917839882272902706215090786487836904400495
0.89516329135506232206701649975378545699055486309992292536798663373056414090864316911909584884544826566037681492384189296040321761
0.88819306217968486845871314774015412787493249209523821528381932243223731433513460314230532154585242961541298640467018744241100391
0.88101219428578450600870881792559035204359503311132975935193531402589934090354796775499140770746797912425872053249536838179853461
0.87362239064636953713177516034038717535242980235958951991844318977108588719954512998740277374690010627202516972831439505838470292
0.86602540378443864676372317075293618347140262690519031402790348972596650845440001854057309337862428783781307070770335151498497255
0.85822303535736270588618681989108913620973983764408176439248548534134779317374686675727635987362120640455911481287695832026583727
0.85021713572961415213414392294935205847066032875791284737007365641770806560342503459058933111543574215229344493330261953295552278
0.84200960353394527650974312976492148515126673181935190495603927224532548938208104046194423787478517514249662317677423792192265553
0.83360238522111948461648182729417649125949278403828924731938460687425466378048876262040960955210515726336035859968103245064012973
0.82499747459830231553799377894442196181604402928594010070041279961849675799440758281632167198499373089903497236616602669173864003
0.81619691235622169087185254043141322617429179041899417918398993740308764339059532079610445542814303900567963769655052538486112508
0.80720278558520952985307785856377881898761719822687607571605364932084577636654615509134666984166595861533649182072026808829456864
0.79801722728023950333280511279626136936132873657505898288503784954028345414463443353439962369994284518770361419044449285769520978
0.78864241583507830898950689693159565441752506913232062542538946334197386662114740161179276503151983255446039764559015226368295776
0.77908057452567043192436062060749039167871603218040278330995899208463109469139660989119738539632448389184875638333645689988324483
0.76933397098287890811655793113487934445804121260007252087093694246815069305372521774443067015469116037337760405403247780428822367
0.7594049166547071324830192475886597898185646890845064468834795858134491966159812322521308066192557066458188771641125148793252668
0.74929576625812924790146883465981966399112318814371184271549751897847396500692647979159757572406581351805651713954138008604276694
0.73900891722065911592453430987264810575991761970809772315714631069597281854575816206697753948006641635838800949323925590226810753
0.72854680911179030345102387531295362677181796009002986093916869776780815153363095189256437365641242434773885397756832858396603258
0.7179119230644419217516810110208110922839740428142078645685525898900210339159012160425866528457010407551003803177369642604806056
0.70710678118654752440084436210484903928483593768847403658833986899536623923105351942519376716382078636750692311545614851246241803
0.696133945962926608280458080217144197296328354139757535337642329295558602922223753665170443213414074108452531033618430601896136
0.68499601964758056634440971390758483085396383633612796219819496336981639535153505321379663329538467190473349385927280712202835822
0.67369564364655721171269191242569461586241465787960870630160451275749676262483116637935708371334930771980669341812787328713715398
0.66223549789153022936784161504863572601452557103579942339824190346662867876978125587194653720637025709255975050160256005814541509
0.65061830020424211372006253388209688104772564397984404217803386962966700776255245302094672138288337679738632130306785858178601095
0.63884680565196131707017147971317125010215154835621669640059571374646099224251421336837392103414386571570327436931156991234954058
0.62692380589410646501716953660995330047470765571363734591111288741713783183575265983854874736244885477830125799927353604376134037
0.61485212852019258962444546491384961391126259360497881360357170081324446244335875563020672650788260490273040696694053255780898452
0.6026346363792563891785881549868406216189645817484142903524934942962575263723982839780418366974824907398635863031633528492531596
0.59027422690091954415944937820445576324235797562707176002246188056915374856264602511273524058614193210178635858637259933269960353
0.57777383140825110211021990898999359478375524767625210175943751021757244167203533057130726310825751272431498323016627433700888893
0.5651364144225918889815679062534626407621277307976660240556031733485155910332981637127335715649614262675108206719381773149527627
0.5523649729605058107631005229003669921116269961635628658687502499963874822408117026008937720700327248472805773269016332744336249
0.53946253582302477635647541542957151922197943408339952589049677455914394192371804876890790943830743594422695791097504638792395438
0.52643216287735580024460779914069956617095193447706989415287415277472876759338150476843869067349442730525309072790487839429036744
0.51327694433122063113716788695552739556231412079258237723994716383855673963460306802511006065623200439107128088814291485304408385
0.5
0.48660447856685628729085601426429611200060817185220277552945825510573484000021634653932215080063253137673525886895825989927010262
0.47309355683601007442123867569231007967096911603871202124804279544986488183548755390471806484237662474900014792045863752133502406
0.45947043897934766804928611162512755786475704381222854083723924071753867554657356593326038748810250246440158973559955061084298513
0.44573835577653826739645754937948685542767777358942749300033787285158275009972916334045811639822868034463792569905260629362068651
0.4319005638488409839962216205577735961529199946616478970068636093804492562040073983035785196598381785142355056982474647719628659
0.4179603448867834197609712699154881891189693699400470966124655060911347177458180774662411616287554714461428810807348012686489612
0.4039210048718949626390971462228293575194012643327475471811724474110267488337357670526801582545319203847209615864003553910625372
0.3897858732926793690828678991204515658461407292352833109157414649391640024725946439629742814529237527902280593983898346635157711
0.3755583023550125687251157751490598155732734612778254972552618256865353884997229809839230189788047389563276597356601515446053077
0.3612416661871529487447145961837001637245013840660525414656145558121452351240069032116379632804444879895298879797867051535282934
0.3468393600395526530739273129792472996292451908667027625369545989837644035422665043448720839180136863517421692955619641171780396
0.3323547994796596645618863109731018350509972310857888338193465895742408447896917644087377647464708505238067392714433390682562055
0.3177914195819016261653495764591287854944227169834904296720871307746765583962772103161522493107885516012309480961214000232096345
0.303152674113043499908720740679794301940496073713729828084674578836964891760628728728082335927641937990105201916818554978408074
0.2884420347131122594691417127985709252423372738224277986275360653367501770091686596131278685999579571495107995527044071062377762
0.2736629900720828635390779354368134316248526694265054638774291154113557447083112431687928612879815216236169046973901693152373593
0.2588190451025207623488988376240483283490689013199305138140032073150569747488019969223679746942496655208951887489254730249835074
0.2439137201083771486571152797107074577474865168491703425284001420136825903838879340670248768014229367148367068845197578761750902
0.2289505499501340769087585503449667718434942376847294700565353962764781294872518042494162230087415329739711231746315892714568851
0.2139330832064974399064939935426070792397085776846101496636230105083943076782551254234045247886103687248976520101628711876002882
0.198864881332836611029165474811003750942938497068423738003162834689929619864800674354058388497307182086109218610618547288934116
0.1837495178165703315744088396207275824891385238444994058506508577489149282530501730306011951210730485929679763400297491698107699
0.1685905773296991470127788602750684760434166211714150564122346888182957620942395417499532930222648152757196651069492488112330393
0.1533916548786853726487552712140729945838717457647141449383910197759049518782478882368773274541053670833505613886186067035689808
0.1381563549518821982285452297396081025637465124391011281768400425398129384002111766801404132312853939566777394179602933152999862
0.122888290664714122266601349210583603772484189655171871506346002240651556774267754434460375114405335656326085751007562700901887
0.1075910829028114401443847222936078613927930099858682706512643337691250764765190398301554837670812470827130430329027796978625853
0.0922683594633019952396511071545064803630172837558233331915425299211375740212469556315981465015290341587417435441204135481472385
0.0769237541944638393573573436468609221273154363988709716191370018664893136988423402970975064138289981280271785416988516773053649
0.0615609061339428374505346724596089657310620790616336780486020268563094771281544064986862392933431083970164563241608605097630879
0.0461834586457395919489700179752326427236657602758863103277800501869118249530535626803610836710672544729163632278959495204883484
0.0307950585561703538745648949762382935729347043534169119818616576081912753001229331644020765920322369719652755991927488488430118
0.0153993552890068312455883404492980391426899647155077555259577044297380940257982632301264138732788998674660549154374367381188657
0.e-127
-0.0153993552890068312455883404492980391426899647155077555259577044297380940257982632301264138732788998674660549154374367381188657
-0.0307950585561703538745648949762382935729347043534169119818616576081912753001229331644020765920322369719652755991927488488430118
-0.0461834586457395919489700179752326427236657602758863103277800501869118249530535626803610836710672544729163632278959495204883484
-0.0615609061339428374505346724596089657310620790616336780486020268563094771281544064986862392933431083970164563241608605097630879
-0.0769237541944638393573573436468609221273154363988709716191370018664893136988423402970975064138289981280271785416988516773053649
-0.0922683594633019952396511071545064803630172837558233331915425299211375740212469556315981465015290341587417435441204135481472385
-0.1075910829028114401443847222936078613927930099858682706512643337691250764765190398301554837670812470827130430329027796978625853
-0.122888290664714122266601349210583603772484189655171871506346002240651556774267754434460375114405335656326085751007562700901887
-0.1381563549518821982285452297396081025637465124391011281768400425398129384002111766801404132312853939566777394179602933152999862
-0.1533916548786853726487552712140729945838717457647141449383910197759049518782478882368773274541053670833505613886186067035689808
-0.1685905773296991470127788602750684760434166211714150564122346888182957620942395417499532930222648152757196651069492488112330393
-0.1837495178165703315744088396207275824891385238444994058506508577489149282530501730306011951210730485929679763400297491698107699
-0.198864881332836611029165474811003750942938497068423738003162834689929619864800674354058388497307182086109218610618547288934116
-0.2139330832064974399064939935426070792397085776846101496636230105083943076782551254234045247886103687248976520101628711876002882
-0.2289505499501340769087585503449667718434942376847294700565353962764781294872518042494162230087415329739711231746315892714568851
-0.2439137201083771486571152797107074577474865168491703425284001420136825903838879340670248768014229367148367068845197578761750902
-0.2588190451025207623488988376240483283490689013199305138140032073150569747488019969223679746942496655208951887489254730249835074
-0.2736629900720828635390779354368134316248526694265054638774291154113557447083112431687928612879815216236169046973901693152373593
-0.2884420347131122594691417127985709252423372738224277986275360653367501770091686596131278685999579571495107995527044071062377762
-0.303152674113043499908720740679794301940496073713729828084674578836964891760628728728082335927641937990105201916818554978408074
-0.3177914195819016261653495764591287854944227169834904296720871307746765583962772103161522493107885516012309480961214000232096345
-0.3323547994796596645618863109731018350509972310857888338193465895742408447896917644087377647464708505238067392714433390682562055
-0.3468393600395526530739273129792472996292451908667027625369545989837644035422665043448720839180136863517421692955619641171780396
-0.3612416661871529487447145961837001637245013840660525414656145558121452351240069032116379632804444879895298879797867051535282934
-0.3755583023550125687251157751490598155732734612778254972552618256865353884997229809839230189788047389563276597356601515446053077
-0.3897858732926793690828678991204515658461407292352833109157414649391640024725946439629742814529237527902280593983898346635157711
-0.4039210048718949626390971462228293575194012643327475471811724474110267488337357670526801582545319203847209615864003553910625372
-0.4179603448867834197609712699154881891189693699400470966124655060911347177458180774662411616287554714461428810807348012686489612
-0.4319005638488409839962216205577735961529199946616478970068636093804492562040073983035785196598381785142355056982474647719628659
-0.4457383557765382673964575493794868554276777735894274930003378728515827500997291633404581163982286803446379256990526062936206865
-0.4594704389793476680492861116251275578647570438122285408372392407175386755465735659332603874881025024644015897355995506108429851
-0.4730935568360100744212386756923100796709691160387120212480427954498648818354875539047180648423766247490001479204586375213350241
-0.4866044785668562872908560142642961120006081718522027755294582551057348400002163465393221508006325313767352588689582598992701026
-0.5
-0.5132769443312206311371678869555273955623141207925823772399471638385567396346030680251100606562320043910712808881429148530440838
-0.5264321628773558002446077991406995661709519344770698941528741527747287675933815047684386906734944273052530907279048783942903674
-0.5394625358230247763564754154295715192219794340833995258904967745591439419237180487689079094383074359442269579109750463879239544
-0.5523649729605058107631005229003669921116269961635628658687502499963874822408117026008937720700327248472805773269016332744336249
-0.5651364144225918889815679062534626407621277307976660240556031733485155910332981637127335715649614262675108206719381773149527627
-0.5777738314082511021102199089899935947837552476762521017594375102175724416720353305713072631082575127243149832301662743370088889
-0.5902742269009195441594493782044557632423579756270717600224618805691537485626460251127352405861419321017863585863725993326996035
-0.6026346363792563891785881549868406216189645817484142903524934942962575263723982839780418366974824907398635863031633528492531596
-0.6148521285201925896244454649138496139112625936049788136035717008132444624433587556302067265078826049027304069669405325578089845
-0.6269238058941064650171695366099533004747076557136373459111128874171378318357526598385487473624488547783012579992735360437613404
-0.6388468056519613170701714797131712501021515483562166964005957137464609922425142133683739210341438657157032743693115699123495406
-0.650618300204242113720062533882096881047725643979844042178033869629667007762552453020946721382883376797386321303067858581786011
-0.6622354978915302293678416150486357260145255710357994233982419034666286787697812558719465372063702570925597505016025600581454151
-0.673695643646557211712691912425694615862414657879608706301604512757496762624831166379357083713349307719806693418127873287137154
-0.6849960196475805663444097139075848308539638363361279621981949633698163953515350532137966332953846719047334938592728071220283582
-0.696133945962926608280458080217144197296328354139757535337642329295558602922223753665170443213414074108452531033618430601896136
-0.707106781186547524400844362104849039284835937688474036588339868995366239231053519425193767163820786367506923115456148512462418
-0.7179119230644419217516810110208110922839740428142078645685525898900210339159012160425866528457010407551003803177369642604806056
-0.7285468091117903034510238753129536267718179600900298609391686977678081515336309518925643736564124243477388539775683285839660326
-0.7390089172206591159245343098726481057599176197080977231571463106959728185457581620669775394800664163583880094932392559022681075
-0.7492957662581292479014688346598196639911231881437118427154975189784739650069264797915975757240658135180565171395413800860427669
-0.7594049166547071324830192475886597898185646890845064468834795858134491966159812322521308066192557066458188771641125148793252668
-0.7693339709828789081165579311348793444580412126000725208709369424681506930537252177444306701546911603733776040540324778042882237
-0.7790805745256704319243606206074903916787160321804027833099589920846310946913966098911973853963244838918487563833364568998832448
-0.7886424158350783089895068969315956544175250691323206254253894633419738666211474016117927650315198325544603976455901522636829578
-0.7980172272802395033328051127962613693613287365750589828850378495402834541446344335343996236999428451877036141904444928576952098
-0.8072027855852095298530778585637788189876171982268760757160536493208457763665461550913466698416659586153364918207202680882945686
-0.8161969123562216908718525404314132261742917904189941791839899374030876433905953207961044554281430390056796376965505253848611251
-0.82499747459830231553799377894442196181604402928594010070041279961849675799440758281632167198499373089903497236616602669173864
-0.8336023852211194846164818272941764912594927840382892473193846068742546637804887626204096095521051572633603585996810324506401297
-0.8420096035339452765097431297649214851512667318193519049560392722453254893820810404619442378747851751424966231767742379219226555
-0.8502171357296141521341439229493520584706603287579128473700736564177080656034250345905893311154357421522934449333026195329555228
-0.8582230353573627058861868198910891362097398376440817643924854853413477931737468667572763598736212064045591148128769583202658373
-0.8660254037844386467637231707529361834714026269051903140279034897259665084544000185405730933786242878378130707077033515149849725
-0.8736223906463695371317751603403871753524298023595895199184431897710858871995451299874027737469001062720251697283143950583847029
-0.8810121942857845060087088179255903520435950331113297593519353140258993409035479677549914077074679791242587205324953683817985346
-0.8881930621796848684587131477401541278749324920952382152838193224322373143351346031423053215458524296154129864046701874424110039
-0.8951632913550623220670164997537854569905548630999229253679866337305641409086431691190958488454482656603768149238418929604032176
-0.901921228792766154895351122591282883943359465684811072319549801484986071693249923113419178398822729027062150907864878369044005
-0.9084652718195236861115036475859197065373090741748175123755324673242252174118422764277026019296720731644213812406709389330083636
-0.914793868488020969997462580857386680380410208212744346367317983089970852843065194921502153608747205698049534853623047786157154
-0.9209055179449536255994064620068449731338129262302308543913838517809350109189021879688599988143481808440296999414520555585970968
-0.926798770786960507218052126671203756981271581571421753602229505881786805021358578291933178262805226511138137063550445578982944
-0.9324722294043558045731158918215633862625877779451169282483500118605360465696444981280747128504298509751993177719550636034522256
-0.93792454831257805512933679140994782050145783377148757728317163128644645514796475949438396317695597564909726916098172661552126296
-0.94315443447127746405742808720938737230770321292900585273413044356236412486903140528273200174032875523878685350414226404913603673
-0.94816064759096585893063430947082341493406168521213558071866035366840358487172715414565596422137299560416573575015992737497688297
-0.95294200042715655583102830341525518499962619739270787282076932120436712622401328749038206426867678508328566150340212708986839572
-0.95749735906192438035978242565792039861531219777475933099570409404428628102088275614198059666515395732170997715219991785542291765
-0.96182564317281907040879629073151855003146055966337820709695273190370362429978915010961152964712397746993708720225672213665569577
-0.96592582628906828674974319972889736763390483900840455040234307631042321397985551634756174185807045188840211186438162153744592538
-0.96979693603500947181953601565395762892118102356626299921507144470691434763053499683396330450139559573206943573100859991713349535
-0.97343805436069282581355142670615575609630111015855576082573102870656657236070371282692450189534262905424429341197721422826613441
-0.97684831775960071162141265310548891780291073159333853438627909159446165438545989510743941964099124570991189533494642826554522799
-0.98002691747343185553319119150776451150894828801928985307032903424130523716605846618809878651715880869379069859772396008135504962
-0.98297309968390177828194884485519871609872287506563287599738045920390785255224421742968448612935422732119306057451119765004221647
-0.98568616569151397014409879269241854973139673922291945893755031273022539578478071771324600495215755206744544366487353402952758017
-0.98816547208125941376188413279365346419920903977968988737672744322928306695975956305018671064289334276783114597906024119728963376
-0.99041043087520515834956124006290942948453605488280431085883352649977985094308173661412974548668734385905806670260068410241429227
-0.99242050967193575826145605410729218746510531098369760126823495923542152884499292794101611815040624353009164570155318751276893066
-0.99419523177281450679854652442728512076175923995981930720363432798018049739638179216541539884067385248650732017277295472376214071
-0.99573417629503452187119117890548178390272461761629919837190301630870715941785340803754842473701298417045786431090107560565785009
-0.99703697827143287297778952681123623691504772545931392106246678272896484723730556201631209122479960478174632637018564208691562861
-0.99810332873704407815955807227985384753930476975299035886908812284797023234054086594135188846826140519191850302595423956805431142
-0.99893297480237244440576152705469907708673647789562806672773601527668261747029161470216829692640993840862854764657459699876693951
-0.99952571971336587466584647483300964584192105051578191540091694822459364942886905867315675551587105205425323864836351591562539151
-0.99988142289807691842802390121982350756292229264478515276940541894429157963481941456443221145686453576780653975710117475231418646