0.9987954562051723927147716047591006944432036147046117943428170736856099059521574038311892442663941710411642753012920518949380253
0.99518472667219688624483695310947992157547486872985706183361296578489016689458653797252908426964839028772449311829819834614178651
0.98917650996478097345167373801624306398368953333690740101915036448498723986223411440032433858770904788893181781767462094436652983
0.98078528040323044912618223613423903697393373089333609500291608854530651354960506391506498585330076325989486627987757846813109608
0.97003125319454399260398420728610025145686596224807410098349745067991123925932768008907988489321252393921657027504611518647485584
0.95694033573220886493579788698026996948284920563003726130120719988416014536816082495719342469627118199226984932961464079278561665
0.94154406518302077841250940259950235718558979582518286754682587896999712036304969788460018905480368471883710456669721997808564725
0.92387953251128675612818318939678828682241662586364248611509773128053500750110235871483993485034459609796302578224788303086917758
0.90398929312344333158620029723053704871013202505060804966467357599586544056631923935724594931881677096863734128589227078592533437
0.88192126434835502971275686366038834950844262067472798063253861671206664704500349707762058190553337338581823371031957042032127365
0.85772861000027206990226998428477013704249079943373401860471854234951908732946444735034674438273729780752419335706610954052056808
0.83146961230254523707878837761790575673856081198724996344612459022763792014464234398177491900798065033600294023844344972886919705
0.80320753148064490980667651296314192387956942717046083497650465434577405334801532729395640028411886369712501535785265525300108857
0.77301045336273696081090660975846980097104129290080960935640289668795060530598730203795481400686983937426148413456561412395990159
0.74095112535495909117561689749516272972895530930909004573641204384668253556395975769671034381406822320658836421269953329375422266
0.70710678118654752440084436210484903928483593768847403658833986899536623923105351942519376716382078636750692311545614851246241803
0.67155895484701840062537685042742180322875063219979449888321307310946491187900141516729049317840416066349994426180369774167125578
0.63439328416364549821517161322549337067568709484172160643382471869668672612354839417176740353653685346972007732002113458373908314
0.5956993044924333434670365288299698895119263384375047868977947345129738936287256664315349110825853769003100949115109402206769594
0.55557023301960222474283081394853287437493719075480404592415352820294924757748006838312488035126393435553794582492820814630064897
0.514102744193221726593693838968815772608049120416217804287936453986037927274220118334576566828901794058965370277521855366101435
0.47139673682599764855638762590525437765746031893248062140161403100883522166516175290756319688791211774535825488895518613683921796
0.4275550934302820943209668568887985343045786293424586393648472046518438249098519379985739495457378037624943453661015350997872509
0.3826834323650897717284599840303988667613445624856270414338006356275460339600896922370137853422835471484242886614935559007560102
0.3368898533922200506892532126191475704777667796712222840515309421523592933598104109594588644731514875566646455342412120020059137
0.2902846772544623676361923758173952746914762783241511114206671131253928982994574468532436606893438468421981569266985974726632162
0.2429801799032638899482741620774711183209907832838321260423208417946981663958870487838239414776082706567113809212419797439857436
0.1950903220161282678482848684770222409276916177519548077545020894947633187859245802253253092340903817309920701055366117589657998
0.1467304744553617516588501296467178197062153165293920668973938768923171676867758277059618817711050948125690558476379337616896668
0.0980171403295606019941955638886418458611366731675005672572649798093873027890875368071110771463185595540742065264441021568752468
0.0490676743274180142549549769426826583147453630257529202101225532691659395639607568222207671118007237540668609774655834613187575
0.e-127
-0.0490676743274180142549549769426826583147453630257529202101225532691659395639607568222207671118007237540668609774655834613187575
-0.0980171403295606019941955638886418458611366731675005672572649798093873027890875368071110771463185595540742065264441021568752468
-0.1467304744553617516588501296467178197062153165293920668973938768923171676867758277059618817711050948125690558476379337616896668
-0.1950903220161282678482848684770222409276916177519548077545020894947633187859245802253253092340903817309920701055366117589657998
-0.2429801799032638899482741620774711183209907832838321260423208417946981663958870487838239414776082706567113809212419797439857436
-0.2902846772544623676361923758173952746914762783241511114206671131253928982994574468532436606893438468421981569266985974726632162
-0.3368898533922200506892532126191475704777667796712222840515309421523592933598104109594588644731514875566646455342412120020059137
-0.3826834323650897717284599840303988667613445624856270414338006356275460339600896922370137853422835471484242886614935559007560102
-0.4275550934302820943209668568887985343045786293424586393648472046518438249098519379985739495457378037624943453661015350997872509
-0.471396736825997648556387625905254377657460318932480621401614031008835221665161752907563196887912117745358254888955186136839218
-0.514102744193221726593693838968815772608049120416217804287936453986037927274220118334576566828901794058965370277521855366101435
-0.555570233019602224742830813948532874374937190754804045924153528202949247577480068383124880351263934355537945824928208146300649
-0.5956993044924333434670365288299698895119263384375047868977947345129738936287256664315349110825853769003100949115109402206769594
-0.6343932841636454982151716132254933706756870948417216064338247186966867261235483941717674035365368534697200773200211345837390831
-0.6715589548470184006253768504274218032287506321997944988832130731094649118790014151672904931784041606634999442618036977416712558
-0.707106781186547524400844362104849039284835937688474036588339868995366239231053519425193767163820786367506923115456148512462418
-0.7409511253549590911756168974951627297289553093090900457364120438466825355639597576967103438140682232065883642126995332937542227
-0.7730104533627369608109066097584698009710412929008096093564028966879506053059873020379548140068698393742614841345656141239599016
-0.8032075314806449098066765129631419238795694271704608349765046543457740533480153272939564002841188636971250153578526552530010886
-0.831469612302545237078788377617905756738560811987249963446124590227637920144642343981774919007980650336002940238443449728869197
-0.8577286100002720699022699842847701370424907994337340186047185423495190873294644473503467443827372978075241933570661095405205681
-0.8819212643483550297127568636603883495084426206747279806325386167120666470450034970776205819055333733858182337103195704203212737
-0.9039892931234433315862002972305370487101320250506080496646735759958654405663192393572459493188167709686373412858922707859253344
-0.9238795325112867561281831893967882868224166258636424861150977312805350075011023587148399348503445960979630257822478830308691776
-0.94154406518302077841250940259950235718558979582518286754682587896999712036304969788460018905480368471883710456669721997808564725
-0.95694033573220886493579788698026996948284920563003726130120719988416014536816082495719342469627118199226984932961464079278561665
-0.97003125319454399260398420728610025145686596224807410098349745067991123925932768008907988489321252393921657027504611518647485584
-0.98078528040323044912618223613423903697393373089333609500291608854530651354960506391506498585330076325989486627987757846813109608
-0.98917650996478097345167373801624306398368953333690740101915036448498723986223411440032433858770904788893181781767462094436652983
-0.99518472667219688624483695310947992157547486872985706183361296578489016689458653797252908426964839028772449311829819834614178651
-0.9987954562051723927147716047591006944432036147046117943428170736856099059521574038311892442663941710411642753012920518949380253