0.99978357860632294382096668299234481351985125869104305656681892616100390145407407039906316773541072961858334146512588108324771083
0.99913440810173105752253127137095921777791746615121447674365327725463551249301284629998814387990753255189765330864630479803515668
0.99805276947499501673235493537267105437787290202656020857368452679638376119006204690889656771475190821388456389195636049137942836
0.99653913090559292775265133006014787854129451249827984766436374171279864652091411708247168611236818855825681823680939216003155193
0.99459414756106221727466112390854144737325352279944888979944598672584641604974008920119367922958508312332713080345194719471918106
0.99221866131341508929495323239918186104471340526793334092394485274194700639285985154767693269082955143526688361367785650116505492
0.98941370037474029675763164715990374183235869478138433599303194307486821856863939384139918180176177066289488976560593344698191014
0.98618047885214895506731714819716800134296687304206457845170225312617382409036500251224715219110813283673287823799064059280125092
0.98252039622225703596750655714242095787542148680769852799105606156449756573682102325222199412487266920420827098981036216779935865
0.97843503672543200824646260429782644202361525726576379106161126505031330333316510302052927171329104567437282251947013972089701545
0.97392616868006582124312038921447017871250828455166501524917343424129828350596039234854992701188900977196389300852500839026453959
0.96899574371717104314619375763047919115199826904630617124376662403306224465146774548197137984501427922732865043555667974083769516
0.9636458959356314536274318110915930698434653790983905559820140583745099147900719168727917570533008637460874720777714197217693747
0.95787894097847273449712590504229507541148615946280114582462339809468925938388270176949949802249202285865480079272059036793038427
0.95169737503055308795088449484549854803834636706834667967445896648702852346052003197025228980553712215960373429724910216783302966
0.94510387373810762479426507279136091121109743327734446837395015840096261561626892797176478233591411526581489373740525890607786802
0.93810129105061419006387643911003326953109096794005546547902212605370954752922409289192914698011688394073719135890649546808608471
0.93069265798548191606911952269879527852810184704500059084957247327168307725668631918722840572358148409607747530340009949456385395
0.92288118131609719850451860618882918090288181136981215407456537520051361812603797971778860776674515386722467783872563204962680858
0.91467024218379496546922293761218185394472592249718857783259701410039577808618349418454367504989633160784921554317999948417387828
0.90606339463435603761852391896096169041964363441759325504426748754947023035291672146115407528975634607506003460306990395904419058
0.89706436407966404600931999056742943570512134493477243849880798229938154280723956165449193697264372318773302549978471713372659661
0.88767704568518776834711589654545450601289271344374028342363550369385444070480731090136145016888659101418985065898355245644394408
0.87790550268398685027479292144323182970798346457029586527822670539585126274942271773466395949431395881020509159994542305108111928
0.86775396461797068216621055297594508755647183927534873037218439610622435343072944575415383035190195483023851461966983305761131618
0.85722682550717168983464253063727869012795113579997248708395256633998481830120420044948595204209447656308726857442722646825917505
0.84632864194782545600778066247808902292002159519200622170702349898912593098901202723934304606641405200491080838191321787794195532
0.83506413114008090487085136418238313429960142822228983435150174415776756910321619165818451979781342602458589134961987989700839241
0.8234381688461942410990374057535076686804545160118407875290298162910813143936219846476201745836925299640580848993127285663408163
0.81145578728009042440587059305731696153784746738044293564773263686068775762174581136241370882699885844276654181798484844763421748
0.79912217292920566770149136073047308659672575695368187693426006180277831401610992199121916379226965121947801478628654535728951009
0.78644266430955375862516872549383164858425703039763341023351808612890867052457417587654318900974257082007961929902551884020654165
0.77342274965498790780289358458177336788655228253349440536998659238145792731968809654123912310345897303958007673884140907323143685
0.76006806454165831017249103244606482171098462484024954348522166731107237342244822659970756111606033709734524886884989341848962809
0.74638438944869365578688571964064474282138731494092494783458476272956318168358889057794855209317383636228089819984487038427335562
0.73237764725616243150962859072298062454790869351040521762112518734601690904563663606226122301455638024265425833817081206972578875
0.7180539006813970030069269643767599588612503733761434611398121347626382077576966687981568377228658185807562437280870432929404834
0.70341934965479014566640113826889241344535234943914788935489200740540691524989204813787952399999526147126936971632653577514884653
0.68848032863619989198670897523988498561609812700469130501678164684675364321860908658457443272675121305236782614122377484656927948
0.67324330387312427024402433025440681800537737665714194335669391120237772877894236992949632675719135396737984200195601632168441909
0.65771487060183271372392283713494449599957975465106320828628668666936391363590358173330030984200015814726046006102936814576836325
0.64190175019266561060094100206194787775468132191095565250529044204622582896572351646102979179518985651222219035999058323113396281
0.62581078724073763096569977467607069094885357830942175626293567776471158167271305170155094199789230754713649233661067901880829894
0.60944894660330409908076222209657844805208106646636630045037332830205608091696338619273975966507482322300030311845363792974650341
0.59282331038507276546256710612323419957569045913212904973136275075568029384026112510836529500981478476919936669509427300136938566
0.57594107487276586484501404905698097012401176843826009526239278516222025808378464855178389511524336083066130035078800317957780626
0.55880954742025931272799238384989664053786919648483151542352469722857616264219305864440011507363894907445102145163900825730335971
0.54143614328564728554323969328033199496069961892255170177195135444857842663539112826549034732723974851423901563529892061626935841
0.52382838242160123822087209754081756428268607123225076517893010507627115101754031882708896217258183834722946737260164500600513012
0.50599388622041262910582878484797662866164160679064835397718307318908395028597882237421955702300869167124634863631985920197070248
0.48794037421512823700389649747777026091399689734258803628742906032142881310373522932146277261353189993815328525644931553269962801
0.46967566073820596014178781213209224400559741002862080916004721387274862788809850604523496618376328281938391153532256142052705163
0.45120765153913737377876083392624433822944752929083236678958000870734172623256512982467183440422180807596820770488232536956382188
0.4325443403625010841498273641173578120249072634462626035243844027281150475372783878502107447529838170550705069457506996249144695
0.4136938054879280436650058195067338830066764052487666864357034097296855031316916868446842019950672160319330812345538543630855885
0.3946642062334764784219299664633782091057818395240230381999004709530461719825344159359556271131551581865024667843865881899270615
0.3754637794239299169745211871763475666449101962870938580965143672020543198533811927112182465102687237275168287652166630495836097
0.3561008358255469920830560591669157486771484109121839281593696553061786870712342695087448608141281106926313152032173889725235194
0.336583756548806208279054550486804111579343982893403756135946211022454896030716777237300067048267566024469842931444814844026941
0.3169209894207027212266202097256489028562543205721225344420105333278672658784268482162035517928741614205583175150476027908977938
0.2971210453281673540539470788016337069697287947003474897736943686573739433231267292577687328364910232801969150115516338720715263
0.2771924945341905753601504410818334081482459649263001645035953851069721520944525805639079084320604804144207498656162404086183611
0.2571439629682459780630479075311890979594720843665980351779563123863859421848333442272751423306945469203044672750145399183359707
0.2369841284926189225292097386653531513448755510121074262758534141169553992913349558851112561728617335378198577955657013191953299
0.2167217171462564367034502020910272212652994486168733114122916343279224655891315179885192514139189225960738891031388738716605048
0.1963654993677641957167083441028203472682713966036738125899045746401420001316793175308538254648913086820467524557954868764144249
0.1759242861991854294875096015022613357745699965504963740451642838414621326595734166132251568163810125853065132877666687643767172
0.1554069254722049252360545103124036983845618678066908546238419569812370879253815221619804136516977770718962555067806079138609064
0.1348222979784288990008862705184327140752318056817825964320894192882266488565767802461033109943762714325464318034126536892074022
0.1141793136253984028933360417540322734370562051791352183185737370812363083833274362837095781978131656897424844688520638018879743
0.0934869075800001099611017929703212331797922361833871124114512768908019594565808229913484943158710720171107161971699960957520051
0.0727540364009437734865201631043406318782048892609238269622500528004540891164766844234531758686736709443345141415964163338306167
0.0519896741619803899562035272174000917504786073146171829347481279040242747103759304121683061810497038711130625162923125070088939
0.0312028085675391027583462865572183003615855188615749088988923615371261322617009930098325866034350236878381182772987527174806081
0.0104024370624641651573994908604932036237322093982965189368265902279873076600645821922025278906972368555670901327993013582340238
-0.0104024370624641651573994908604932036237322093982965189368265902279873076600645821922025278906972368555670901327993013582340238
-0.0312028085675391027583462865572183003615855188615749088988923615371261322617009930098325866034350236878381182772987527174806081
-0.0519896741619803899562035272174000917504786073146171829347481279040242747103759304121683061810497038711130625162923125070088939
-0.0727540364009437734865201631043406318782048892609238269622500528004540891164766844234531758686736709443345141415964163338306167
-0.0934869075800001099611017929703212331797922361833871124114512768908019594565808229913484943158710720171107161971699960957520051
-0.1141793136253984028933360417540322734370562051791352183185737370812363083833274362837095781978131656897424844688520638018879743
-0.1348222979784288990008862705184327140752318056817825964320894192882266488565767802461033109943762714325464318034126536892074022
-0.1554069254722049252360545103124036983845618678066908546238419569812370879253815221619804136516977770718962555067806079138609064
-0.1759242861991854294875096015022613357745699965504963740451642838414621326595734166132251568163810125853065132877666687643767172
-0.1963654993677641957167083441028203472682713966036738125899045746401420001316793175308538254648913086820467524557954868764144249
-0.2167217171462564367034502020910272212652994486168733114122916343279224655891315179885192514139189225960738891031388738716605048
-0.2369841284926189225292097386653531513448755510121074262758534141169553992913349558851112561728617335378198577955657013191953299
-0.2571439629682459780630479075311890979594720843665980351779563123863859421848333442272751423306945469203044672750145399183359707
-0.2771924945341905753601504410818334081482459649263001645035953851069721520944525805639079084320604804144207498656162404086183611
-0.2971210453281673540539470788016337069697287947003474897736943686573739433231267292577687328364910232801969150115516338720715263
-0.3169209894207027212266202097256489028562543205721225344420105333278672658784268482162035517928741614205583175150476027908977938
-0.336583756548806208279054550486804111579343982893403756135946211022454896030716777237300067048267566024469842931444814844026941
-0.3561008358255469920830560591669157486771484109121839281593696553061786870712342695087448608141281106926313152032173889725235194
-0.3754637794239299169745211871763475666449101962870938580965143672020543198533811927112182465102687237275168287652166630495836097
-0.3946642062334764784219299664633782091057818395240230381999004709530461719825344159359556271131551581865024667843865881899270615
-0.4136938054879280436650058195067338830066764052487666864357034097296855031316916868446842019950672160319330812345538543630855885
-0.4325443403625010841498273641173578120249072634462626035243844027281150475372783878502107447529838170550705069457506996249144695
-0.4512076515391373737787608339262443382294475292908323667895800087073417262325651298246718344042218080759682077048823253695638219
-0.4696756607382059601417878121320922440055974100286208091600472138727486278880985060452349661837632828193839115353225614205270516
-0.487940374215128237003896497477770260913996897342588036287429060321428813103735229321462772613531899938153285256449315532699628
-0.5059938862204126291058287848479766286616416067906483539771830731890839502859788223742195570230086916712463486363198592019707025
-0.5238283824216012382208720975408175642826860712322507651789301050762711510175403188270889621725818383472294673726016450060051301
-0.5414361432856472855432396932803319949606996189225517017719513544485784266353911282654903473272397485142390156352989206162693584
-0.5588095474202593127279923838498966405378691964848315154235246972285761626421930586444001150736389490744510214516390082573033597
-0.5759410748727658648450140490569809701240117684382600952623927851622202580837846485517838951152433608306613003507880031795778063
-0.5928233103850727654625671061232341995756904591321290497313627507556802938402611251083652950098147847691993666950942730013693857
-0.6094489466033040990807622220965784480520810664663663004503733283020560809169633861927397596650748232230003031184536379297465034
-0.6258107872407376309656997746760706909488535783094217562629356777647115816727130517015509419978923075471364923366106790188082989
-0.6419017501926656106009410020619478777546813219109556525052904420462258289657235164610297917951898565122221903599905832311339628
-0.6577148706018327137239228371349444959995797546510632082862866866693639136359035817333003098420001581472604600610293681457683632
-0.6732433038731242702440243302544068180053773766571419433566939112023777287789423699294963267571913539673798420019560163216844191
-0.6884803286361998919867089752398849856160981270046913050167816468467536432186090865845744327267512130523678261412237748465692795
-0.7034193496547901456664011382688924134453523494391478893548920074054069152498920481378795239999952614712693697163265357751488465
-0.7180539006813970030069269643767599588612503733761434611398121347626382077576966687981568377228658185807562437280870432929404834
-0.7323776472561624315096285907229806245479086935104052176211251873460169090456366360622612230145563802426542583381708120697257888
-0.7463843894486936557868857196406447428213873149409249478345847627295631816835888905779485520931738363622808981998448703842733556
-0.7600680645416583101724910324460648217109846248402495434852216673110723734224482265997075611160603370973452488688498934184896281
-0.7734227496549879078028935845817733678865522825334944053699865923814579273196880965412391231034589730395800767388414090732314368
-0.7864426643095537586251687254938316485842570303976334102335180861289086705245741758765431890097425708200796192990255188402065416
-0.7991221729292056677014913607304730865967257569536818769342600618027783140161099219912191637922696512194780147862865453572895101
-0.8114557872800904244058705930573169615378474673804429356477326368606877576217458113624137088269988584427665418179848484476342175
-0.8234381688461942410990374057535076686804545160118407875290298162910813143936219846476201745836925299640580848993127285663408163
-0.8350641311400809048708513641823831342996014282222898343515017441577675691032161916581845197978134260245858913496198798970083924
-0.8463286419478254560077806624780890229200215951920062217070234989891259309890120272393430460664140520049108083819132178779419553
-0.857226825507171689834642530637278690127951135799972487083952566339984818301204200449485952042094476563087268574427226468259175
-0.8677539646179706821662105529759450875564718392753487303721843961062243534307294457541538303519019548302385146196698330576113162
-0.8779055026839868502747929214432318297079834645702958652782267053958512627494227177346639594943139588102050915999454230510811193
-0.8876770456851877683471158965454545060128927134437402834236355036938544407048073109013614501688865910141898506589835524564439441
-0.8970643640796640460093199905674294357051213449347724384988079822993815428072395616544919369726437231877330254997847171337265966
-0.9060633946343560376185239189609616904196436344175932550442674875494702303529167214611540752897563460750600346030699039590441906
-0.9146702421837949654692229376121818539447259224971885778325970141003957780861834941845436750498963316078492155431799994841738783
-0.9228811813160971985045186061888291809028818113698121540745653752005136181260379797177886077667451538672246778387256320496268086
-0.9306926579854819160691195226987952785281018470450005908495724732716830772566863191872284057235814840960774753034000994945638539
-0.93810129105061419006387643911003326953109096794005546547902212605370954752922409289192914698011688394073719135890649546808608471
-0.94510387373810762479426507279136091121109743327734446837395015840096261561626892797176478233591411526581489373740525890607786802
-0.95169737503055308795088449484549854803834636706834667967445896648702852346052003197025228980553712215960373429724910216783302966
-0.95787894097847273449712590504229507541148615946280114582462339809468925938388270176949949802249202285865480079272059036793038427
-0.9636458959356314536274318110915930698434653790983905559820140583745099147900719168727917570533008637460874720777714197217693747
-0.96899574371717104314619375763047919115199826904630617124376662403306224465146774548197137984501427922732865043555667974083769516
-0.97392616868006582124312038921447017871250828455166501524917343424129828350596039234854992701188900977196389300852500839026453959
-0.97843503672543200824646260429782644202361525726576379106161126505031330333316510302052927171329104567437282251947013972089701545
-0.98252039622225703596750655714242095787542148680769852799105606156449756573682102325222199412487266920420827098981036216779935865
-0.98618047885214895506731714819716800134296687304206457845170225312617382409036500251224715219110813283673287823799064059280125092
-0.98941370037474029675763164715990374183235869478138433599303194307486821856863939384139918180176177066289488976560593344698191014
-0.99221866131341508929495323239918186104471340526793334092394485274194700639285985154767693269082955143526688361367785650116505492
-0.99459414756106221727466112390854144737325352279944888979944598672584641604974008920119367922958508312332713080345194719471918106
-0.99653913090559292775265133006014787854129451249827984766436374171279864652091411708247168611236818855825681823680939216003155193
-0.99805276947499501673235493537267105437787290202656020857368452679638376119006204690889656771475190821388456389195636049137942836
-0.99913440810173105752253127137095921777791746615121447674365327725463551249301284629998814387990753255189765330864630479803515668
-0.99978357860632294382096668299234481351985125869104305656681892616100390145407407039906316773541072961858334146512588108324771083