0.99968918200081628415430676489510991802926934439369893180003452935000184757420785422686740291864071490305885619843039461013936403
0.99875692121892236975399529893987614363979300682055655383592825940591865881044180852509746852765303318901959738844723725133456541
0.99720379718118014822502987087811926565585970536236880527491970773736929489914676310977515092446693698568101079248701806606039319
0.99503077536540140990994949682807111674427490365342170554716784693187216128830133007439181379022191520956551348322765955011921765
0.99223920660017208063397504389700246924243249381148090037667260963618459925412678046845391070927114191366290134932738767101278324
0.98883082622512854506974288293400861306525101357418770639949692716021353309872609924934318996817419308688871791291610516590831812
0.98480775301220805936674302458952301367064325171984241879002575235582759994303623927467841005611989916062133620382429048903021783
0.98017248784854384262219529288714045689197437757882390890872302929502117628074250887342970292681191877860797081206836213103771621
0.97492791218182360701813168299393121723278580061999743764807957508764593163440379370011245812073692516401481293875625289435821838
0.96907728622907794772690654946573678730347238016229424102288953427575001196724792870695321549229211659317730706683368572668682098
0.96262424695001207420266304792740623710836866376075776792240549292779546850559139694885503109291194175111542755186138429151763968
0.95557280578614073281133405376746666643958910634689043067188665898809431541844944622673474039669985370628755349326152775411795347
0.94792734616713175591872251792076873364951560761776730605137232619647482738324836027712249920608264961281363803591037381065143232
0.93969262078590838405410927732473146993620813426446463309028666277422121099588945894974588983794806746192163479658862657697069787
0.93087374864420425563779924195127530714200395770691002474018535916362021606613004550219451279536187415059287715245292738774117311
0.92147621187040765364618835221960935377782297176768573864337164226626299659233642281040841978948634429096958539645508437438243555
0.91150585231167315178303633459076783949564012155735850638962667517772096973866190983715969409247900940946768361626280942767568437
0.90096886790241912623610231950744505116591916213185715005356242319943242042793996550136145471851241531831096436867510363979163288
0.88987180881146860569399629786517781908844212206548475752764892394653381763814718423116000448089382764106131308036556795007601583
0.878221573370228535567515284797066482428279073798333131408972185606655256887852603036116553913798050993172037912079453860078253
0.86602540378443864676372317075293618347140262690519031402790348972596650845440001854057309337862428783781307070770335151498497255
0.85329088163215566028598415307441748894941344598478850600056931184911226466706816312457716908593645128448240683204886964323569242
0.84002592315077144274358915337122821320587080937960106361275952046834486721220367201524124062364724421600316641304260306184182742
0.82623877431599487194516257377267839779237040696454020610758603927416951010168550475040648788343983227502891721628175833235420042
0.81193800571585649459681547079972460720521199133552421136051081102199050045652615176823806746217684506122247358410910519356175859
0.79713250722292247933728376016523785467323514394398902699675613266361798339823273403553344941078475063159787132872388924439761992
0.78183148246802980870844452667405775023233451870868752898063495804509173163393644170086800689099098223226157916053801447223925705
0.76604444311897803520239265055541667393583245708039524585404528464215538885687472352822927668054849344996248839987004553419542483
0.74978120296773417254727524317916032297687358964521266522563476756338247572770360725194085647010238482593586158559018194152515619
0.73305187182982632852243148927067190697323353758234547535989964309067308338990212715215368778862689735754042565276208838477385709
0.71586684925971843583254956673515295718179712899802452202349986654277571855047866803601416452199713372658688048146685597807665959
0.69823681808607283034437887663436223591813623729598224566087008240868749227980684315374665391499618804684137265946152271635190352
0.68017273777091939018735870103374024402706657064652126903521335657661290122101617842272014506230810359406707006794947219959560211
0.66168583759685941524036772031720285371856223190105800456879531720666385292086173151930903967876765578425883496870981911484083497
0.64278760968653932632264340990726343290755988420568179032497725467111283624095863971048822771759435162014780267264646498539261968
0.62348980185873353052500488400423981063227473089640210536554943909685365245648728457594250732658537166705809220917454300913572926
0.60380441032547736874164321358743399824646656775875042851690700012125220517230008206898657724403284333872866134626623796478697271
0.58374367223478987045358491736028618623345862689478569424588108125946408357534130677684164023155920886915827175546822592139547867
0.5633200580636220277492615380297605110458689775749089288303724042051660432459483415889911291500108348969369078624414822473346827
0.54254626386575940577649722156102470850121041280131180386936126697377615864883391497518022484541227214371800539703805209991696599
0.52143520337949807242610753913314433348466829192385787075812373232630460977505994142100747356728933007728576618149026296115534084
0.5
0.47825397862131821172819922576196558454460105246984106104191079702369723779914791280585992935135138482577309001694013164898402319
0.45621065735316296397749807737885143513858259401924474996656699243214250016160789354991724368224076104530159199140918515141759942
0.4338837391175581204757683328483587546099907277874598764445473035322032516531984215207840217744561020887441029300455358187257105
0.411287103130611539456364579467784930510816276758636011301286765672408077712960023297550173558662706340407241727759433628723739
0.3884347962746947118923318303095684709959659260527304718597656095149323940818266983994673334652382985749342400030611497062258105
0.3653410243663950145447379989297688024329762826777856010339474880633598806422388146734006826415888214198306257037415621567725889
0.3420201433256687330440996146822595807630833675141606284650484976847147637020775995641901823385255475404735335311778255036375982
0.3184866502516844273818275725699376031734121456777659043399277120883573233598807773541206632480442629943491358433585430161968812
0.2947551744109042168307729819601909732057192299734761686128662185110330304133876152773923130584288215699477428708067806947626163
0.2708404681430051173825276728313745513853361428663119953620194518670625196874410855532065615772959285463359344073721630103349175
0.2467573976902936383701134811922532799265715347627332458989056263850197499551127289128408665709148080245285470703945283134409801
0.2225209339563144042889025644967947594663555687645449553119870158974212320285473190745810526080729563487471278404994393693440964
0.1981461431993975833714472747416084106726420179725546408257375586330923516555447530251816427359802647868777764503201918691262761
0.173648177666930348851716626769314796000375677184069387236241378132065822139014735421516613157399574011959146396718581042775273
0.1490422661761744469293547152772175569096694389982224957595504011185284844321936038013265059043708919183312979919149129155019161
0.1243437046474851743089045920543714991045878278236967116466155096026450131941036887748749703787015936593717140677311951299848156
0.0995678465958166571862208637910432322904281302218342950291158641557304692821357580689216266303021643482452100321537042341139258
0.0747300935864242542909397457347666533735487551673169439459763839252629103262544607509549668350725830432820471523933453074374325
0.0498458856606971629504071444939496058825713126858836939148894034781889504259435122159187638572465834250581466673229648882341884
0.0249306917380728752815311317226489934788656278135446254084028737575429922207844399115393848278615997086896310800305842168425606
0.e-127
-0.0249306917380728752815311317226489934788656278135446254084028737575429922207844399115393848278615997086896310800305842168425606
-0.0498458856606971629504071444939496058825713126858836939148894034781889504259435122159187638572465834250581466673229648882341884
-0.0747300935864242542909397457347666533735487551673169439459763839252629103262544607509549668350725830432820471523933453074374325
-0.0995678465958166571862208637910432322904281302218342950291158641557304692821357580689216266303021643482452100321537042341139258
-0.1243437046474851743089045920543714991045878278236967116466155096026450131941036887748749703787015936593717140677311951299848156
-0.1490422661761744469293547152772175569096694389982224957595504011185284844321936038013265059043708919183312979919149129155019161
-0.173648177666930348851716626769314796000375677184069387236241378132065822139014735421516613157399574011959146396718581042775273
-0.1981461431993975833714472747416084106726420179725546408257375586330923516555447530251816427359802647868777764503201918691262761
-0.2225209339563144042889025644967947594663555687645449553119870158974212320285473190745810526080729563487471278404994393693440964
-0.2467573976902936383701134811922532799265715347627332458989056263850197499551127289128408665709148080245285470703945283134409801
-0.2708404681430051173825276728313745513853361428663119953620194518670625196874410855532065615772959285463359344073721630103349175
-0.2947551744109042168307729819601909732057192299734761686128662185110330304133876152773923130584288215699477428708067806947626163
-0.3184866502516844273818275725699376031734121456777659043399277120883573233598807773541206632480442629943491358433585430161968812
-0.3420201433256687330440996146822595807630833675141606284650484976847147637020775995641901823385255475404735335311778255036375982
-0.3653410243663950145447379989297688024329762826777856010339474880633598806422388146734006826415888214198306257037415621567725889
-0.3884347962746947118923318303095684709959659260527304718597656095149323940818266983994673334652382985749342400030611497062258105
-0.411287103130611539456364579467784930510816276758636011301286765672408077712960023297550173558662706340407241727759433628723739
-0.4338837391175581204757683328483587546099907277874598764445473035322032516531984215207840217744561020887441029300455358187257105
-0.4562106573531629639774980773788514351385825940192447499665669924321425001616078935499172436822407610453015919914091851514175994
-0.4782539786213182117281992257619655845446010524698410610419107970236972377991479128058599293513513848257730900169401316489840232
-0.5
-0.5214352033794980724261075391331443334846682919238578707581237323263046097750599414210074735672893300772857661814902629611553408
-0.542546263865759405776497221561024708501210412801311803869361266973776158648833914975180224845412272143718005397038052099916966
-0.5633200580636220277492615380297605110458689775749089288303724042051660432459483415889911291500108348969369078624414822473346827
-0.5837436722347898704535849173602861862334586268947856942458810812594640835753413067768416402315592088691582717554682259213954787
-0.6038044103254773687416432135874339982464665677587504285169070001212522051723000820689865772440328433387286613462662379647869727
-0.6234898018587335305250048840042398106322747308964021053655494390968536524564872845759425073265853716670580922091745430091357293
-0.6427876096865393263226434099072634329075598842056817903249772546711128362409586397104882277175943516201478026726464649853926197
-0.661685837596859415240367720317202853718562231901058004568795317206663852920861731519309039678767655784258834968709819114840835
-0.6801727377709193901873587010337402440270665706465212690352133565766129012210161784227201450623081035940670700679494721995956021
-0.6982368180860728303443788766343622359181362372959822456608700824086874922798068431537466539149961880468413726594615227163519035
-0.7158668492597184358325495667351529571817971289980245220234998665427757185504786680360141645219971337265868804814668559780766596
-0.7330518718298263285224314892706719069732335375823454753598996430906730833899021271521536877886268973575404256527620883847738571
-0.7497812029677341725472752431791603229768735896452126652256347675633824757277036072519408564701023848259358615855901819415251562
-0.7660444431189780352023926505554166739358324570803952458540452846421553888568747235282292766805484934499624883998700455341954248
-0.781831482468029808708444526674057750232334518708687528980634958045091731633936441700868006890990982232261579160538014472239257
-0.7971325072229224793372837601652378546732351439439890269967561326636179833982327340355334494107847506315978713287238892443976199
-0.8119380057158564945968154707997246072052119913355242113605108110219905004565261517682380674621768450612224735841091051935617586
-0.8262387743159948719451625737726783977923704069645402061075860392741695101016855047504064878834398322750289172162817583323542004
-0.8400259231507714427435891533712282132058708093796010636127595204683448672122036720152412406236472442160031664130426030618418274
-0.8532908816321556602859841530744174889494134459847885060005693118491122646670681631245771690859364512844824068320488696432356924
-0.8660254037844386467637231707529361834714026269051903140279034897259665084544000185405730933786242878378130707077033515149849725
-0.878221573370228535567515284797066482428279073798333131408972185606655256887852603036116553913798050993172037912079453860078253
-0.8898718088114686056939962978651778190884421220654847575276489239465338176381471842311600044808938276410613130803655679500760158
-0.9009688679024191262361023195074450511659191621318571500535624231994324204279399655013614547185124153183109643686751036397916329
-0.9115058523116731517830363345907678394956401215573585063896266751777209697386619098371596940924790094094676836162628094276756844
-0.9214762118704076536461883522196093537778229717676857386433716422662629965923364228104084197894863442909695853964550843743824356
-0.9308737486442042556377992419512753071420039577069100247401853591636202160661300455021945127953618741505928771524529273877411731
-0.93969262078590838405410927732473146993620813426446463309028666277422121099588945894974588983794806746192163479658862657697069787
-0.94792734616713175591872251792076873364951560761776730605137232619647482738324836027712249920608264961281363803591037381065143232
-0.95557280578614073281133405376746666643958910634689043067188665898809431541844944622673474039669985370628755349326152775411795347
-0.96262424695001207420266304792740623710836866376075776792240549292779546850559139694885503109291194175111542755186138429151763968
-0.96907728622907794772690654946573678730347238016229424102288953427575001196724792870695321549229211659317730706683368572668682098
-0.97492791218182360701813168299393121723278580061999743764807957508764593163440379370011245812073692516401481293875625289435821838
-0.98017248784854384262219529288714045689197437757882390890872302929502117628074250887342970292681191877860797081206836213103771621
-0.98480775301220805936674302458952301367064325171984241879002575235582759994303623927467841005611989916062133620382429048903021783
-0.98883082622512854506974288293400861306525101357418770639949692716021353309872609924934318996817419308688871791291610516590831812
-0.99223920660017208063397504389700246924243249381148090037667260963618459925412678046845391070927114191366290134932738767101278324
-0.99503077536540140990994949682807111674427490365342170554716784693187216128830133007439181379022191520956551348322765955011921765
-0.99720379718118014822502987087811926565585970536236880527491970773736929489914676310977515092446693698568101079248701806606039319
-0.99875692121892236975399529893987614363979300682055655383592825940591865881044180852509746852765303318901959738844723725133456541
-0.99968918200081628415430676489510991802926934439369893180003452935000184757420785422686740291864071490305885619843039461013936403