0.99986613790956178286274714906010002195345847142775142566570436111767871833202568180689070445356582579434624034433966888225255887
0.99946458747636564442983644624285994588364095315313089603368742859967445829148048907082006061563036927891062590760097750639347573
0.9987954562051723927147716047591006944432036147046117943428170736856099059521574038311892442663941710411642753012920518949380253
0.99785892323860350673806979127277760453186639632596641807472562927418785082869811103795654762696687676152145802164698300971237868
0.99665523930918032493173373725034448288998258082162250720602182009213955614968259489970159641812304092191255722752608792449217414
0.99518472667219688624483695310947992157547486872985706183361296578489016689458653797252908426964839028772449311829819834614178651
0.9934477790194443955138516146151030365692134352274388774260973801357728433460752084745218220114818486353907565013212239101068111
0.99144486137381041114455752692856287127773827444810227145877460352892206840508253176326543345327739735737867993502493944915599907
0.98917650996478097345167373801624306398368953333690740101915036448498723986223411440032433858770904788893181781767462094436652983
0.9866433320848790047469239329842060425036130187655810083669381691094310882643844064178356987615243139468770494763486300831204301
0.98384600592707741608727734241005782103152870349224482587770282997313169672461121311815592570256757922685751415374254583935849506
0.98078528040323044912618223613423903697393373089333609500291608854530651354960506391506498585330076325989486627987757846813109608
0.97746197494357186338806771433680600726086505066371064631960921183189674548583019162063350949843268503825650902919169029436436779
0.97387697927733364814968997013355039173530577733473971927058453802027741997054296382857418503861139692601020696653696003787104656
0.97003125319454399260398420728610025145686596224807410098349745067991123925932768008907988489321252393921657027504611518647485584
0.96592582628906828674974319972889736763390483900840455040234307631042321397985551634756174185807045188840211186438162153744592538
0.96156179768296194714467813212420084585997405415921418741742753433211668150454099126002134115684535081171822066982951154981239913
0.95694033573220886493579788698026996948284920563003726130120719988416014536816082495719342469627118199226984932961464079278561665
0.95206267771392425710007127333280901845817523227478746121288296665110707366347946637647932316697519945327847280192377649775201796
0.94693012949510566425580427485398368369883283329694828837848042605079740373146403175133466156841096024914099882742392113177790614
0.94154406518302077841250940259950235718558979582518286754682587896999712036304969788460018905480368471883710456669721997808564725
0.93590592675732570029170724946673536048618711342102377662054515516960962703239745346987429568672226107892615301157820889199205521
0.93001722368401211705687842993901102296139977177347812146859396942070434669352901794184132356319863683037423624289389681818471209
0.92387953251128675612818318939678828682241662586364248611509773128053500750110235871483993485034459609796302578224788303086917758
0.91749449644749130792415147441408182919758339778553736975293366555345261269132437937502116857295476387148732657194845228661723644
0.91086382492117581857329170716055064589797445826153206687455336513432408134230101288054892493684494401217108331151746900218342857
0.90398929312344333158620029723053704871013202505060804966467357599586544056631923935724594931881677096863734128589227078592533437
0.89687274153268830389410393639308119817919311593230398127811224097398482759103130926798293626950064110106562182666872339750562385
0.88951607542185603527210279422019359684091530131151182455446040871258628784872201695834029059846637495250845925861464340799578032
0.88192126434835502971275686366038834950844262067472798063253861671206664704500349707762058190553337338581823371031957042032127365
0.87409034162675885154524190776894318727815570726993024347878928596839241715348701763577046111766217417864531024902661758678078088
0.86602540378443864676372317075293618347140262690519031402790348972596650845440001854057309337862428783781307070770335151498497255
0.85772861000027206990226998428477013704249079943373401860471854234951908732946444735034674438273729780752419335706610954052056808
0.84920218152657888764909693734310022339347999342303178375444273295474791183173610434781809836066920439336010222097855671515038359
0.84044840109443802101714781727751093852616993828575890434433785544342034828476126013611952348666565119844159828114905994667702284
0.83146961230254523707878837761790575673856081198724996344612459022763792014464234398177491900798065033600294023844344972886919705
0.82226821898977510783848719529536004718092631587251597727692026642542975696999615088793453627755694684842659858338303685515349068
0.81284668459161521657909614327190880003683778509403149961728838532493677855321347607343784779052638445809687678507336684530818172
0.80320753148064490980667651296314192387956942717046083497650465434577405334801532729395640028411886369712501535785265525300108857
0.79335334029123516457977696150129927662867592105191023422448078294540218227127872910059956585805247319221357878427644228834604483
0.78328674922865036539802830029229320325518445524408605457120009252838717900675319023587944179209354201780518039525596305649504533
0.77301045336273696081090660975846980097104129290080960935640289668795060530598730203795481400686983937426148413456561412395990159
0.76252720390638809637251783305122040660372368688015205587350640382734188713550469579396886750407277828626636417577711755793038907
0.75183980747897739640751940637696144277114121554499348062397833655603408494553945152600935233432057851814892872188730937281210631
0.74095112535495909117561689749516272972895530930909004573641204384668253556395975769671034381406822320658836421269953329375422266
0.72986407269783565735010119440318188286714776214372026997668102702019075749425733954626941641977026989692827618444872325172899855
0.7185816177796980571964039700467297275389832708753820613751066925374185151086539424761973996792370801550068397485875318058266555
0.70710678118654752440084436210484903928483593768847403658833986899536623923105351942519376716382078636750692311545614851246241803
0.69544263500961165112351621424823612262345109545910720639101511601806074346375389365639628304847439925560133287750687723938662073
0.68359230202287128051349759431615511704382949901058860784991742489488452167108551697533052434926755008381205003983836256520783037
0.67155895484701840062537685042742180322875063219979449888321307310946491187900141516729049317840416066349994426180369774167125578
0.65934581510006886842512461205533745091546927288580694009537458425199387329337395395772933723279560538710903894426412375375484452
0.64695615253485736539802412979091025055376192382102254182617188782077240336480080215869706122941609167019286861950133383735258133
0.63439328416364549821517161322549337067568709484172160643382471869668672612354839417176740353653685346972007732002113458373908314
0.62166057337007740803774149416061081295621500445722198918059947268810788578349024495104929385718884020831826746940575670163403278
0.60876142900872063941609754289816400451639371196247523002497396790137603444499283952625164811099385020895439127353138354839998886
0.5956993044924333434670365288299698895119263384375047868977947345129738936287256664315349110825853769003100949115109402206769594
0.5824776968678021491971347670361124496849405249478956648857686468486394870242702699450264443253123810759335993507621561706083724
0.56910014587889823061076688036154594858540395147916386784117461544029573123983065690112764687238523715941821186142455282470492326
0.55557023301960222474283081394853287437493719075480404592415352820294924757748006838312488035126393435553794582492820814630064897
0.54189158057475171615123579863016651639542291097574548022229314662364572997201007083259220740910275845438524609337240189436930328
0.52806785065036799587344882033760556822618063422065027463207339759083923662631873616325686372771825153355237101864579136955425777
0.514102744193221726593693838968815772608049120416217804287936453986037927274220118334576566828901794058965370277521855366101435
0.5
0.48576339371634005626905331009128424934540935101153362137776790713164079105780556347231413762466403173538087006681781351615112388
0.47139673682599764855638762590525437765746031893248062140161403100883522166516175290756319688791211774535825488895518613683921796
0.45690387563042067656353580612893417804778070372886631412052392706196417598014733299859703685729141258677902920791965000056872203
0.4422886902190012819952389773242447301569292055711623721505721010712386032512180426548316672757029424059835121967187748634117297
0.4275550934302820943209668568887985343045786293424586393648472046518438249098519379985739495457378037624943453661015350997872509
0.4127070298043947370477021860733674718905343437819613969478443189362506798703162680275026399443360092117908937675360421755334141
0.3977484745270110520468150857851331470572870967899340905283026456227989497173495420429869109288964717350806615898102836894298517
0.3826834323650897717284599840303988667613445624856270414338006356275460339600896922370137853422835471484242886614935559007560102
0.3675159365947035654139322438556322510274745288796854118385508917968793540787438694492750447305202076806135503482688642427324971
0.352250047921233506531752319758712671827925923923859401933113450412744362140836012246068295224987460477156972156327495499381347
0.3368898533922200506892532126191475704777667796712222840515309421523592933598104109594588644731514875566646455342412120020059137
0.3214394653031615807010576240789015860584644580075291549075415042933126402562311099573356486205051578727858273356134547143762516
0.305903020096553462762690863909384204032114418463916147436396138722431833606828776453343016320028524374756564767387992552693112
0.2902846772544623676361923758173952746914762783241511114206671131253928982994574468532436606893438468421981569266985974726632162
0.2745886181849323414804679930378641288334148667889668945924823346618504957955737864326836018447381246836152373975392379470882351
0.2588190451025207623488988376240483283490689013199305138140032073150569747488019969223679746942496655208951887489254730249835074
0.2429801799032638899482741620774711183209907832838321260423208417946981663958870487838239414776082706567113809212419797439857436
0.2270762630343732075856966925770880866157014434863169913245261728639693878739034854109240082765009120953415731451659175410566181
0.2111115523589651659244543758376462887292199229656974154764709228044245380995197086797689793529069762466901085892242432039977953
0.1950903220161282678482848684770222409276916177519548077545020894947633187859245802253253092340903817309920701055366117589657998
0.1790168612766326820399915695482819505818661089450308116733194751426552332275450020906313215507309064325707403909201024201552582
0.1628954733945887394808006397082655595151458205202141672641422584816590217264101514319194816798524217046646688770125947680321536
0.1467304744553617516588501296467178197062153165293920668973938768923171676867758277059618817711050948125690558476379337616896668
0.1305261922200515915484062278954890101937407048117322518906169483351328252298236296142403689922921229057494469979714407425231327
0.1142869649668463981174749614509399053180139706150765347764290112076785593433090520810647682888359001743623112140957970336161479
0.0980171403295606019941955638886418458611366731675005672572649798093873027890875368071110771463185595540742065264441021568752468
0.0817210741336682237477131019351770015292057091780920723877533095704356835963230884693114130412598241202107427025092339307718437
0.0654031292301430668153155587751754414406323039450540178319876507463469074463889652862080172615199907650626815882252736686364268
0.0490676743274180142549549769426826583147453630257529202101225532691659395639607568222207671118007237540668609774655834613187575
0.0327190828217761420636599263172881261149626272516961968780958837573187352132673927298024835448641689924581314893410137051708901
0.0163617316264867816429719234841730502356649078361962248740707436188733298240225702854237167349248763711211168919605080462602128
0.e-127
-0.0163617316264867816429719234841730502356649078361962248740707436188733298240225702854237167349248763711211168919605080462602128
-0.0327190828217761420636599263172881261149626272516961968780958837573187352132673927298024835448641689924581314893410137051708901
-0.0490676743274180142549549769426826583147453630257529202101225532691659395639607568222207671118007237540668609774655834613187575
-0.0654031292301430668153155587751754414406323039450540178319876507463469074463889652862080172615199907650626815882252736686364268
-0.0817210741336682237477131019351770015292057091780920723877533095704356835963230884693114130412598241202107427025092339307718437
-0.0980171403295606019941955638886418458611366731675005672572649798093873027890875368071110771463185595540742065264441021568752468
-0.1142869649668463981174749614509399053180139706150765347764290112076785593433090520810647682888359001743623112140957970336161479
-0.1305261922200515915484062278954890101937407048117322518906169483351328252298236296142403689922921229057494469979714407425231327
-0.1467304744553617516588501296467178197062153165293920668973938768923171676867758277059618817711050948125690558476379337616896668
-0.1628954733945887394808006397082655595151458205202141672641422584816590217264101514319194816798524217046646688770125947680321536
-0.1790168612766326820399915695482819505818661089450308116733194751426552332275450020906313215507309064325707403909201024201552582
-0.1950903220161282678482848684770222409276916177519548077545020894947633187859245802253253092340903817309920701055366117589657998
-0.2111115523589651659244543758376462887292199229656974154764709228044245380995197086797689793529069762466901085892242432039977953
-0.2270762630343732075856966925770880866157014434863169913245261728639693878739034854109240082765009120953415731451659175410566181
-0.2429801799032638899482741620774711183209907832838321260423208417946981663958870487838239414776082706567113809212419797439857436
-0.2588190451025207623488988376240483283490689013199305138140032073150569747488019969223679746942496655208951887489254730249835074
-0.2745886181849323414804679930378641288334148667889668945924823346618504957955737864326836018447381246836152373975392379470882351
-0.2902846772544623676361923758173952746914762783241511114206671131253928982994574468532436606893438468421981569266985974726632162
-0.305903020096553462762690863909384204032114418463916147436396138722431833606828776453343016320028524374756564767387992552693112
-0.3214394653031615807010576240789015860584644580075291549075415042933126402562311099573356486205051578727858273356134547143762516
-0.3368898533922200506892532126191475704777667796712222840515309421523592933598104109594588644731514875566646455342412120020059137
-0.352250047921233506531752319758712671827925923923859401933113450412744362140836012246068295224987460477156972156327495499381347
-0.3675159365947035654139322438556322510274745288796854118385508917968793540787438694492750447305202076806135503482688642427324971
-0.3826834323650897717284599840303988667613445624856270414338006356275460339600896922370137853422835471484242886614935559007560102
-0.3977484745270110520468150857851331470572870967899340905283026456227989497173495420429869109288964717350806615898102836894298517
-0.4127070298043947370477021860733674718905343437819613969478443189362506798703162680275026399443360092117908937675360421755334141
-0.4275550934302820943209668568887985343045786293424586393648472046518438249098519379985739495457378037624943453661015350997872509
-0.4422886902190012819952389773242447301569292055711623721505721010712386032512180426548316672757029424059835121967187748634117297
-0.456903875630420676563535806128934178047780703728866314120523927061964175980147332998597036857291412586779029207919650000568722
-0.471396736825997648556387625905254377657460318932480621401614031008835221665161752907563196887912117745358254888955186136839218
-0.4857633937163400562690533100912842493454093510115336213777679071316407910578055634723141376246640317353808700668178135161511239
-0.5
-0.514102744193221726593693838968815772608049120416217804287936453986037927274220118334576566828901794058965370277521855366101435
-0.5280678506503679958734488203376055682261806342206502746320733975908392366263187361632568637277182515335523710186457913695542578
-0.5418915805747517161512357986301665163954229109757454802222931466236457299720100708325922074091027584543852460933724018943693033
-0.555570233019602224742830813948532874374937190754804045924153528202949247577480068383124880351263934355537945824928208146300649
-0.5691001458788982306107668803615459485854039514791638678411746154402957312398306569011276468723852371594182118614245528247049233
-0.5824776968678021491971347670361124496849405249478956648857686468486394870242702699450264443253123810759335993507621561706083724
-0.5956993044924333434670365288299698895119263384375047868977947345129738936287256664315349110825853769003100949115109402206769594
-0.6087614290087206394160975428981640045163937119624752300249739679013760344449928395262516481109938502089543912735313835483999889
-0.6216605733700774080377414941606108129562150044572219891805994726881078857834902449510492938571888402083182674694057567016340328
-0.6343932841636454982151716132254933706756870948417216064338247186966867261235483941717674035365368534697200773200211345837390831
-0.6469561525348573653980241297909102505537619238210225418261718878207724033648008021586970612294160916701928686195013338373525813
-0.6593458151000688684251246120553374509154692728858069400953745842519938732933739539577293372327956053871090389442641237537548445
-0.6715589548470184006253768504274218032287506321997944988832130731094649118790014151672904931784041606634999442618036977416712558
-0.6835923020228712805134975943161551170438294990105886078499174248948845216710855169753305243492675500838120500398383625652078304
-0.6954426350096116511235162142482361226234510954591072063910151160180607434637538936563962830484743992556013328775068772393866207
-0.707106781186547524400844362104849039284835937688474036588339868995366239231053519425193767163820786367506923115456148512462418
-0.7185816177796980571964039700467297275389832708753820613751066925374185151086539424761973996792370801550068397485875318058266555
-0.7298640726978356573501011944031818828671477621437202699766810270201907574942573395462694164197702698969282761844487232517289985
-0.7409511253549590911756168974951627297289553093090900457364120438466825355639597576967103438140682232065883642126995332937542227
-0.7518398074789773964075194063769614427711412155449934806239783365560340849455394515260093523343205785181489287218873093728121063
-0.7625272039063880963725178330512204066037236868801520558735064038273418871355046957939688675040727782862663641757771175579303891
-0.7730104533627369608109066097584698009710412929008096093564028966879506053059873020379548140068698393742614841345656141239599016
-0.7832867492286503653980283002922932032551844552440860545712000925283871790067531902358794417920935420178051803952559630564950453
-0.7933533402912351645797769615012992766286759210519102342244807829454021822712787291005995658580524731922135787842764422883460448
-0.8032075314806449098066765129631419238795694271704608349765046543457740533480153272939564002841188636971250153578526552530010886
-0.8128466845916152165790961432719088000368377850940314996172883853249367785532134760734378477905263844580968767850733668453081817
-0.8222682189897751078384871952953600471809263158725159772769202664254297569699961508879345362775569468484265985833830368551534907
-0.831469612302545237078788377617905756738560811987249963446124590227637920144642343981774919007980650336002940238443449728869197
-0.8404484010944380210171478172775109385261699382857589043443378554434203482847612601361195234866656511984415982811490599466770228
-0.8492021815265788876490969373431002233934799934230317837544427329547479118317361043478180983606692043933601022209785567151503836
-0.8577286100002720699022699842847701370424907994337340186047185423495190873294644473503467443827372978075241933570661095405205681
-0.8660254037844386467637231707529361834714026269051903140279034897259665084544000185405730933786242878378130707077033515149849725
-0.8740903416267588515452419077689431872781557072699302434787892859683924171534870176357704611176621741786453102490266175867807809
-0.8819212643483550297127568636603883495084426206747279806325386167120666470450034970776205819055333733858182337103195704203212737
-0.8895160754218560352721027942201935968409153013115118245544604087125862878487220169583402905984663749525084592586146434079957803
-0.8968727415326883038941039363930811981791931159323039812781122409739848275910313092679829362695006411010656218266687233975056239
-0.9039892931234433315862002972305370487101320250506080496646735759958654405663192393572459493188167709686373412858922707859253344
-0.9108638249211758185732917071605506458979744582615320668745533651343240813423010128805489249368449440121710833115174690021834286
-0.9174944964474913079241514744140818291975833977855373697529336655534526126913243793750211685729547638714873265719484522866172364
-0.9238795325112867561281831893967882868224166258636424861150977312805350075011023587148399348503445960979630257822478830308691776
-0.9300172236840121170568784299390110229613997717734781214685939694207043466935290179418413235631986368303742362428938968181847121
-0.93590592675732570029170724946673536048618711342102377662054515516960962703239745346987429568672226107892615301157820889199205521
-0.94154406518302077841250940259950235718558979582518286754682587896999712036304969788460018905480368471883710456669721997808564725
-0.94693012949510566425580427485398368369883283329694828837848042605079740373146403175133466156841096024914099882742392113177790614
-0.95206267771392425710007127333280901845817523227478746121288296665110707366347946637647932316697519945327847280192377649775201796
-0.95694033573220886493579788698026996948284920563003726130120719988416014536816082495719342469627118199226984932961464079278561665
-0.96156179768296194714467813212420084585997405415921418741742753433211668150454099126002134115684535081171822066982951154981239913
-0.96592582628906828674974319972889736763390483900840455040234307631042321397985551634756174185807045188840211186438162153744592538
-0.97003125319454399260398420728610025145686596224807410098349745067991123925932768008907988489321252393921657027504611518647485584
-0.97387697927733364814968997013355039173530577733473971927058453802027741997054296382857418503861139692601020696653696003787104656
-0.97746197494357186338806771433680600726086505066371064631960921183189674548583019162063350949843268503825650902919169029436436779
-0.98078528040323044912618223613423903697393373089333609500291608854530651354960506391506498585330076325989486627987757846813109608
-0.98384600592707741608727734241005782103152870349224482587770282997313169672461121311815592570256757922685751415374254583935849506
-0.9866433320848790047469239329842060425036130187655810083669381691094310882643844064178356987615243139468770494763486300831204301
-0.98917650996478097345167373801624306398368953333690740101915036448498723986223411440032433858770904788893181781767462094436652983
-0.99144486137381041114455752692856287127773827444810227145877460352892206840508253176326543345327739735737867993502493944915599907
-0.9934477790194443955138516146151030365692134352274388774260973801357728433460752084745218220114818486353907565013212239101068111
-0.99518472667219688624483695310947992157547486872985706183361296578489016689458653797252908426964839028772449311829819834614178651
-0.99665523930918032493173373725034448288998258082162250720602182009213955614968259489970159641812304092191255722752608792449217414
-0.99785892323860350673806979127277760453186639632596641807472562927418785082869811103795654762696687676152145802164698300971237868
-0.9987954562051723927147716047591006944432036147046117943428170736856099059521574038311892442663941710411642753012920518949380253
-0.99946458747636564442983644624285994588364095315313089603368742859967445829148048907082006061563036927891062590760097750639347573
-0.99986613790956178286274714906010002195345847142775142566570436111767871833202568180689070445356582579434624034433966888225255887