0.99985424496927901700000137699120903910794620157838682592505580036645806619202935711188570960735214212004542912304535222062767141
0.99941702236617402894940172475499515052770999536336908049809756460092175070317575536423467789459489978631788346690492979697747229
0.99868845964547293079958208056211370134473362819007068528643147706419476188357310002255940866364290703564257133850905397026581546
0.99766876919053919845357828069927831663684542767507925897603737026297925931199087571224352660093909266828445334575397026545121697
0.99635824825140000142996906884103369248440849175856573975937051913031926707057380082082796580028677931585806325190308628733975367
0.99475727885809482917906367231236889925739033792308019809145026268470750246032250195197320654285470425014281335332687747202456413
0.99286632770930989079865544515744871982860277721904754365231080210855357077313897909996671097670915905532513760633139289177897146
0.99068594603633075234232296009620600513999918345482439066065130419979664491201480579692260427192696929740145379914552540937098428
0.98821676944235287089533582395037143900265332639879795713180893471593245511047829311344444521132502190142347205691678522503247463
0.98545951771719686801424982593655178112711060550605508815908332174920945362425913587192394289944288598849557064816121399465824429
0.9824149946274825548922153003143208547194183492530803651039861382926222830970446722565409250614243777935108688173901643829466088
0.97908408768232287563281488476023713498465583400019093761569251109063271087274302927558920784893386000035529304741881504368338184
0.97546776787460607120542314279380661515644608130176223207814060504618406758601081181223442083806513681696401303655494753147920698
0.97156708939794148293436955585770521367413261256625341511666893880272567005502743230296845365265768964162983051568853698612481087
0.9673831893393515086681211654666148034195730937546605646576470061689799830205860215389222263625666693968911134426029471450864161
0.96291728734779929501522359737323879935501845807334643917499265203315934883218397308490082038200959691878094136685974036500898523
0.95817068527864879315980307884712260410440401839735994836927745546514425638332885896536171254857045398847260303852083666614584299
0.95314476681416082172760374523544680616062926029688567469955849875458302184736979044887506029951825094136655482175682241767620139
0.94784099706013576591859162527280762200200662052326784652841418116785537311114899994296814216662871339269141167473395873127445949
0.94226092211882049561768422531797213362541506328548334333693272770870781334141988298159139863814247180185437924434448629994055571
0.93640616863820400441414869235278205742015790757279503374761950467794881587961333590908531431983708637197689754652674352392635827
0.93027844333783315438563017300813085744153349206898122515231307779858444073657463740563999602586583371097015074166767171088141238
0.92387953251128675612818318939678828682241662586364248611509773128053500750110235871483993485034459609796302578224788303086917758
0.91721130150545301784380544796561549369029417221140021679381945709754981250835456568863368054769512911105572553350732034780736688
0.91027569417676215934828479165514776499613068096299796975320040302533540410039839737175278310268246817746544928041260840772711887
0.90307473232453270466346000514355811459579726078704458608706745359258127373975223878014839626261679799276615794782954702766713267
0.89561051510159663845095822105198374694522250161629573245393019774163926655439233055129346295061222066054643748203181032439427931
0.8878852184023752349842692774195844835988809771857331950402626577791364688394636484705055984198094514127914114761228070354563868
0.87990109422858394171185120116325990537984815959573178027881451029448726378239791937464811684504407984303233421516663516455294557
0.87166047003275122081963167562062183527056371009107618163488218118366402335930488942560775128927043465491923624242651897942801001
0.8631657480397427196557371003897743001345221043256530209243880563084190162379520351297914011483014496795454741445059732271090127
0.85441940454648855254821561955025080004785563489489246514875861672714218532807272024715782542407156669039477087754504456745052616
0.84542398920011783055885756636643331478130533935233215719105931402752348371213320303680813416366279922000606519331801253592543708
0.83618212425471087022069762195505534161961466794307940627758762058206362308688287889276055238151531728937716466251159666563571665
0.82669650380688574546849622418283924325866642026462769384650587381884708798721123030059285904040096132564018231512984796244922176
0.81696989301044201697341403724498817724676059905727381527471388347797637807215477696047362648808110005976871335041706270137431385
0.80700512727029057813659496425000934654941067897395722821190727527473301616340114593959891921470630960452432744100928374535192966
0.79680511141590459530177864842294478583143999301986186542475005070555706819541495075343894064298953661337287667242718584078410046
0.78637281885453248955414588348557028327818694413800940568308872293312480584587331554599207127103074754298057618823218132795624224
0.77571129070441980704110101096953689558772273032391012075560931352920163669603364407943660419325937764173072643974603195277443613
0.76482363490829265236083064555910599401020415827780007079845752739964571607243685718851257317782067983248059090896402766679987892
0.75371302532736111351744095045362764929854116583520610092045461352044708651686102748262434701131700404178804952397276642845128278
0.74238270081610678555993100144264184839958953684966557268479207291635857372306607408041377042920886278144050614381329455290455215
0.73083596427812410165083311608358846440089028366249120566029645630487074668810984606685927580041724930856378360619871044799262725
0.71907618170329070331611129347485064253167674613527354542744388342639201180801914147122073783976411349051939197392368050757094786
0.70710678118654752440084436210484903928483593768847403658833986899536623923105351942519376716382078636750692311545614851246241803
0.69493125192857462420870799530287249345886361979148654978057589576162330290030706579725403760667680088477620173013911980575246015
0.68255314321865408287453754537254057809877075729066644435432795499263307826859782836948455272756307152616592468087235506328250156
0.66997606340001646466983654401597442350203029641122655353128521414821204740834625011873870577097163816292949327224886724936744348
0.65720367881797246115728382768907701093952805352864437668499605139502939343380156767612208734123729298170724058703960145013182386
0.64423971275113634440357217733358436296329736527858051068799517789988504310555369904279689348925949644606776854943078639773240311
0.63108794432605278936740013014331057420082924774022172267785922705739394159412189391369039072604827458455884759842218921049969548
0.6177522074155434626643101017476846837415629910536044249401930640220425148178753849157203324780935223873917684897657462910308288
0.60423638952109452076196973228847346644905772779848499282485891742317996576709021918882918732885212394052178832740179804946286242
0.59054443063961081289496585926155270202668913426212972940568793550927958425487551089228841101558692017526914585648999976984783608
0.57668032211486714125104827526685282397887635596604848240693076543002488920055411035707325981086274023281703192310722417220771023
0.56264810547399139194253547136963375609729032014923762775077383851621871474590693437093388981913854977993532727898769011764373078
0.54845187124931871363686165549211982828365072423988698293201608681780373771922408627221508103201234439710086681398651925343811554
0.53409575778596018520704005057378418515650200579112368177030893837427474778730118258906101381557629756251971347720514118399835385
0.5195839500354335781330010113237876331492792192280613038393910784405050279889020711861075240130063258618642300172415866923833437
0.50492067833570788242437904317113700540766882702533188696938233776919910318306653771829706238624229225970645414901813107867817244
0.49011021717801722535995343452843152544180974280099507554746127066760448088632683422255629277685977123278135138412202067135943003
0.47515688396080366919406014530696709447151275573808449106073190138419309399629275236208870090022711904471578789063750966466100981
0.4600650377311521260415757598109517955579264670374497717604477684076755670821542318744664300196804840028168724946698835663629789
0.44483907791408427432676409550714487774965191199573543855748748460817354857413387968920850494226790703818737869084289599890820904
0.4294834430300819004044761443765364092055853286339811453246861139244088542275129915312374827066912799195817194166381223687986766
0.4140026094012135202031852380930644875649065667734931149742795247847166076242523632904302483884331821238898699215250300305975064
0.3984010898462414579978803999696789656499678409303454918130064526251436321924367473709306012916403176770588459709570506762270599
0.3826834323650897717284599840303988667613445624856270414338006356275460339600896922370137853422835471484242886614935559007560102
0.3668542188130565156995449132831306900092298765003596576159440246369840124441273745096358023342928316230002332808018671212857243
0.3509180635651568211264708997145700520285587188985116743663807714057901426968681958856243460040993153378418820550379839884424091
0.3348796121709861519581150708478901575074209905114080600850431539292833152268053278162892397693819308324399220274368336296918014
0.3187435400004958568714999367743901466669245433039547955963987821709239956515901353185840221211825775159050403796603658539714601
0.3025145508810757874902189631473865052465905266960310653911766894107164349128703745818195025501342597222027058493597909551397776
0.2861973757263412869563872203317928496304283375103407706081633648073926883144263197961200531325679821500365035950823905678687232
0.2697967711570242712453285226025705364752767484344268207378646612511474947347143226456526417279563349734467827333487496797436392
0.2533175181143704273486201762362583159552153134534981611377712091273191182044953544095082145674218293496424100421982138141331705
0.2367644204664467369934485993258031509443733801550432961708524789623255377593984734390433848657012163516802432940397768229685188
0.2201423036077656012776675897040473010668890819765135826411226876766267168680415469373852392603287382735161587298066206300026827
0.2034560130526337898780287220615784267778336668900969239623685354038967117575478971015436714861400427648646729658439433508238026
0.1867104130226362677658275890524871961191168364045576710294245162469889938461223926100195801461501825771571607805735708499841704
0.1699103850286666621064277790456711366916734434074530830218888240556010589375525176766816410789663489766796576126881609739207285
0.1530608264479177217283795461287218675376992396871491001580223257275823551491862646713066540091978310258132528335129066963780533
0.1361666490962465907607258333878729914503702438152028761981390859253965428691257340813256527790817490812724222419162914460857738
0.1192327777963310663252943227027543254060609154510880887750197714876636024077129277608980812627621749162469639445084350290653413
0.1022641489420342371412709255326958104552964930013221121665604288554994515640146519299839059405882863949888080791360538791445208
0.0852657090593960051944633545395335400397297306498041404046425333849502365610046908244108894365856326532594014951014783563011693
0.0682424133646709759211884790224590239330915517188607736988415333786505927247941969391979114463386147875783226628480314010764955
0.0511992243198330633700129460865347631184282996020634030102073497120528758255996949711138754705702323163938171478593093571998867
0.0341411101859678952826490054732042317648179290989408967993444847290232258468954516770488428798666794681977838812009439125460696
0.0170730435749747187628828207732573118880586899126428778841096237741219836494185551999891344267413824171333211989735400955291637
0.e-127
-0.0170730435749747187628828207732573118880586899126428778841096237741219836494185551999891344267413824171333211989735400955291637
-0.0341411101859678952826490054732042317648179290989408967993444847290232258468954516770488428798666794681977838812009439125460696
-0.0511992243198330633700129460865347631184282996020634030102073497120528758255996949711138754705702323163938171478593093571998867
-0.0682424133646709759211884790224590239330915517188607736988415333786505927247941969391979114463386147875783226628480314010764955
-0.0852657090593960051944633545395335400397297306498041404046425333849502365610046908244108894365856326532594014951014783563011693
-0.1022641489420342371412709255326958104552964930013221121665604288554994515640146519299839059405882863949888080791360538791445208
-0.1192327777963310663252943227027543254060609154510880887750197714876636024077129277608980812627621749162469639445084350290653413
-0.1361666490962465907607258333878729914503702438152028761981390859253965428691257340813256527790817490812724222419162914460857738
-0.1530608264479177217283795461287218675376992396871491001580223257275823551491862646713066540091978310258132528335129066963780533
-0.1699103850286666621064277790456711366916734434074530830218888240556010589375525176766816410789663489766796576126881609739207285
-0.1867104130226362677658275890524871961191168364045576710294245162469889938461223926100195801461501825771571607805735708499841704
-0.2034560130526337898780287220615784267778336668900969239623685354038967117575478971015436714861400427648646729658439433508238026
-0.2201423036077656012776675897040473010668890819765135826411226876766267168680415469373852392603287382735161587298066206300026827
-0.2367644204664467369934485993258031509443733801550432961708524789623255377593984734390433848657012163516802432940397768229685188
-0.2533175181143704273486201762362583159552153134534981611377712091273191182044953544095082145674218293496424100421982138141331705
-0.2697967711570242712453285226025705364752767484344268207378646612511474947347143226456526417279563349734467827333487496797436392
-0.2861973757263412869563872203317928496304283375103407706081633648073926883144263197961200531325679821500365035950823905678687232
-0.3025145508810757874902189631473865052465905266960310653911766894107164349128703745818195025501342597222027058493597909551397776
-0.3187435400004958568714999367743901466669245433039547955963987821709239956515901353185840221211825775159050403796603658539714601
-0.3348796121709861519581150708478901575074209905114080600850431539292833152268053278162892397693819308324399220274368336296918014
-0.3509180635651568211264708997145700520285587188985116743663807714057901426968681958856243460040993153378418820550379839884424091
-0.3668542188130565156995449132831306900092298765003596576159440246369840124441273745096358023342928316230002332808018671212857243
-0.3826834323650897717284599840303988667613445624856270414338006356275460339600896922370137853422835471484242886614935559007560102
-0.3984010898462414579978803999696789656499678409303454918130064526251436321924367473709306012916403176770588459709570506762270599
-0.4140026094012135202031852380930644875649065667734931149742795247847166076242523632904302483884331821238898699215250300305975064
-0.4294834430300819004044761443765364092055853286339811453246861139244088542275129915312374827066912799195817194166381223687986766
-0.444839077914084274326764095507144877749651911995735438557487484608173548574133879689208504942267907038187378690842895998908209
-0.4600650377311521260415757598109517955579264670374497717604477684076755670821542318744664300196804840028168724946698835663629789
-0.4751568839608036691940601453069670944715127557380844910607319013841930939962927523620887009002271190447157878906375096646610098
-0.49011021717801722535995343452843152544180974280099507554746127066760448088632683422255629277685977123278135138412202067135943
-0.5049206783357078824243790431711370054076688270253318869693823377691991031830665377182970623862422922597064541490181310786781724
-0.5195839500354335781330010113237876331492792192280613038393910784405050279889020711861075240130063258618642300172415866923833437
-0.5340957577859601852070400505737841851565020057911236817703089383742747477873011825890610138155762975625197134772051411839983539
-0.5484518712493187136368616554921198282836507242398869829320160868178037377192240862722150810320123443971008668139865192534381155
-0.5626481054739913919425354713696337560972903201492376277507738385162187147459069343709338898191385497799353272789876901176437308
-0.5766803221148671412510482752668528239788763559660484824069307654300248892005541103570732598108627402328170319231072241722077102
-0.5905444306396108128949658592615527020266891342621297294056879355092795842548755108922884110155869201752691458564899997698478361
-0.6042363895210945207619697322884734664490577277984849928248589174231799657670902191888291873288521239405217883274017980494628624
-0.6177522074155434626643101017476846837415629910536044249401930640220425148178753849157203324780935223873917684897657462910308288
-0.6310879443260527893674001301433105742008292477402217226778592270573939415941218939136903907260482745845588475984221892104996955
-0.6442397127511363444035721773335843629632973652785805106879951778998850431055536990427968934892594964460677685494307863977324031
-0.6572036788179724611572838276890770109395280535286443766849960513950293934338015676761220873412372929817072405870396014501318239
-0.6699760634000164646698365440159744235020302964112265535312852141482120474083462501187387057709716381629294932722488672493674435
-0.6825531432186540828745375453725405780987707572906664443543279549926330782685978283694845527275630715261659246808723550632825016
-0.6949312519285746242087079953028724934588636197914865497805758957616233029003070657972540376066768008847762017301391198057524602
-0.707106781186547524400844362104849039284835937688474036588339868995366239231053519425193767163820786367506923115456148512462418
-0.7190761817032907033161112934748506425316767461352735454274438834263920118080191414712207378397641134905193919739236805075709479
-0.7308359642781241016508331160835884644008902836624912056602964563048707466881098460668592758004172493085637836061987104479926272
-0.7423827008161067855599310014426418483995895368496655726847920729163585737230660740804137704292088627814405061438132945529045522
-0.7537130253273611135174409504536276492985411658352061009204546135204470865168610274826243470113170040417880495239727664284512828
-0.7648236349082926523608306455591059940102041582778000707984575273996457160724368571885125731778206798324805909089640276667998789
-0.7757112907044198070411010109695368955877227303239101207556093135292016366960336440794366041932593776417307264397460319527744361
-0.7863728188545324895541458834855702832781869441380094056830887229331248058458733155459920712710307475429805761882321813279562422
-0.7968051114159045953017786484229447858314399930198618654247500507055570681954149507534389406429895366133728766724271858407841005
-0.8070051272702905781365949642500093465494106789739572282119072752747330161634011459395989192147063096045243274410092837453519297
-0.8169698930104420169734140372449881772467605990572738152747138834779763780721547769604736264880811000597687133504170627013743139
-0.8266965038068857454684962241828392432586664202646276938465058738188470879872112303005928590404009613256401823151298479624492218
-0.8361821242547108702206976219550553416196146679430794062775876205820636230868828788927605523815153172893771646625115966656357166
-0.8454239892001178305588575663664333147813053393523321571910593140275234837121332030368081341636627992200060651933180125359254371
-0.8544194045464885525482156195502508000478556348948924651487586167271421853280727202471578254240715666903947708775450445674505262
-0.8631657480397427196557371003897743001345221043256530209243880563084190162379520351297914011483014496795454741445059732271090127
-0.87166047003275122081963167562062183527056371009107618163488218118366402335930488942560775128927043465491923624242651897942801
-0.8799010942285839417118512011632599053798481595957317802788145102944872637823979193746481168450440798430323342151666351645529456
-0.8878852184023752349842692774195844835988809771857331950402626577791364688394636484705055984198094514127914114761228070354563868
-0.8956105151015966384509582210519837469452225016162957324539301977416392665543923305512934629506122206605464374820318103243942793
-0.9030747323245327046634600051435581145957972607870445860870674535925812737397522387801483962626167979927661579478295470276671327
-0.9102756941767621593482847916551477649961306809629979697532004030253354041003983973717527831026824681774654492804126084077271189
-0.9172113015054530178438054479656154936902941722114002167938194570975498125083545656886336805476951291110557255335073203478073669
-0.9238795325112867561281831893967882868224166258636424861150977312805350075011023587148399348503445960979630257822478830308691776
-0.9302784433378331543856301730081308574415334920689812251523130777985844407365746374056399960258658337109701507416676717108814124
-0.93640616863820400441414869235278205742015790757279503374761950467794881587961333590908531431983708637197689754652674352392635827
-0.94226092211882049561768422531797213362541506328548334333693272770870781334141988298159139863814247180185437924434448629994055571
-0.94784099706013576591859162527280762200200662052326784652841418116785537311114899994296814216662871339269141167473395873127445949
-0.95314476681416082172760374523544680616062926029688567469955849875458302184736979044887506029951825094136655482175682241767620139
-0.95817068527864879315980307884712260410440401839735994836927745546514425638332885896536171254857045398847260303852083666614584299
-0.96291728734779929501522359737323879935501845807334643917499265203315934883218397308490082038200959691878094136685974036500898523
-0.9673831893393515086681211654666148034195730937546605646576470061689799830205860215389222263625666693968911134426029471450864161
-0.97156708939794148293436955585770521367413261256625341511666893880272567005502743230296845365265768964162983051568853698612481087
-0.97546776787460607120542314279380661515644608130176223207814060504618406758601081181223442083806513681696401303655494753147920698
-0.97908408768232287563281488476023713498465583400019093761569251109063271087274302927558920784893386000035529304741881504368338184
-0.9824149946274825548922153003143208547194183492530803651039861382926222830970446722565409250614243777935108688173901643829466088
-0.98545951771719686801424982593655178112711060550605508815908332174920945362425913587192394289944288598849557064816121399465824429
-0.98821676944235287089533582395037143900265332639879795713180893471593245511047829311344444521132502190142347205691678522503247463
-0.99068594603633075234232296009620600513999918345482439066065130419979664491201480579692260427192696929740145379914552540937098428
-0.99286632770930989079865544515744871982860277721904754365231080210855357077313897909996671097670915905532513760633139289177897146
-0.99475727885809482917906367231236889925739033792308019809145026268470750246032250195197320654285470425014281335332687747202456413
-0.99635824825140000142996906884103369248440849175856573975937051913031926707057380082082796580028677931585806325190308628733975367
-0.99766876919053919845357828069927831663684542767507925897603737026297925931199087571224352660093909266828445334575397026545121697
-0.99868845964547293079958208056211370134473362819007068528643147706419476188357310002255940866364290703564257133850905397026581546
-0.99941702236617402894940172475499515052770999536336908049809756460092175070317575536423467789459489978631788346690492979697747229
-0.99985424496927901700000137699120903910794620157838682592505580036645806619202935711188570960735214212004542912304535222062767141