0.99675730813420998558524122397576005323916750289898609273080733608214812539680512697340750978162159450325651175834144858349450598
0.98705026263791286379068002822439590593212529031930527033859044259045464057681173878690932429552692867112223550997876161967254386
0.97094181742605202715698227629378922724986510573900358858764452647704170876000667693257460640838426155443820549750099192544630485
0.94853644194714552616490978364748287630465709736641124631462274476403780567461279319823861086004916755177257636438325917607296101
0.91997944365882420313338060398920481382328780197246494317144202629316025132375258059253181144093266075710281034519689841576761428
0.88545602565320989590037552201509887860549841634753490180240380872675755703372786253388229791324747361556849132495238894703821912
0.84519008554379475253842104615779959813952259130270789815976254156374821165997907528530756244033302332627536023128202636119939191
0.79944276340350114978431291653666123154960664274489353837449320227636567130669238347677946329589254696118287476720789872272247148
0.74851074817110109863463059970135138384645159017582613406963123914733170735443682609394441399748258297252225198785126826049277026
0.69272435350959939260236403232863678904723474927390443311014750920621285042673818494717138388075654702051150919868657311611072661
0.6324453755953772378210421356243774316157698582055105169168510739036942405992762904384294487418620206780123541130532580735968515
0.56806474673115580251180755912751662453349255245351816947966250156758167904119089172536424990124416510858191197933637509193140555
0.5
0.4286925614030541830734336648482434287056749504454679232511448345145664463556142352480432598803774293946745997790050734915631004
0.3546048870425356259696378926000184743163554321137947534217393686867603999775354483484798755536649079931098813969255035460756924
0.2782174639164526345546182439651524382026303564650991554774970172708288583332684919854032225276277145339266962988144188093355782
0.2000256937760444275302791839461314924582055071905851122449915056167060983201759671042941968625665845792503243765319909155801908
0.1205366802553230533490676874525435822736811592275714047969488240167945800170601971157523481450401137959199355779889996930451428
0.0402659401094151433619544758572992804659758250448270036426412671630093453737487872485747354729144502892931310936703625858388272
-0.0402659401094151433619544758572992804659758250448270036426412671630093453737487872485747354729144502892931310936703625858388272
-0.1205366802553230533490676874525435822736811592275714047969488240167945800170601971157523481450401137959199355779889996930451428
-0.2000256937760444275302791839461314924582055071905851122449915056167060983201759671042941968625665845792503243765319909155801908
-0.2782174639164526345546182439651524382026303564650991554774970172708288583332684919854032225276277145339266962988144188093355782
-0.3546048870425356259696378926000184743163554321137947534217393686867603999775354483484798755536649079931098813969255035460756924
-0.4286925614030541830734336648482434287056749504454679232511448345145664463556142352480432598803774293946745997790050734915631004
-0.5
-0.5680647467311558025118075591275166245334925524535181694796625015675816790411908917253642499012441651085819119793363750919314055
-0.6324453755953772378210421356243774316157698582055105169168510739036942405992762904384294487418620206780123541130532580735968515
-0.6927243535095993926023640323286367890472347492739044331101475092062128504267381849471713838807565470205115091986865731161107266
-0.7485107481711010986346305997013513838464515901758261340696312391473317073544368260939444139974825829725222519878512682604927703
-0.7994427634035011497843129165366612315496066427448935383744932022763656713066923834767794632958925469611828747672078987227224715
-0.8451900855437947525384210461577995981395225913027078981597625415637482116599790752853075624403330233262753602312820263611993919
-0.8854560256532098959003755220150988786054984163475349018024038087267575570337278625338822979132474736155684913249523889470382191
-0.9199794436588242031333806039892048138232878019724649431714420262931602513237525805925318114409326607571028103451968984157676143
-0.94853644194714552616490978364748287630465709736641124631462274476403780567461279319823861086004916755177257636438325917607296101
-0.97094181742605202715698227629378922724986510573900358858764452647704170876000667693257460640838426155443820549750099192544630485
-0.98705026263791286379068002822439590593212529031930527033859044259045464057681173878690932429552692867112223550997876161967254386
-0.99675730813420998558524122397576005323916750289898609273080733608214812539680512697340750978162159450325651175834144858349450598