0.99956900622699839586168501933801292987492946799587307212689832395280493363697704693589187954267692040962669415516516907004564696
0.99827639641925831576329257650670996634701754596550422895987101667238858959435297610461148705801792988587980898829738638717504475
0.99612328479033587325532236607773129319963145923815705253178792101950763223536976816124255401479814566691987172591601987846859965
0.99311152729564035416439388014803626916680618597876410892806818353025470415457904245127979836454777236698985727596188936934105432
0.98924372003262376785157668965657298198740325682982183038110559888538352076500088628905960294609419440813605754868288523918969487
0.98452319700297717536965952821250553869859143818456139834387423509305755838862357424825632615892757642686761100618176929481593345
0.9789540272387627534148868628485911449144400432122246315610021054697511140956229845301644087215899129776541484210857239554414187
0.97254101129495883244289449939398163303816639202717494537005115666920125464265992275886325586080054150722313311732361420830862934
0.96528967711144129144415544355626496833373658584889655351292370452599395715904717192900958763712105041118879791776082730520923337
0.95720627524796822988176914982228225408516226837009680805001892758777259807163109188963508558351686870068145259198976423185941718
0.94829777349627530066089817564571346687790387879558798597234849604716149714389527894704214214383728890315379072956400853655181398
0.93857185087392601085188514921551400805589844677845332824226014469518583488832206728880308569621497185532100608998644926147997008
0.92803689100509421640725763857440063489269524844028005848421618367073990619714277697881007159334422653734474751521008660631507407
0.9167019748939844939264612893766161069354409966641112498424671088802859928272898972636247350980645831318523477487486519825983335
0.90457687309711961110806052614474767383120232201845665904757358312958665779521784288296288080410669634740313261990315655230277913
0.89167203730124248660357029049999816419568257438177611926120108334408768590548646473024508910769358185621336459336343888460273721
0.87799859131409238289474284184749309378566094165733194511532572992772326806700098925528526397002797925414424660257628342713066629
0.86356832147582117091520500947035735697005058154672434807281521418864644366779749845711893495874500963754824643798103777211890115
0.84839366649931490618015096714823938662825809113781238880245868493823498860235431967195953003783308468628723275448386133944860947
0.83248770674817823269686423930661065515394847899948645659541445202320096205704539420767783650470870246800581085044991313064839229
0.81586415296162385856795023422124389968441048736640622882171375959388284992917556676708753439722024255325244917900836014153360674
0.79853733443598610813911902067050143297139141977882393873831978708564730020642798139250846594863955654033313489368418223921592783
0.7805221866730459388221746547043181266871533078596145648433133541155544653361001081256204065625400770484838768703355723499020635
0.76183423850581441260098902683390268414784979796539180149118326322678876242951433372206923688788939386387358020920829418374473823
0.74248959871287203653257073836929540204734514736857021459174776841751173354913959797888028438287791308584733958463986187312544304
0.72250494213280224502674217703596169542288135186507679623914441760106798318105184424178593003365196961230601151549947743935828449
0.70189749529068820931189884728089075751751339557827883356233242845512353255852361222003083687797787765401271875783544387454008207
0.68068502154906275482952884998641906265823819589409282112346930512450544029287753401718987695927107191091590516796252500049205677
0.65888580579611108279867634689196814507671236803158241142505643199266895523093827330661819354271690871127446354610910396051735009
0.63651863868432487451128626106256421175089875485110267954385047312533961845216489757741253987596718360169488925197518834500473259
0.61360280043319386222877640792425255107307372668408593275170855739102753601046958370264522929148961967123046182941306603533412649
0.59015804420989674482449700108146489813093970187708809680516434632315078177925010662557048817796603517256352322192588966147703516
0.56620457910231708562597171557445731960936758327160990414618197529890196771894064983634196043709731047128519592990226300886091918
0.54176305269906124069897491578273458439860770341288925824337491918786185510107368567240695494403319429956671460839526820326426988
0.51685453329149412517086334037528109585410363240329785495754792100754684317949125777767050332082615901760756628329954390186782956
0.49150049171313444110680206697865588337388340233117560286165114428195941248576808003897597656022229186488733375593607505273137164
0.46572278283206358208034188199580228818692862293382868792953451730403194289504008511736886450409078029118331360051723173575722664
0.4395436267123015274691280928767474396431947360663204913444260880273416014925455405833211585134834461951164395462608755818127633
0.4129855894603883858386937089212306842000069217640259659630903509281466602363628493834321965256272944555071566012574860630810701
0.3860715637736815955873281516579876067820895840884203107450513395107796766485458293863256842164227639217537168431414820639914309
0.358824749207135908413621361247041745084646861233968782166620917507222188986184496379665101999522005301364955773823787893217269
0.3312686321755759455034754996186924485852581941782817164135886681525979291646276420872263029194119363065769533786153707848136255
0.3034269657086991184415176192557471470388950255765362663616061049263781845406940736316094653807520728521307796912636556946690917
0.275323748976259850197958988480243596434940494985745842551210497803816611111315934550922883805468680674981980994878448607729696
0.2469832066010841323991203775495775561802210729046044065109003781315692375060583422667968990174151897836376292687114850309221623
0.2184297677777463426976057785844832075782453024534305690803567707007155242428398135950324579037370070578421621917401446026834006
0.1896880452149077627696195461716014033539885943490753496714947103092552824317091401867165176311154735828757672241486007502610916
0.1607828139194682388848647332072383494038737728250611214206601954705179813418031294647548513912408040042103067588358559283106612
0.1317389898408187820955042166647434707434381360286015354075404087841790771197927771388153015929985369379042587618074433584150265
0.1025816083936034963384121266937150133061616170539128277716163561445794723788939987472559029554278086584217534781288732960709813
0.0733358028775039461912373958255713495184865927348040759478458446205888250588988275385150138528701193331651921264858751151544064
0.0440267828126478413973374528415706812506051500185405156539655837474741778116648276262675316824090428642324525879394144034868341
0.0146798122093166460627708315347042323036713172786741890991989178477489943330048017898996464379126440332376520855044772198739214
-0.0146798122093166460627708315347042323036713172786741890991989178477489943330048017898996464379126440332376520855044772198739214
-0.0440267828126478413973374528415706812506051500185405156539655837474741778116648276262675316824090428642324525879394144034868341
-0.0733358028775039461912373958255713495184865927348040759478458446205888250588988275385150138528701193331651921264858751151544064
-0.1025816083936034963384121266937150133061616170539128277716163561445794723788939987472559029554278086584217534781288732960709813
-0.1317389898408187820955042166647434707434381360286015354075404087841790771197927771388153015929985369379042587618074433584150265
-0.1607828139194682388848647332072383494038737728250611214206601954705179813418031294647548513912408040042103067588358559283106612
-0.1896880452149077627696195461716014033539885943490753496714947103092552824317091401867165176311154735828757672241486007502610916
-0.2184297677777463426976057785844832075782453024534305690803567707007155242428398135950324579037370070578421621917401446026834006
-0.2469832066010841323991203775495775561802210729046044065109003781315692375060583422667968990174151897836376292687114850309221623
-0.275323748976259850197958988480243596434940494985745842551210497803816611111315934550922883805468680674981980994878448607729696
-0.3034269657086991184415176192557471470388950255765362663616061049263781845406940736316094653807520728521307796912636556946690917
-0.3312686321755759455034754996186924485852581941782817164135886681525979291646276420872263029194119363065769533786153707848136255
-0.358824749207135908413621361247041745084646861233968782166620917507222188986184496379665101999522005301364955773823787893217269
-0.3860715637736815955873281516579876067820895840884203107450513395107796766485458293863256842164227639217537168431414820639914309
-0.4129855894603883858386937089212306842000069217640259659630903509281466602363628493834321965256272944555071566012574860630810701
-0.4395436267123015274691280928767474396431947360663204913444260880273416014925455405833211585134834461951164395462608755818127633
-0.4657227828320635820803418819958022881869286229338286879295345173040319428950400851173688645040907802911833136005172317357572266
-0.4915004917131344411068020669786558833738834023311756028616511442819594124857680800389759765602222918648873337559360750527313716
-0.5168545332914941251708633403752810958541036324032978549575479210075468431794912577776705033208261590176075662832995439018678296
-0.5417630526990612406989749157827345843986077034128892582433749191878618551010736856724069549440331942995667146083952682032642699
-0.5662045791023170856259717155744573196093675832716099041461819752989019677189406498363419604370973104712851959299022630088609192
-0.5901580442098967448244970010814648981309397018770880968051643463231507817792501066255704881779660351725635232219258896614770352
-0.6136028004331938622287764079242525510730737266840859327517085573910275360104695837026452292914896196712304618294130660353341265
-0.6365186386843248745112862610625642117508987548511026795438504731253396184521648975774125398759671836016948892519751883450047326
-0.6588858057961110827986763468919681450767123680315824114250564319926689552309382733066181935427169087112744635461091039605173501
-0.6806850215490627548295288499864190626582381958940928211234693051245054402928775340171898769592710719109159051679625250004920568
-0.7018974952906882093118988472808907575175133955782788335623324284551235325585236122200308368779778776540127187578354438745400821
-0.7225049421328022450267421770359616954228813518650767962391444176010679831810518442417859300336519696123060115154994774393582845
-0.742489598712872036532570738369295402047345147368570214591747768417511733549139597978880284382877913085847339584639861873125443
-0.7618342385058144126009890268339026841478497979653918014911832632267887624295143337220692368878893938638735802092082941837447382
-0.7805221866730459388221746547043181266871533078596145648433133541155544653361001081256204065625400770484838768703355723499020635
-0.7985373344359861081391190206705014329713914197788239387383197870856473002064279813925084659486395565403331348936841822392159278
-0.8158641529616238585679502342212438996844104873664062288217137595938828499291755667670875343972202425532524491790083601415336067
-0.8324877067481782326968642393066106551539484789994864565954144520232009620570453942076778365047087024680058108504499131306483923
-0.8483936664993149061801509671482393866282580911378123888024586849382349886023543196719595300378330846862872327544838613394486095
-0.8635683214758211709152050094703573569700505815467243480728152141886464436677974984571189349587450096375482464379810377721189012
-0.8779985913140923828947428418474930937856609416573319451153257299277232680670009892552852639700279792541442466025762834271306663
-0.8916720373012424866035702904999981641956825743817761192612010833440876859054864647302450891076935818562133645933634388846027372
-0.9045768730971196111080605261447476738312023220184566590475735831295866577952178428829628808041066963474031326199031565523027791
-0.9167019748939844939264612893766161069354409966641112498424671088802859928272898972636247350980645831318523477487486519825983335
-0.9280368910050942164072576385744006348926952484402800584842161836707399061971427769788100715933442265373447475152100866063150741
-0.93857185087392601085188514921551400805589844677845332824226014469518583488832206728880308569621497185532100608998644926147997008
-0.94829777349627530066089817564571346687790387879558798597234849604716149714389527894704214214383728890315379072956400853655181398
-0.95720627524796822988176914982228225408516226837009680805001892758777259807163109188963508558351686870068145259198976423185941718
-0.96528967711144129144415544355626496833373658584889655351292370452599395715904717192900958763712105041118879791776082730520923337
-0.97254101129495883244289449939398163303816639202717494537005115666920125464265992275886325586080054150722313311732361420830862934
-0.9789540272387627534148868628485911449144400432122246315610021054697511140956229845301644087215899129776541484210857239554414187
-0.98452319700297717536965952821250553869859143818456139834387423509305755838862357424825632615892757642686761100618176929481593345
-0.98924372003262376785157668965657298198740325682982183038110559888538352076500088628905960294609419440813605754868288523918969487
-0.99311152729564035416439388014803626916680618597876410892806818353025470415457904245127979836454777236698985727596188936934105432
-0.99612328479033587325532236607773129319963145923815705253178792101950763223536976816124255401479814566691987172591601987846859965
-0.99827639641925831576329257650670996634701754596550422895987101667238858959435297610461148705801792988587980898829738638717504475
-0.99956900622699839586168501933801292987492946799587307212689832395280493363697704693589187954267692040962669415516516907004564696