0.99980480828849084167535194064725151006486177467832099230606064466793869556608034977642044489039132256297374883696558132024033587
0.99921930935357185045038851286611672721786795409573713040133180647353410301608358806895282563390253516883457633838592956609513122
0.99824373176432141357951047900477504395766137885401005874285106379264121424802340625732018757611995706840134289187035477075033004
0.99687845637005824260558030129229886199290443745611678894260421957942119212112157392151497680463473452911529423598271715417155227
0.99512401615166411266711620617392532864154049596505130438769262731759298126186460546111420980933006992411750356420298551549615203
0.99298109601351696146759286937365743810055037537944108449351962485648297686709808458026252399079760508613690725395018664874149531
0.99045053251611557377588989939929982395797284724643197152896973784385592658702292959676602696719550453556900793904269638108050012
0.98753331354950023034878343678578783241386341692453135314452215822515160102775858480302668317688336526633882395213128304890425773
0.98423057794759681244044160738404956194452630575282406714310820460068338735654192553977169627566219355515172048206165858450371631
0.98054361504363491556751260704812970701835568625618671474668334807749123675219649031806683886237483287403205750476230455941802694
0.97647386416681352992836574246667210439888945461381135358664007287477747441378418726580581551337133516139518006236478950673492759
0.97202291408041078085108596014438956640864015084079604609911675342011622628330035661678465188125613307681264544251278208728982678
0.96719250236155708191310642582263906145437088108418123115492840740757054341366696983871786144154084384795662837431012472583519675
0.96198451472291382701201216952188406352426041853031746375560058740700848627822723243490032317407136273815291729595055603556802581
0.95640098427652242678161045749423894085871300580166585998644312028126683096309644527962742214249753650889369184041695130926491962
0.95044409074011107048629001770111263301422857910261979758731808513439142771748297290373876181098268164517590294765803547058238575
0.94411615958616905807678729069780910683292347657189799530559674138402323102293224594987998591861839516847735109381595761172608737
0.93741966113412088968234592337621318430213518883573091987800687913474559330828152085765772349810468008807887092142552266223514129
0.93035720958595451272571827633955722728915502684956357532199115562688925889936169495089485899934460711930577558365263585499236401
0.92293156200568020140696236480535823575871270484580172483013416646266521002885847973472178955112836316439303944604376313335757415
0.91514561724301847089199229680749550548381691209082633539097407792001220409183439358848538534451494543123001129927557172046373401
0.90700241480173720060217726654096435055158879027633540155479917515960030495251803471182244947200509696496189320083724973633075203
0.89850513365307974903250206444602075272280312022050019841986075474672220153677220494940653336041896404268531928191591008961327719
0.88965709099474727809248368753031237342462339053559763531469317556043215246479086195595006720122591007480350277392964173376603035
0.88046174095591975969809407796923614956114006864249966858426650238437109573399047488857254988777793543845550560368215323608725645
0.87092267324882120294687244929774422788257122610829197338677458307562641987223767395955743236623125264816064301241167650344523483
0.86104361176735550845855950603012251312327634747336618942349976148660937404738338523615473218037139090188210874822501505024118694
0.85082841313336001921333119880868792461376360260107794538663679492413855648190125299270003218711235312874366630997810135062444681
0.84028106519104428640265650863267004299083728041529063033064132988270632159078669418611486691744506633528489543656940059449838789
0.82940568545020179644093008363510342226850084121763811994471942227566577174591133396594431237392858006520493819974231940498808196
0.81820651947880240347280370084299172659573237166207024514501503074289340806944934242517809725814503516549395870462782873219889092
0.80668793924559297264459988671279585568816336234293899204506300088561440724708261983689865999365705559003301892127017463686777982
0.79485444141335325537399575807677340224326376430722785594846729850213193581368105409247797946688032430551243539918829198973168814
0.78271064558347328123160570510778391806390175305767144324177598076634465192384514354272710505048751816303694644190275466140670139
0.77026129249253755432106392510440604749270827215036885033608355233217298306772408485727405507756876109697843914442665226784225966
0.75751124216162007779214927880261496509511865440301430712907280900503808367093132553116709923444613191456657742773654351025673459
0.74446547199901269103028006533817335685580850263706221084403116251167084593078473327960055166566430117487483204188719680923304647
0.73112907485712738292850233434951267600750726586799568441554873978655335836953497237584683741536031183659103885036554434752100395
0.71750725704433113436817558913268585489957970401447445305579307962856479704095406685484785167957868387931699290759839835695986725
0.70360533629248943662807402147613972445076766253072148208033495455684933177652010601747143844880056233228284102850303344109924056
0.68942873968101192304032249751348173972614391198272069615362771712436926485776624725931721861865280516317612353400692225174568886
0.67498300151821053206551127767393463284193233034761360299949583911738342081182681687528160311571231142325178197263802032639706479
0.66027376118079728443943802165949808616158904222174064897927423495995930002539137503892824555292305403132308565760126503246249201
0.64530676091236509864467321529313604639899375278559600126536448090835522912147131445574563354256121554703375071083656833401124674
0.63008784358171108130204572262230991274137170989441690185620544716231756373973473974140668058767842330149117681310045957221964009
0.61462295040187740590924587214409755334751831600064596635030579490476482552704520435447834864560568560070302060073650214626798991
0.59891811861080022855606895288514215221788217085962125715635069806899854782887933512443856309052782192314800868727954436929422135
0.58297947911447207683176344782755812546560468861319687100805387636512989686781375550327150375956678244985854895922675057796038851
0.56681325409353778225860066621554658513139736754999033661344258207141187362365013125008197644475628133376800192950803278342359131
0.55042575457425830152422832025248116091539488628450658610294299903385687543170927759560880897036458866511060633975589747098244795
0.53382337796479068197091069172466094970972532869478649777708268096824704397237007612688362868294116599708047272745419650134775876
0.51701260555774596680208650420165087696417021857991570812977475050607919134310178545198458294452893320142274224288768545180450065
0.5
0.48279220273074487487326543644560063310069155609840528417628589416185950422297856432443586194586238936155100659407789586843583522
0.46539593138878116847947782114145577750814262540095063262424912550528705904371351194206919695096136917175410361093173306474737245
0.44781797719006311205528215875229388304226649256950347263990806475878433881631412866171137860575536840329073655211445729976788209
0.430065202276520460346979635076752276861507069906126452329161637508009318497471442671433000359878453195347292306474684370747961
0.4121445370371920358353527583463672031759358073518544333796387509524630843940508499578427060497632874742589546049762349375357635
0.394062977402716732911523916488515285882668204519819827337168926787484429038218749455823960900269783162988898566670642279447274
0.3758275821142381678666440272552022706104545312457860051786639429390911010599777252422876783215898189348659873383061942348125102
0.3574454699677891490467377141634779196724917070301144512883167110628340372880238450616200025892049419648476471390308234766846176
0.3389238170352317137957683920909135155455325529672280658777437236923281582350706110840260627331009780081179697712250902504924696
0.3202698538628376311280745853886316208567666440344460657674091131175319367268051152791385933094517788427089718471610395269555349
0.3014908626486029978628544647927374715569571242661977505871442337573940536019573703905242123976590237381433980897267691803378628
0.2825941743993988578107634626309078266824962388580753499454890362957469614255341093574674332626033279136365219085058598355441379
0.2635871660690676452850324043464993370036032185534597490745934528507212116371468638212464229927402815156737873458070912847359562
0.2444772576785826926438365803891982086246807145158430106998075077784436892372731655800524714944926788588359243883521576786081586
0.2252719094193950438531081231447262648512057399336701755708943804947134725935614729037805847271372246723026529900514069617439157
0.2059786187410983794560099523629392761584200764655575867432869226227205817866982396241382101453183804703010709057708386613493393
0.1866049174245489802846380118951941417378048221688836881765239323789851473520009204187128866841722632539107736660794141014693528
0.1671583686415833353612819982718071368094269166853620695419233268025726102405574360003836684205359189911004317769988703943928816
0.1476465640024812314941125712317733092252532737918921320802151748605446069755165514081677539488570889562688291417498811935856626
0.128077120592326946032966606728584833515448940538573868881666867960533274215177425642243810084248038858880604046855471143625886
0.1084576779974254982473924100946996497956535497478873433459110770343977968447517737515867253508578898411969923780053970835959542
0.0887958953229347971293735656979726239558564186142651564097841444167068968830686922866443522138600617994679344962094210041318611
0.0690994482028779525915719808109173304543022790028620784751413324710564297908608709834622209864903839774803810821735906846251952
0.0493760258037029916898271788976423304337861101203070049840518456777258308740041677698352002837808437395186073373602411392676425
0.0296333278225597404847628791605482249473764660414217231976297074602325392520892218958725177006655823097118392937040518854628096
0.0098790614814656944883129432676217147592948786349257839632748215890170458248542887234027001858598617462785342641866614532040479
-0.0098790614814656944883129432676217147592948786349257839632748215890170458248542887234027001858598617462785342641866614532040479
-0.0296333278225597404847628791605482249473764660414217231976297074602325392520892218958725177006655823097118392937040518854628096
-0.0493760258037029916898271788976423304337861101203070049840518456777258308740041677698352002837808437395186073373602411392676425
-0.0690994482028779525915719808109173304543022790028620784751413324710564297908608709834622209864903839774803810821735906846251952
-0.0887958953229347971293735656979726239558564186142651564097841444167068968830686922866443522138600617994679344962094210041318611
-0.1084576779974254982473924100946996497956535497478873433459110770343977968447517737515867253508578898411969923780053970835959542
-0.128077120592326946032966606728584833515448940538573868881666867960533274215177425642243810084248038858880604046855471143625886
-0.1476465640024812314941125712317733092252532737918921320802151748605446069755165514081677539488570889562688291417498811935856626
-0.1671583686415833353612819982718071368094269166853620695419233268025726102405574360003836684205359189911004317769988703943928816
-0.1866049174245489802846380118951941417378048221688836881765239323789851473520009204187128866841722632539107736660794141014693528
-0.2059786187410983794560099523629392761584200764655575867432869226227205817866982396241382101453183804703010709057708386613493393
-0.2252719094193950438531081231447262648512057399336701755708943804947134725935614729037805847271372246723026529900514069617439157
-0.2444772576785826926438365803891982086246807145158430106998075077784436892372731655800524714944926788588359243883521576786081586
-0.2635871660690676452850324043464993370036032185534597490745934528507212116371468638212464229927402815156737873458070912847359562
-0.2825941743993988578107634626309078266824962388580753499454890362957469614255341093574674332626033279136365219085058598355441379
-0.3014908626486029978628544647927374715569571242661977505871442337573940536019573703905242123976590237381433980897267691803378628
-0.3202698538628376311280745853886316208567666440344460657674091131175319367268051152791385933094517788427089718471610395269555349
-0.3389238170352317137957683920909135155455325529672280658777437236923281582350706110840260627331009780081179697712250902504924696
-0.3574454699677891490467377141634779196724917070301144512883167110628340372880238450616200025892049419648476471390308234766846176
-0.3758275821142381678666440272552022706104545312457860051786639429390911010599777252422876783215898189348659873383061942348125102
-0.394062977402716732911523916488515285882668204519819827337168926787484429038218749455823960900269783162988898566670642279447274
-0.4121445370371920358353527583463672031759358073518544333796387509524630843940508499578427060497632874742589546049762349375357635
-0.430065202276520460346979635076752276861507069906126452329161637508009318497471442671433000359878453195347292306474684370747961
-0.4478179771900631120552821587522938830422664925695034726399080647587843388163141286617113786057553684032907365521144572997678821
-0.4653959313887811684794778211414557775081426254009506326242491255052870590437135119420691969509613691717541036109317330647473725
-0.4827922027307448748732654364456006331006915560984052841762858941618595042229785643244358619458623893615510065940778958684358352
-0.5
-0.5170126055577459668020865042016508769641702185799157081297747505060791913431017854519845829445289332014227422428876854518045007
-0.5338233779647906819709106917246609497097253286947864977770826809682470439723700761268836286829411659970804727274541965013477588
-0.5504257545742583015242283202524811609153948862845065861029429990338568754317092775956088089703645886651106063397558974709824479
-0.5668132540935377822586006662155465851313973675499903366134425820714118736236501312500819764447562813337680019295080327834235913
-0.5829794791144720768317634478275581254656046886131968710080538763651298968678137555032715037595667824498585489592267505779603885
-0.5989181186108002285560689528851421522178821708596212571563506980689985478288793351244385630905278219231480086872795443692942214
-0.6146229504018774059092458721440975533475183160006459663503057949047648255270452043544783486456056856007030206007365021462679899
-0.6300878435817110813020457226223099127413717098944169018562054471623175637397347397414066805876784233014911768131004595722196401
-0.6453067609123650986446732152931360463989937527855960012653644809083552291214713144557456335425612155470337507108365683340112467
-0.660273761180797284439438021659498086161589042221740648979274234959959300025391375038928245552923054031323085657601265032462492
-0.6749830015182105320655112776739346328419323303476136029994958391173834208118268168752816031157123114232517819726380203263970648
-0.6894287396810119230403224975134817397261439119827206961536277171243692648577662472593172186186528051631761235340069222517456889
-0.7036053362924894366280740214761397244507676625307214820803349545568493317765201060174714384488005623322828410285030334410992406
-0.7175072570443311343681755891326858548995797040144744530557930796285647970409540668548478516795786838793169929075983983569598673
-0.731129074857127382928502334349512676007507265867995684415548739786553358369534972375846837415360311836591038850365544347521004
-0.7444654719990126910302800653381733568558085026370622108440311625116708459307847332796005516656643011748748320418871968092330465
-0.7575112421616200777921492788026149650951186544030143071290728090050380836709313255311670992344461319145665774277365435102567346
-0.7702612924925375543210639251044060474927082721503688503360835523321729830677240848572740550775687610969784391444266522678422597
-0.7827106455834732812316057051077839180639017530576714432417759807663446519238451435427271050504875181630369464419027546614067014
-0.7948544414133532553739957580767734022432637643072278559484672985021319358136810540924779794668803243055124353991882919897316881
-0.8066879392455929726445998867127958556881633623429389920450630008856144072470826198368986599936570555900330189212701746368677798
-0.8182065194788024034728037008429917265957323716620702451450150307428934080694493424251780972581450351654939587046278287321988909
-0.829405685450201796440930083635103422268500841217638119944719422275665771745911333965944312373928580065204938199742319404988082
-0.8402810651910442864026565086326700429908372804152906303306413298827063215907866941861148669174450663352848954365694005944983879
-0.8508284131333600192133311988086879246137636026010779453866367949241385564819012529927000321871123531287436663099781013506244468
-0.8610436117673555084585595060301225131232763474733661894234997614866093740473833852361547321803713909018821087482250150502411869
-0.8709226732488212029468724492977442278825712261082919733867745830756264198722376739595574323662312526481606430124116765034452348
-0.8804617409559197596980940779692361495611400686424996685842665023843710957339904748885725498877779354384555056036821532360872564
-0.8896570909947472780924836875303123734246233905355976353146931755604321524647908619559500672012259100748035027739296417337660304
-0.8985051336530797490325020644460207527228031202205001984198607547467222015367722049494065333604189640426853192819159100896132772
-0.907002414801737200602177266540964350551588790276335401554799175159600304952518034711822449472005096964961893200837249736330752
-0.915145617243018470891992296807495505483816912090826335390974077920012204091834393588485385344514945431230011299275571720463734
-0.9229315620056802014069623648053582357587127048458017248301341664626652100288584797347217895511283631643930394460437631333575741
-0.930357209585954512725718276339557227289155026849563575321991155626889258899361694950894858999344607119305775583652635854992364
-0.93741966113412088968234592337621318430213518883573091987800687913474559330828152085765772349810468008807887092142552266223514129
-0.94411615958616905807678729069780910683292347657189799530559674138402323102293224594987998591861839516847735109381595761172608737
-0.95044409074011107048629001770111263301422857910261979758731808513439142771748297290373876181098268164517590294765803547058238575
-0.95640098427652242678161045749423894085871300580166585998644312028126683096309644527962742214249753650889369184041695130926491962
-0.96198451472291382701201216952188406352426041853031746375560058740700848627822723243490032317407136273815291729595055603556802581
-0.96719250236155708191310642582263906145437088108418123115492840740757054341366696983871786144154084384795662837431012472583519675
-0.97202291408041078085108596014438956640864015084079604609911675342011622628330035661678465188125613307681264544251278208728982678
-0.97647386416681352992836574246667210439888945461381135358664007287477747441378418726580581551337133516139518006236478950673492759
-0.98054361504363491556751260704812970701835568625618671474668334807749123675219649031806683886237483287403205750476230455941802694
-0.98423057794759681244044160738404956194452630575282406714310820460068338735654192553977169627566219355515172048206165858450371631
-0.98753331354950023034878343678578783241386341692453135314452215822515160102775858480302668317688336526633882395213128304890425773
-0.99045053251611557377588989939929982395797284724643197152896973784385592658702292959676602696719550453556900793904269638108050012
-0.99298109601351696146759286937365743810055037537944108449351962485648297686709808458026252399079760508613690725395018664874149531
-0.99512401615166411266711620617392532864154049596505130438769262731759298126186460546111420980933006992411750356420298551549615203
-0.99687845637005824260558030129229886199290443745611678894260421957942119212112157392151497680463473452911529423598271715417155227
-0.99824373176432141357951047900477504395766137885401005874285106379264121424802340625732018757611995706840134289187035477075033004
-0.99921930935357185045038851286611672721786795409573713040133180647353410301608358806895282563390253516883457633838592956609513122
-0.99980480828849084167535194064725151006486177467832099230606064466793869556608034977642044489039132256297374883696558132024033587