0.99810332873704407815955807227985384753930476975299035886908812284797023234054086594135188846826140519191850302595423956805431142
0.99242050967193575826145605410729218746510531098369760126823495923542152884499292794101611815040624353009164570155318751276893066
0.98297309968390177828194884485519871609872287506563287599738045920390785255224421742968448612935422732119306057451119765004221647
0.96979693603500947181953601565395762892118102356626299921507144470691434763053499683396330450139559573206943573100859991713349535
0.95294200042715655583102830341525518499962619739270787282076932120436712622401328749038206426867678508328566150340212708986839572
0.9324722294043558045731158918215633862625877779451169282483500118605360465696444981280747128504298509751993177719550636034522256
0.90846527181952368611150364758591970653730907417481751237553246732422521741184227642770260192967207316442138124067093893300836363
0.88101219428578450600870881792559035204359503311132975935193531402589934090354796775499140770746797912425872053249536838179853461
0.85021713572961415213414392294935205847066032875791284737007365641770806560342503459058933111543574215229344493330261953295552278
0.81619691235622169087185254043141322617429179041899417918398993740308764339059532079610445542814303900567963769655052538486112508
0.77908057452567043192436062060749039167871603218040278330995899208463109469139660989119738539632448389184875638333645689988324483
0.73900891722065911592453430987264810575991761970809772315714631069597281854575816206697753948006641635838800949323925590226810753
0.696133945962926608280458080217144197296328354139757535337642329295558602922223753665170443213414074108452531033618430601896136
0.65061830020424211372006253388209688104772564397984404217803386962966700776255245302094672138288337679738632130306785858178601095
0.6026346363792563891785881549868406216189645817484142903524934942962575263723982839780418366974824907398635863031633528492531596
0.5523649729605058107631005229003669921116269961635628658687502499963874822408117026008937720700327248472805773269016332744336249
0.5
0.44573835577653826739645754937948685542767777358942749300033787285158275009972916334045811639822868034463792569905260629362068651
0.3897858732926793690828678991204515658461407292352833109157414649391640024725946439629742814529237527902280593983898346635157711
0.3323547994796596645618863109731018350509972310857888338193465895742408447896917644087377647464708505238067392714433390682562055
0.2736629900720828635390779354368134316248526694265054638774291154113557447083112431687928612879815216236169046973901693152373593
0.2139330832064974399064939935426070792397085776846101496636230105083943076782551254234045247886103687248976520101628711876002882
0.1533916548786853726487552712140729945838717457647141449383910197759049518782478882368773274541053670833505613886186067035689808
0.0922683594633019952396511071545064803630172837558233331915425299211375740212469556315981465015290341587417435441204135481472385
0.0307950585561703538745648949762382935729347043534169119818616576081912753001229331644020765920322369719652755991927488488430118
-0.0307950585561703538745648949762382935729347043534169119818616576081912753001229331644020765920322369719652755991927488488430118
-0.0922683594633019952396511071545064803630172837558233331915425299211375740212469556315981465015290341587417435441204135481472385
-0.1533916548786853726487552712140729945838717457647141449383910197759049518782478882368773274541053670833505613886186067035689808
-0.2139330832064974399064939935426070792397085776846101496636230105083943076782551254234045247886103687248976520101628711876002882
-0.2736629900720828635390779354368134316248526694265054638774291154113557447083112431687928612879815216236169046973901693152373593
-0.3323547994796596645618863109731018350509972310857888338193465895742408447896917644087377647464708505238067392714433390682562055
-0.3897858732926793690828678991204515658461407292352833109157414649391640024725946439629742814529237527902280593983898346635157711
-0.4457383557765382673964575493794868554276777735894274930003378728515827500997291633404581163982286803446379256990526062936206865
-0.5
-0.5523649729605058107631005229003669921116269961635628658687502499963874822408117026008937720700327248472805773269016332744336249
-0.6026346363792563891785881549868406216189645817484142903524934942962575263723982839780418366974824907398635863031633528492531596
-0.650618300204242113720062533882096881047725643979844042178033869629667007762552453020946721382883376797386321303067858581786011
-0.696133945962926608280458080217144197296328354139757535337642329295558602922223753665170443213414074108452531033618430601896136
-0.7390089172206591159245343098726481057599176197080977231571463106959728185457581620669775394800664163583880094932392559022681075
-0.7790805745256704319243606206074903916787160321804027833099589920846310946913966098911973853963244838918487563833364568998832448
-0.8161969123562216908718525404314132261742917904189941791839899374030876433905953207961044554281430390056796376965505253848611251
-0.8502171357296141521341439229493520584706603287579128473700736564177080656034250345905893311154357421522934449333026195329555228
-0.8810121942857845060087088179255903520435950331113297593519353140258993409035479677549914077074679791242587205324953683817985346
-0.9084652718195236861115036475859197065373090741748175123755324673242252174118422764277026019296720731644213812406709389330083636
-0.9324722294043558045731158918215633862625877779451169282483500118605360465696444981280747128504298509751993177719550636034522256
-0.95294200042715655583102830341525518499962619739270787282076932120436712622401328749038206426867678508328566150340212708986839572
-0.96979693603500947181953601565395762892118102356626299921507144470691434763053499683396330450139559573206943573100859991713349535
-0.98297309968390177828194884485519871609872287506563287599738045920390785255224421742968448612935422732119306057451119765004221647
-0.99242050967193575826145605410729218746510531098369760126823495923542152884499292794101611815040624353009164570155318751276893066
-0.99810332873704407815955807227985384753930476975299035886908812284797023234054086594135188846826140519191850302595423956805431142