0.99962688126191063828225815685810397529600054148702018898018898715671846793723457486722441920401774812173079897598409153335069312
0.99850780348282797992444604079834068952834797703023939301999079064491511023311400463810868276499123199428428661870648982168780947
0.99664360176052953526055720694550367790810112215035454794778640394547093562284714903318180397475508273149194044828811253739630756
0.99403566723220364031139260515424064978788187046504482868287252340412326267621344977120643854187707680754203095570609642712119791
0.99068594603633075234232296009620600513999918345482439066065130419979664491201480579692260427192696929740145379914552540937098428
0.98659693786040198191256317999395424112872704399171661712337480665901666763177276708305426885197340649060551607078750999722138618
0.98177169407555860827330347509241072052002946845392239077755077708109322569327319505538857917073911911798444692687200808515121684
0.97621381545954458001489000500117815449916272485604897969163257744482826418627366087762966819636086288930087447127303722590337139
0.9699274495096712191421111762067339037930199157339433845607429394247257044303722794939397541029268618813665631473326355315561571
0.96291728734779929501522359737323879935501845807334643917499265203315934883218397308490082038200959691878094136685974036500898523
0.95518856021964808652258784808685217179019375735784567642813455858697732316956962466078044846237354632508446945280665791116144805
0.94674703559104377925524008176219312634642040056855742217442670613427540150736945354875413896628279399314192096253869300418821356
0.93759901284402032342712055676434577891991266647282094042955924337996965994345499760253324434542523720769851301424397605522049298
0.92775131857598448337447247743864856722241004931796557137284809214992164176978805886902928321088832491707948067268117288493566611
0.91721130150545301784380544796561549369029417221140021679381945709754981250835456568863368054769512911105572553350732034780736688
0.90598682698816352089799655639240010717144891430591720105455500132180286556274493186308441004981663786134673355584869206168051637
0.89408627114765120704625518192517872487347914695228340676885961255385570689237193880760373751758168245419784750168328238026083184
0.88151851462467162416444094969395947539473155532106616019715985428867107261327613235794292783891188212821335400085097159444720973
0.86829293595013370922510522697663916995759892120993836830369678989447630138302323119236233553761374684588817273575823957334595274
0.85441940454648855254821561955025080004785563489489246514875861672714218532807272024715782542407156669039477087754504456745052616
0.83990827336279649655788506433374097289503305208976149401952649990520727646121027961299026412564331259679473065029030087775872462
0.82477037114896855798555494017638479856333067197725084118460130178701191410057061099948457049511992068223294887812645199989733567
0.80901699437494742410229341718281905886015458990288143106772431135263023140945122485360360209469556874237704403769344587606331693
0.7926598988008582329590377204786896019016930059775693857695536890557973374845502000618187828904183725043816741966400679479444874
0.77571129070441980704110101096953689558772273032391012075560931352920163669603364407943660419325937764173072643974603195277443613
0.75818381777216277483749536482460445605231794969686432339394246201082115693286281255022164746950463902509142228311840551192493599
0.74009055966125189472509345173671602996907938854484633076094657435674365319972644596655778584524706064813068321553405030473086143
0.72144501823895570305637996417004181305898599912399095314671589194316834960128982156254990690533512409152150266984015471881043065
0.7022611075070471599867696212593130096962264364298836230245997000129175076615131975778044861334930967230027858400490126929807143
0.68255314321865408287453754537254057809877075729066644435432795499263307826859782836948455272756307152616592468087235506328250156
0.66233583219530766258072785335613998105383912776180390785812893470129043655667466060085117145777867401557140143468409677866535141
0.64162426135216108142237656760657288853644935396153853421565834137327135484070568752652844098781535835837403724559938372442551239
0.6204338864395680259392006762495641564158297831494995315742411688814473174680270270200621803099589081426284945989432958048099587
0.59878052050942255051014263837207082029196364256233557893732273139015042318957664209330748230554563571326696950724329307780651529
0.57668032211486714125104827526685282397887635596604848240693076543002488920055411035707325981086274023281703192310722417220771023
0.55414978325217480026604718653235277854852682211470276632553689910846996752001127798683995493002184169701649358698819525525149037
0.53120571705380336973354938981602852803274793582669994732892196071981669945532726996242005864943820660650863210809988967672852587
0.50786524524180599990752090367326242426553842145123236911118046523762361142794287787232554465803742692903422107572103076763863161
0.48414578535096049634104739247087671725278119656839532034179976803297066997216483311669695239767719973379918088549695003403355594
0.4600650377311521260415757598109517955579264670374497717604477684076755670821542318744664300196804840028168724946698835663629789
0.4356409723387091916089055845220862336194622184436047859282504724081271332589921740605877163061090738200455854330662767321807733
0.4108918153265481737607773514975361233609627723996429464194023054431999801489883302861700113548436879216121520297422501001318136
0.3858360354431353784908221774829031567925499934585942497439072278386072467737230729855538879835160128930854862186503455879427636
0.3604923302504146933927079051372300720711805771764409309709133400123020360516083138023136839899796094549513035404290133781254404
0.3348796121709861519581150708478901575074209905114080600850431539292833152268053278162892397693819308324399220274368336296918014
0.3090169943749474241022934171828190588601545899028814310677243113526302314094512248536036020946955687423770440376934458760633169
0.2829237765169300007042194329490802676616021459563919778889228497568074684210809083777896944121386142324439020713455947847993285
0.2566194303339736302818321293677071068832272282069912907842316827771917668725216052520045015639318487892898669309008296307199109
0.2301235851149864136343315999464484213995224689828079908510074469538851598643653107786437809353051100909087664937249919540363909
0.2034560130526337898780287220615784267778336668900969239623685354038967117575478971015436714861400427648646729658439433508238026
0.1766366144885873832695923692457090496942561525466279367549739696239156440435589740629825141662109631022878174384793241717058828
0.1496854030631442590788858633795856978830520723530006409096367375000809798399581374278875247794208886837782447762749015096571811
0.1226224907802984991581832342016532474974090065742659342895324112003720481659047320604834312089633905357290304243520890057782452
0.0954680729994101005021223926473148959794321536659227758491353491163883734508126875395296391510755133082920314211973491329307153
0.0682424133646709759211884790224590239330915517188607736988415333786505927247941969391979114463386147875783226628480314010764955
0.0409658286836142540850504491083183574321971694342712665032708611197876610592867735508546493433527067345295726593393362397699761
0.0136586737659511019917465967805589508693139298069988422766841135074236123268223606242079129985921431485073890938681039986255706
-0.0136586737659511019917465967805589508693139298069988422766841135074236123268223606242079129985921431485073890938681039986255706
-0.0409658286836142540850504491083183574321971694342712665032708611197876610592867735508546493433527067345295726593393362397699761
-0.0682424133646709759211884790224590239330915517188607736988415333786505927247941969391979114463386147875783226628480314010764955
-0.0954680729994101005021223926473148959794321536659227758491353491163883734508126875395296391510755133082920314211973491329307153
-0.1226224907802984991581832342016532474974090065742659342895324112003720481659047320604834312089633905357290304243520890057782452
-0.1496854030631442590788858633795856978830520723530006409096367375000809798399581374278875247794208886837782447762749015096571811
-0.1766366144885873832695923692457090496942561525466279367549739696239156440435589740629825141662109631022878174384793241717058828
-0.2034560130526337898780287220615784267778336668900969239623685354038967117575478971015436714861400427648646729658439433508238026
-0.2301235851149864136343315999464484213995224689828079908510074469538851598643653107786437809353051100909087664937249919540363909
-0.2566194303339736302818321293677071068832272282069912907842316827771917668725216052520045015639318487892898669309008296307199109
-0.2829237765169300007042194329490802676616021459563919778889228497568074684210809083777896944121386142324439020713455947847993285
-0.3090169943749474241022934171828190588601545899028814310677243113526302314094512248536036020946955687423770440376934458760633169
-0.3348796121709861519581150708478901575074209905114080600850431539292833152268053278162892397693819308324399220274368336296918014
-0.3604923302504146933927079051372300720711805771764409309709133400123020360516083138023136839899796094549513035404290133781254404
-0.3858360354431353784908221774829031567925499934585942497439072278386072467737230729855538879835160128930854862186503455879427636
-0.4108918153265481737607773514975361233609627723996429464194023054431999801489883302861700113548436879216121520297422501001318136
-0.4356409723387091916089055845220862336194622184436047859282504724081271332589921740605877163061090738200455854330662767321807733
-0.4600650377311521260415757598109517955579264670374497717604477684076755670821542318744664300196804840028168724946698835663629789
-0.4841457853509604963410473924708767172527811965683953203417997680329706699721648331166969523976771997337991808854969500340335559
-0.5078652452418059999075209036732624242655384214512323691111804652376236114279428778723255446580374269290342210757210307676386316
-0.5312057170538033697335493898160285280327479358266999473289219607198166994553272699624200586494382066065086321080998896767285259
-0.5541497832521748002660471865323527785485268221147027663255368991084699675200112779868399549300218416970164935869881952552514904
-0.5766803221148671412510482752668528239788763559660484824069307654300248892005541103570732598108627402328170319231072241722077102
-0.5987805205094225505101426383720708202919636425623355789373227313901504231895766420933074823055456357132669695072432930778065153
-0.6204338864395680259392006762495641564158297831494995315742411688814473174680270270200621803099589081426284945989432958048099587
-0.6416242613521610814223765676065728885364493539615385342156583413732713548407056875265284409878153583583740372455993837244255124
-0.6623358321953076625807278533561399810538391277618039078581289347012904365566746606008511714577786740155714014346840967786653514
-0.6825531432186540828745375453725405780987707572906664443543279549926330782685978283694845527275630715261659246808723550632825016
-0.7022611075070471599867696212593130096962264364298836230245997000129175076615131975778044861334930967230027858400490126929807143
-0.7214450182389557030563799641700418130589859991239909531467158919431683496012898215625499069053351240915215026698401547188104307
-0.7400905596612518947250934517367160299690793885448463307609465743567436531997264459665577858452470606481306832155340503047308614
-0.758183817772162774837495364824604456052317949696864323393942462010821156932862812550221647469504639025091422283118405511924936
-0.7757112907044198070411010109695368955877227303239101207556093135292016366960336440794366041932593776417307264397460319527744361
-0.7926598988008582329590377204786896019016930059775693857695536890557973374845502000618187828904183725043816741966400679479444874
-0.8090169943749474241022934171828190588601545899028814310677243113526302314094512248536036020946955687423770440376934458760633169
-0.8247703711489685579855549401763847985633306719772508411846013017870119141005706109994845704951199206822329488781264519998973357
-0.8399082733627964965578850643337409728950330520897614940195264999052072764612102796129902641256433125967947306502903008777587246
-0.8544194045464885525482156195502508000478556348948924651487586167271421853280727202471578254240715666903947708775450445674505262
-0.8682929359501337092251052269766391699575989212099383683036967898944763013830232311923623355376137468458881727357582395733459527
-0.8815185146246716241644409496939594753947315553210661601971598542886710726132761323579429278389118821282133540008509715944472097
-0.8940862711476512070462551819251787248734791469522834067688596125538557068923719388076037375175816824541978475016832823802608318
-0.9059868269881635208979965563924001071714489143059172010545550013218028655627449318630844100498166378613467335558486920616805164
-0.9172113015054530178438054479656154936902941722114002167938194570975498125083545656886336805476951291110557255335073203478073669
-0.9277513185759844833744724774386485672224100493179655713728480921499216417697880588690292832108883249170794806726811728849356661
-0.93759901284402032342712055676434577891991266647282094042955924337996965994345499760253324434542523720769851301424397605522049298
-0.94674703559104377925524008176219312634642040056855742217442670613427540150736945354875413896628279399314192096253869300418821356
-0.95518856021964808652258784808685217179019375735784567642813455858697732316956962466078044846237354632508446945280665791116144805
-0.96291728734779929501522359737323879935501845807334643917499265203315934883218397308490082038200959691878094136685974036500898523
-0.9699274495096712191421111762067339037930199157339433845607429394247257044303722794939397541029268618813665631473326355315561571
-0.97621381545954458001489000500117815449916272485604897969163257744482826418627366087762966819636086288930087447127303722590337139
-0.98177169407555860827330347509241072052002946845392239077755077708109322569327319505538857917073911911798444692687200808515121684
-0.98659693786040198191256317999395424112872704399171661712337480665901666763177276708305426885197340649060551607078750999722138618
-0.99068594603633075234232296009620600513999918345482439066065130419979664491201480579692260427192696929740145379914552540937098428
-0.99403566723220364031139260515424064978788187046504482868287252340412326267621344977120643854187707680754203095570609642712119791
-0.99664360176052953526055720694550367790810112215035454794778640394547093562284714903318180397475508273149194044828811253739630756
-0.99850780348282797992444604079834068952834797703023939301999079064491511023311400463810868276499123199428428661870648982168780947
-0.99962688126191063828225815685810397529600054148702018898018898715671846793723457486722441920401774812173079897598409153335069312