0.99974823494250657450909251180005386110823202623332414782865230680652989161232878495007136910853161476526017709512778950702868408
0.99899306654131464737205590844463914409258872609217235556150688349657214722304656823015676068451560731240989288479551365084368985
0.99773487504645610519637553356755495460557368748087576228417729206948566516361965143064813946129705541000341353291038938505389261
0.9959742939952390295817189937211678685354318247479924570006352000990496505258694616227322539665274857247488710621315466471271493
0.99371220989324258353314824194737869715263549578207321492775650215951038096889094466909957648727064382235430090455376689544457885
0.99094976176793475524868671316836440646059908015367343905000698313566144486330711459473216293207100701276148804282850763388448271
0.9876883405951377261900402476934372607584068615898804349239048016380729359697127357119630379998867786054499817482576411059702442
0.98392958859862965539563609398996989652001742863307433166744023916289810039362831678332772188281292878991823381748462721626331386
0.97967539842323555163006143144444677143694452469465534577258605911163774330877522235958636068457388108760733586636550184927709049
0.97492791218182360701813168299393121723278580061999743764807957508764593163440379370011245812073692516401481293875625289435821838
0.96968952037668685820929674578003147789226619655043208139907996170205869204818772398240935644508400104883693721699577330100932963
0.96396286069585329188856595254998577609065299709754113925097879075657910311931847666875983490665072818546142186999665859181224202
0.95775081668493048874493235828498398291274103303272075434288301554974276507103161349550669604715480426583562936436271614820969554
0.95105651629515357211643933337938214340569863412575022244730564443015317008519350171879281097081138167589971755140300420898706619
0.94388333030836756289526360715103662152063246819031638184372537432131943503758466418252941903481932276227960741349249510914835859
0.93623487063973720950875572446811746977748237742297644505735370421531993978504735620841362867779160512345975361510673136237247151
0.92811498851903892969091361404414523070807386839336861877777632822522596590877124606111022599904164103602787023607474437984978843
0.91952777255145063832197659078635721398812607212142492568727634715876961176913493940285955451195876182659560304707951986717311203
0.91047754665881591205711139251802914619185970900063438305627414159242969499624874079602037780441226551420216603489849747020398224
0.90096886790241912623610231950744505116591916213185715005356242319943242042793996550136145471851241531831096436867510363979163288
0.89100652418836786235970957141362631277051851903608874540552228452249227417613522437793858273486147775249394307502799639420326536
0.88059553185673799519291006210718465984659840116241567602913121860815799207688639180711078490343184723089183235764235048974903559
0.86974113315569539754652823212684850262708584205668658574886526981274332445957577794110762235631821520585998670574554132570005715
0.8584487936018661185256909553391418597075906106444769791962452732455409951821421562902106876231239736267502591917514672917167607
0.846724199228284168352775816262965271510045028791363880459699986215067425396788004608913754590343028303284139431775577124289217
0.83457325372130265093321067687373490458477925152957002707514047765572441694985081996322978878746443475026486693016551668864255163
0.82200207544790989563076124877855677748037407201193836840143928596734874420791269637840979051715908415465600851169282316743771095
0.80901699437494742410229341718281905886015458990288143106772431135263023140945122485360360209469556874237704403769344587606331693
0.79562454888178101872341943333023968869919616908085995582329184652457624018994341787205791986002700143319552112318182508025293586
0.78183148246802980870844452667405775023233451870868752898063495804509173163393644170086800689099098223226157916053801447223925705
0.76764474035801113147644782502783153917312235822989833441338290829774544782819780372058778874556934016240343872048723074125047318
0.75307146600361093353289811269675434530109126297207697837540559928914207418907223049766720945865608630805090448817013178471595109
0.73811899748734062093597242668471608086971533500478151490970035885913249777750602714033856844664586658076622716821461646481905201
0.72279486382739152854526335149985226109021808067989002436258778487129277244848954312109835370890768480945890407308272440855486949
0.70710678118654752440084436210484903928483593768847403658833986899536623923105351942519376716382078636750692311545614851246241803
0.69106264898686467590493542565916998174665948563912994747702617671154917664968213161056608242545994809018207003552793176798332564
0.67467054593207435360061715821414375541428356928094564623292516639110211497441801504176030396717057606322675209794097163691012917
0.65793872593971261237011918199311881572090350798326913783749486077593301806465592788847017599475217052641665035306450950538578354
0.64087561398502414541311954177759971032918289372666280425109775182370414957455273467410001322533131607479760254243760734047657754
0.62348980185873353052500488400423981063227473089640210536554943909685365245648728457594250732658537166705809220917454300913572926
0.6057900438408198586072534317596821245143585821785281738905556782517053993705488106909231741181797668525611714922826659810782032
0.58778525229247312916870595463907276859765243764314599107227248075727847416235195750850404986274133596005313160275265936633893033
0.56948449316845199552076503156863215038735909160329400311371558907701032752599141442799409922267600797217291794092923568996119986
0.55089698145210252268710431912041058718524681687279637055956374506901356686621722103954308877750539379136080635796657872032655187
0.53203207651533656355763036723037073016458395550868788519773530449413472352990171679503543276423317863141961713314864834384921207
0.5128992774059061439084936529403118044651180119594820573115547983394770508441063536934413486382024298302555460274566510617382587
0.49350821806434685555896118401570192691100233061944456848275065600279465216188687311921623794656607872832091471605047041120315305
0.473868662472998670708383009665975087270450669848328846147246527681962269018865703407986308487277754504870109975643995586227167
0.45399049973954679156040836635787119898304770304902155698531600582202678413185242875447343922194679713941058359454605686329726037
0.4338837391175581204757683328483587546099907277874598764445473035322032516531984215207840217744561020887441029300455358187257105
0.4135585049665206604973817946627757302667612946094534016712307170585033012195838660302285144638107385305566682407379818205068922
0.3930250316539236181879675098179335770068944801040165452590286565382121868167976060905645905071796178613051647772906130599614661
0.3722936584019451649721742085189717751656028121085359391399747011301718767249267861398359078137290580634765673280992585908772185
0.3513748240813427048873232705101784160143315196125107026365666097529740337655779698294733417731337278675694592278682367900855746
0.3302790619551670817748776125965723703131814690300747593765437222435250687954688517389075196497193759942164267574669946716847655
0.3090169943749474241022934171828190588601545899028814310677243113526302314094512248536036020946955687423770440376934458760633169
0.2875993274320172580702105577121702347581567458293994170195351034418700239900584775614888216189350948283749257822798640689771972
0.2660368455666751073822760245929750947101935245335744978577019424512699675951627236044676932208060818025470939780397807199525442
0.2443404061378940296606738992042700809119908874318505134489309013131553313364393707590174960608862549922075972912531598896085791
0.2225209339563144042889025644967947594663555687645449553119870158974212320285473190745810526080729563487471278404994393693440964
0.2005894157832727744519706222014101560774043866699414840595784094538621400486069943821180998518826994337152447286684090745676381
0.1785568947986366480137183675903137598662266739011723848971647168115860680088703988126929539058124229388451454578510314456937119
0.1564344650402308690101053194671668923138998920856607900846413460577587933056235793366958726768486883751403008476804469373981788
0.1342332658176554760370186415106700491221105492895839197159018330661212276651280769206135067738816801137046906110744126052844777
0.1119644761033078584687059352720242032581964229674801150338625928690994145000046603589780831404428817615006675504234968466338679
0.0896393089034334997654704368452330080111257675252145685651368345075796473552807198977759237477715773587418944339311254164624185
0.0672690056120396533371060428113427329804066100609114564320588138527366999052345399577654500150557774305689184283679300754678243
0.0448648303505149254580903368019609171338572943490410406123606074865809222559989430760532123202208548136956175963180370593694069
0.0224380642958049372368196490571026127348909257328297982776824479462717418111104469499517978831682773768322316004832092520556664
0.e-127
-0.0224380642958049372368196490571026127348909257328297982776824479462717418111104469499517978831682773768322316004832092520556664
-0.0448648303505149254580903368019609171338572943490410406123606074865809222559989430760532123202208548136956175963180370593694069
-0.0672690056120396533371060428113427329804066100609114564320588138527366999052345399577654500150557774305689184283679300754678243
-0.0896393089034334997654704368452330080111257675252145685651368345075796473552807198977759237477715773587418944339311254164624185
-0.1119644761033078584687059352720242032581964229674801150338625928690994145000046603589780831404428817615006675504234968466338679
-0.1342332658176554760370186415106700491221105492895839197159018330661212276651280769206135067738816801137046906110744126052844777
-0.1564344650402308690101053194671668923138998920856607900846413460577587933056235793366958726768486883751403008476804469373981788
-0.1785568947986366480137183675903137598662266739011723848971647168115860680088703988126929539058124229388451454578510314456937119
-0.2005894157832727744519706222014101560774043866699414840595784094538621400486069943821180998518826994337152447286684090745676381
-0.2225209339563144042889025644967947594663555687645449553119870158974212320285473190745810526080729563487471278404994393693440964
-0.2443404061378940296606738992042700809119908874318505134489309013131553313364393707590174960608862549922075972912531598896085791
-0.2660368455666751073822760245929750947101935245335744978577019424512699675951627236044676932208060818025470939780397807199525442
-0.2875993274320172580702105577121702347581567458293994170195351034418700239900584775614888216189350948283749257822798640689771972
-0.3090169943749474241022934171828190588601545899028814310677243113526302314094512248536036020946955687423770440376934458760633169
-0.3302790619551670817748776125965723703131814690300747593765437222435250687954688517389075196497193759942164267574669946716847655
-0.3513748240813427048873232705101784160143315196125107026365666097529740337655779698294733417731337278675694592278682367900855746
-0.3722936584019451649721742085189717751656028121085359391399747011301718767249267861398359078137290580634765673280992585908772185
-0.3930250316539236181879675098179335770068944801040165452590286565382121868167976060905645905071796178613051647772906130599614661
-0.4135585049665206604973817946627757302667612946094534016712307170585033012195838660302285144638107385305566682407379818205068922
-0.4338837391175581204757683328483587546099907277874598764445473035322032516531984215207840217744561020887441029300455358187257105
-0.4539904997395467915604083663578711989830477030490215569853160058220267841318524287544734392219467971394105835945460568632972604
-0.473868662472998670708383009665975087270450669848328846147246527681962269018865703407986308487277754504870109975643995586227167
-0.493508218064346855558961184015701926911002330619444568482750656002794652161886873119216237946566078728320914716050470411203153
-0.5128992774059061439084936529403118044651180119594820573115547983394770508441063536934413486382024298302555460274566510617382587
-0.5320320765153365635576303672303707301645839555086878851977353044941347235299017167950354327642331786314196171331486483438492121
-0.5508969814521025226871043191204105871852468168727963705595637450690135668662172210395430887775053937913608063579665787203265519
-0.5694844931684519955207650315686321503873590916032940031137155890770103275259914144279940992226760079721729179409292356899611999
-0.5877852522924731291687059546390727685976524376431459910722724807572784741623519575085040498627413359600531316027526593663389303
-0.6057900438408198586072534317596821245143585821785281738905556782517053993705488106909231741181797668525611714922826659810782032
-0.6234898018587335305250048840042398106322747308964021053655494390968536524564872845759425073265853716670580922091745430091357293
-0.6408756139850241454131195417775997103291828937266628042510977518237041495745527346741000132253313160747976025424376073404765775
-0.6579387259397126123701191819931188157209035079832691378374948607759330180646559278884701759947521705264166503530645095053857835
-0.6746705459320743536006171582141437554142835692809456462329251663911021149744180150417603039671705760632267520979409716369101292
-0.6910626489868646759049354256591699817466594856391299474770261767115491766496821316105660824254599480901820700355279317679833256
-0.707106781186547524400844362104849039284835937688474036588339868995366239231053519425193767163820786367506923115456148512462418
-0.7227948638273915285452633514998522610902180806798900243625877848712927724484895431210983537089076848094589040730827244085548695
-0.738118997487340620935972426684716080869715335004781514909700358859132497777506027140338568446645866580766227168214616464819052
-0.7530714660036109335328981126967543453010912629720769783754055992891420741890722304976672094586560863080509044881701317847159511
-0.7676447403580111314764478250278315391731223582298983344133829082977454478281978037205877887455693401624034387204872307412504732
-0.781831482468029808708444526674057750232334518708687528980634958045091731633936441700868006890990982232261579160538014472239257
-0.7956245488817810187234194333302396886991961690808599558232918465245762401899434178720579198600270014331955211231818250802529359
-0.8090169943749474241022934171828190588601545899028814310677243113526302314094512248536036020946955687423770440376934458760633169
-0.8220020754479098956307612487785567774803740720119383684014392859673487442079126963784097905171590841546560085116928231674377109
-0.8345732537213026509332106768737349045847792515295700270751404776557244169498508199632297887874644347502648669301655166886425516
-0.846724199228284168352775816262965271510045028791363880459699986215067425396788004608913754590343028303284139431775577124289217
-0.8584487936018661185256909553391418597075906106444769791962452732455409951821421562902106876231239736267502591917514672917167607
-0.8697411331556953975465282321268485026270858420566865857488652698127433244595757779411076223563182152058599867057455413257000571
-0.8805955318567379951929100621071846598465984011624156760291312186081579920768863918071107849034318472308918323576423504897490356
-0.8910065241883678623597095714136263127705185190360887454055222845224922741761352243779385827348614777524939430750279963942032654
-0.9009688679024191262361023195074450511659191621318571500535624231994324204279399655013614547185124153183109643686751036397916329
-0.9104775466588159120571113925180291461918597090006343830562741415924296949962487407960203778044122655142021660348984974702039822
-0.919527772551450638321976590786357213988126072121424925687276347158769611769134939402859554511958761826595603047079519867173112
-0.9281149885190389296909136140441452307080738683933686187777763282252259659087712460611102259990416410360278702360747443798497884
-0.93623487063973720950875572446811746977748237742297644505735370421531993978504735620841362867779160512345975361510673136237247151
-0.94388333030836756289526360715103662152063246819031638184372537432131943503758466418252941903481932276227960741349249510914835859
-0.95105651629515357211643933337938214340569863412575022244730564443015317008519350171879281097081138167589971755140300420898706619
-0.95775081668493048874493235828498398291274103303272075434288301554974276507103161349550669604715480426583562936436271614820969554
-0.96396286069585329188856595254998577609065299709754113925097879075657910311931847666875983490665072818546142186999665859181224202
-0.96968952037668685820929674578003147789226619655043208139907996170205869204818772398240935644508400104883693721699577330100932963
-0.97492791218182360701813168299393121723278580061999743764807957508764593163440379370011245812073692516401481293875625289435821838
-0.97967539842323555163006143144444677143694452469465534577258605911163774330877522235958636068457388108760733586636550184927709049
-0.98392958859862965539563609398996989652001742863307433166744023916289810039362831678332772188281292878991823381748462721626331386
-0.9876883405951377261900402476934372607584068615898804349239048016380729359697127357119630379998867786054499817482576411059702442
-0.99094976176793475524868671316836440646059908015367343905000698313566144486330711459473216293207100701276148804282850763388448271
-0.99371220989324258353314824194737869715263549578207321492775650215951038096889094466909957648727064382235430090455376689544457885
-0.9959742939952390295817189937211678685354318247479924570006352000990496505258694616227322539665274857247488710621315466471271493
-0.99773487504645610519637553356755495460557368748087576228417729206948566516361965143064813946129705541000341353291038938505389261
-0.99899306654131464737205590844463914409258872609217235556150688349657214722304656823015676068451560731240989288479551365084368985
-0.99974823494250657450909251180005386110823202623332414782865230680652989161232878495007136910853161476526017709512778950702868408