0.99991642985543732530983082120631387920377897602846448152583649098809160836651714694666874900162767119945489342940618826550725369
0.99966573338968742569201544840549403115944009534720817185745620024868380002114700362282302806126511436062714839342884649673558333
0.99924795250423006928802435901470249691358928304072311132567329867895284059343048656196935673937766811522991045667309129131024325
0.9986631570270832424848792013953476110997061522247088301496822361236492521353287492282939162286083460788327295838667726799075815
0.99791144470113207479985797120407831847211827089840644341623050642883905150433091313385519160438911366972341233337415024998827269
0.99699294116779206480000168103462852356533455909486972226350202521795102625939343412723321458836901359886022009867436560051001952
0.99590779994600933758956571251951782566816058937616846073633531008148598271649325355019168601406365195193702516268621569444814087
0.99465620240660144376845095616345613313180657900592222375233275730866873732731438870971150883921820473612006181103945785570976271
0.99323835774194298854789555219370434034910619707069370256500718801627860515051263368017207153925912254361217270357663165549253576
0.99165450293100115777614148878299612020495005275661134382285100377068316424997959769575621659552533953254443249942149046087591907
0.9899049026997269848463652434835227452860030439425731669883103137847593513104552200784538541128827713301776364189918443676555421
0.9879898494768089787019733651383287845446481119693933779832622060665919922909552945909908477295377789502182781858662926879560886
0.9859096633447965082906709389283393382257914049279822166598538562604720648225526556856911092486154397619617376910782098256478814
0.98366469198660111271895675009801678317903615781401705948844138532045342979606724455187544337769074945489149001330396976138710626
0.98125531062738467889353375143095386798573670470514004626126323386255993419771750393383177283263518765970644720193539529994280832
0.97868192197184419947642545007242464408215416354200475435259985648674984962030079300851629096005192902179668437339840187104997506
0.97594495613690359339748616181369917219544237623481065224896021915663069316231062549698855957597102060908189823244323652054013061
0.97304487057982383883288517278469592003486706688408375787596742527221217238570840602527717975541367376656342712355702584011392349
0.96998215002174343434272396763168837252628548245894252838481469557819981764597935202986311520451839720086262181102665992050463644
0.96675730636666196763721837372359421001456639057477428700181819961205259739514618061166541150869919494779691567310771251671626938
0.9633708786158803330811859456892901598125545641786661858772133427612037491714646304088461418745229502364763768990227438221579998
0.95982343277791189842362239227142179732171956851404432910024536415360919929188535915598230573651295855581468761295700229712861008
0.95611556177387967822600682948730221680108433284262738156886802099971294665766413948178281410089188059457129934653055598731493085
0.95224788533841532593312112844179506006332440388522661058309291820863098290143004782326519359818739398082972938935381305417025953
0.94822104991607650835750125458785649576730714536470529174564331933294182898362502175814157194467878932611794985978924545540750535
0.94403572855329997540749763002980789944660194147547386843195507102773626338129810100322581715019735013451296579668436229126997459
0.93969262078590838405410927732473146993620813426446463309028666277422121099588945894974588983794806746192163479658862657697069787
0.93519245252218967867855855694668680049471788555521349025040472995183233273688891057770494305012471123623989625977673837876066316
0.93053597592156856994677991977890174463799287584880403306787186451693213551021179256570166124189681929019401692920458896702720542
0.92572396926889039109492274364405923459554183970417365009536127529373403085342975101312965196727772729424202180833450381649382067
0.92075723684433834385847641890278520062104291457339132519233668570597231795566347651654804191083939152329389408679627876837662174
0.91563660878900587611414331087262900128161817419069909637393180443542955205334573755033085649214391638229358710298160205538968991
0.91036294096614665950612696970125932016575575298552745483192412214448102234854135141602352567041080771390408901266076887745881982
0.9049371148181253577756912785778065084183594839455704328173747013607643836902915848287725385689953782878364599039348865220184482
0.89936003721909309508393109685162450342871864808884613575151956345313059125870445284159902875470304748031620186079311655124260669
0.89363264032341224819257418686665511737608804841343476170350676604763767297451383970441914491070907202592495051086088217332556001
0.88775588140985589682687356019546663738275127774444290468532371643544292594484601428720048430307200712634668002339148259595534712
0.88173074272160797276950247779369467896877974088203340680656093063822962759462252984110885103356332662543875826330372843246880765
0.87555823130209085010679256325858913438308564496451451281540401595046681556321358951486587649446418773183264147511033943273172775
0.86923937882664781645134767828208565652775287907774273063872868999067927888133183403940077138091872121093889487238455746693108131
0.86277524143010855778145827692985537112356714607810124792033660146080412499652040370519278044492188609830579525457727868727948183
0.85616689953026647765203536847219219289886609185368200266245099050876207814806862726872786137710652402316728073003614128829614195
0.84941545764729735482896835502088285116448166718867412484053032986733956617980255980368010893175815997388057067208388184988940808
0.84252204421914952176468038110611378528732604609080214953134869747327645040369636728480304681024702974382558548819202441883996497
0.83548781141293641965382617001958359374197663530527000218092079849958056186397469349519381629592855108459857219766479867004117858
0.82831393493236305397201153100270894339314504167319994638556771933026925281290231972587002700639119888934781811138497233607412125
0.82100161382121853729543368902527034735963671050001822546977266728824604279036070443014698993021814638830134255933516501269765228
0.81355207026296756371465084968289197772041187470224707313371012389304447141194205426529332563941828973066229907515992423549407697
0.80596654937647431118139066674719590189826387405467629334329040315884373484318905859715783970905527117518239518736828181513858121
0.79824631900789291455442076490539552820122469058597416874279274411258267407726549956906869635875868883364039268852926644427766753
0.79039266951875929283098617058014719265733109763156196549365158472909214192127832479919986738648761674427159409361742905717411694
0.78240691357031974895707821286573241258121112082229933585472374638751364908527273609415183706643428989156330548863625493180592289
0.77429038590413238959671867516767110973034077922440483103540938971280694872615858597007877531012357733650753134344588216504792819
0.76604444311897803520239265055541667393583245708039524585404528464215538885687472352822927668054849344996248839987004553419542483
0.75767046344411790756162163974951704192937833016284716667450622078634292622917199494123557209376069935444015820514154693073376085
0.7491698465089359925953373078230471152681837342424298218629427210253948910630167199776812287728302255207602996431016116723893187
0.74054401310900458045014001176596685629579005050986045212760691113446670641409820505030688581064048203319018078200196510481866581
0.73179440496861208275770746127503446461075643286772457049433169183152389328263007648526279488389189114750281709765545753768890104
0.7229224844997928182306360030086952353266239742578406282448580919910324166974389313721886214131320009393022388314091390550890777
0.71392973455789904242602063682455316831454447041809313310442048475896023663810417082447419245101586369837594828222853430159223662
0.70481765819375607543838940152844327048785540516915667484030800996440504283573614424295714218889832354531349182891562220736107033
0.69558777840244195238560776837977614373991749097339611525334293789174731471368734955148671272374335368829727906092959241090865576
0.68624163786873358572960499961753798301463747838945232329613277381297260699713148975371754102732568485141508930485432862913475022
0.67678079870926198563395015305850787906816734021926379586545590448263483843671765274460695886091412991062284374403800735303528517
0.66720684221141963460929662951429607275998851361704032671830876546837227692798141120542262577921256616742789494662198139973599694
0.65752136856906365554358551995181351137298747844025813253152451777420969459857864974899712446513880058085889368561352179658654821
0.64772599661505894776591809809311234377907857014056069777289487584782252335991209930483206128529877043731186241806930696423965307
0.63782236355070599396166430203588670075051927129505523933390695029539625452052739701679171844096508825124624767688258985386284158
0.6278121246720985614533886935212893403218303720664467019992702681687285142648997874534260207150119427833572826866887514510375623
0.61769695309345703450051872610662333277299365180467642698662021473545168070656292958487953593089763845921178932243748790835685285
0.60747853946748361976458610264931878691835937445861569208298927782847388875420223684881619693734819942527570741648364154798294365
0.59715859170278616485185216058395977284065140820450686759671030523805807609709158748248932025682714183400843718573147045103801019
0.58673883467841781979798600777589156364453346857808660152105288229908431105712675173102352851860197254442608741659058883577661416
0.57622100995558025341830867995525371644125900342268487168488129665177211460954275551647028957445246054447106759188284910299751769
0.5656068754865386105313764482209289452129933149232364253526559730819510782876504031453567244834551304906011330549307568013593026
0.55489820532079686209411299159251378781737615642261214659231150299844084341451630254175208621699472204314385965442441588955582023
0.54409678930858265818542100316772622895311346643236634406774024300909035317931367474931810125510671587945351485367742474434607482
0.5332044328016912434656755945190728170817761232673793347310627554175724522298262094129201095737246301153340225865965565640762348
0.52222295635173843614656320606419242431090425472571732880039512761272441792590616922728343434987069729501040261036613523168993413
0.51115419540587310455560371741421898093327862234461565524980462011813954785839376173548449557837038456311386743496598321665800378
0.5
0.48876223444956422075422710379209489827050035368384882627603187086995206050812338521118425342325728663634102599444020504884924991
0.47744277703794898954545224234130160684853584062149084305706107263595938209524083439553959371139441706561674578306271126504564919
0.46604351970253882582234876449562967983181315977334377659461054326138038836360427714904924716565303799989588787007653472723400845
0.45456636771850058429945819822762138214659268579234248608194199311455889895601507447897581497350163019937921473018934793556150668
0.44301323938033521270574497961156453065474211447579429682391900343039820808981461059210310538739439162657955267894973436043245246
0.4313860656812534542686252328136995783523412441716332969108460521359999479717430309818764901049138831082590870437436087991507169
0.4196867899904290841712570325642641092269015859534835890514540134297138681069504980337213964396111914074659575708033665914506232
0.4079173677281836239704649483875645694872731104278356222312798750095844262701876369786879803206162321916939743944488690199331486
0.3960797660391568236960433916097445675084547888661868349682968827782205290534210461976827512824319807096037355178451612044545256
0.3841759634635175380115553861336773332865906782979956517398617259422092754957773608469400196581771401072687250829378489128929754
0.3722079496062699503458465173768994125130093921378967400016900990493076706038922904935743181819851328709658470965543564592986892
0.3601777248047104172485846716170394442228177399029466759839919378978634780260555071375648270145258361668609954991775412369185263
0.3480872997940905143290066368924526374752721336329269773259469059650758103020252586688993908076503515107154900141956199717850398
0.3359386953715421649530386520049044393999575876734563617155465094726309064361551452470433820923919790175796275952346627971474532
0.3237339420583210233499482314791403566127492262648819137297387160883502395991388541848346483674963870788475535163218735033562601
0.3114750797604245648671288205581285713221656499249644276342910910183775726923193818030936651808393628543687894267764204713139781
0.2991641574276416077635360087551912931272750360155468563835043146739958547255929727523816007150568906984590544884052291675048454
0.2868032327110902531032801731671579370202295884946314345798346514592395653885769162715596387280879889151483378187026972109791733
0.2743943716193014819571161992519122287863679914855464131314717576864525029322920024783764024807750435125653427500970675095959807
0.2619396481729058921988289721951509395267109854056176121615101896476475545594100363687082693198008714024834238441920903093551991
0.2494411440579812906551653088647369914980100937605730527727928580022435125333604595843719494235070865381004286167942095205657632
0.2369009482781190801929863892627265619950955942562037008553872721625767825944464277837936843233809576165124487815478632420395324
0.2243211568052675954682993682122677521903278999749028110745363291681890533750340629965200192169999894470684822488750984496260298
0.2117038722294107454829811166758282037675343533753661584554860070741642764873318427729583077875469119476395486073518479493515937
0.1990512034071405157621639467648093804991234111222754698827005983075469379206083017804603431718485638053576502166876337830181866
0.1863652651091820678458759902802908575172236113126267017574488502413933371521261060619902450564366507800728075915428153605362137
0.173648177666930348851716626769314796000375677184069387236241378132065822139014735421516613157399574011959146396718581042775273
0.160902066618057289081839881779015690764377106330808659214995340239025384010730324607626167740001133899732364916330856213712735
0.1481290623512488209897017069131693320567817550265046972131481181294184864249390564715498241754625293986307114405683340352212825
0.1353312997501310982639365730639120419382107420726116846017096905646418889321514262139297845807901105499704277147170747593197037
0.1225109178364454293040556539973896724198182239874171564495439415933896438783979769474793455520807026896535013982670123240989542
0.1096700594125315649327526441254330993833543001360228030306414012765858172101566789531730167830886452071111919156133202402511087
0.0968108707031790957914761200183673424453438782832803816982139982514365509365992971507302000309925179832417899375008446419647428
0.0839355009969068204802575895525361610587227734455522073476020340725183408999308803986255486387772318995351173445997215093207959
0.0710461022867300411119195658489155600355736064156461893659518441228613384458021331157290017483118485909683837494081442151684854
0.0581448289104758285387480168470715236341114131081647595225859675480571111105391462092253286147805209413263783131960835032843814
0.0452338371907063750621931790893528520954252316536407551539750189621664755411496470023974374928249773825210945351994581771153822
0.0323152850743106179405341227728118278042980736933592819660306007708900614148199700374287421018051666515581875912198465825793996
0.0193913317718243724547571947863969414842195531108325101529530254417047374151449622461380151173576637086653607450741981444355858
0.0064641373965392586698894013522302854041857329996414827183920885298751538848114303342079909359968351126330996178072787796515995
-0.0064641373965392586698894013522302854041857329996414827183920885298751538848114303342079909359968351126330996178072787796515995
-0.0193913317718243724547571947863969414842195531108325101529530254417047374151449622461380151173576637086653607450741981444355858
-0.0323152850743106179405341227728118278042980736933592819660306007708900614148199700374287421018051666515581875912198465825793996
-0.0452338371907063750621931790893528520954252316536407551539750189621664755411496470023974374928249773825210945351994581771153822
-0.0581448289104758285387480168470715236341114131081647595225859675480571111105391462092253286147805209413263783131960835032843814
-0.0710461022867300411119195658489155600355736064156461893659518441228613384458021331157290017483118485909683837494081442151684854
-0.0839355009969068204802575895525361610587227734455522073476020340725183408999308803986255486387772318995351173445997215093207959
-0.0968108707031790957914761200183673424453438782832803816982139982514365509365992971507302000309925179832417899375008446419647428
-0.1096700594125315649327526441254330993833543001360228030306414012765858172101566789531730167830886452071111919156133202402511087
-0.1225109178364454293040556539973896724198182239874171564495439415933896438783979769474793455520807026896535013982670123240989542
-0.1353312997501310982639365730639120419382107420726116846017096905646418889321514262139297845807901105499704277147170747593197037
-0.1481290623512488209897017069131693320567817550265046972131481181294184864249390564715498241754625293986307114405683340352212825
-0.160902066618057289081839881779015690764377106330808659214995340239025384010730324607626167740001133899732364916330856213712735
-0.173648177666930348851716626769314796000375677184069387236241378132065822139014735421516613157399574011959146396718581042775273
-0.1863652651091820678458759902802908575172236113126267017574488502413933371521261060619902450564366507800728075915428153605362137
-0.1990512034071405157621639467648093804991234111222754698827005983075469379206083017804603431718485638053576502166876337830181866
-0.2117038722294107454829811166758282037675343533753661584554860070741642764873318427729583077875469119476395486073518479493515937
-0.2243211568052675954682993682122677521903278999749028110745363291681890533750340629965200192169999894470684822488750984496260298
-0.2369009482781190801929863892627265619950955942562037008553872721625767825944464277837936843233809576165124487815478632420395324
-0.2494411440579812906551653088647369914980100937605730527727928580022435125333604595843719494235070865381004286167942095205657632
-0.2619396481729058921988289721951509395267109854056176121615101896476475545594100363687082693198008714024834238441920903093551991
-0.2743943716193014819571161992519122287863679914855464131314717576864525029322920024783764024807750435125653427500970675095959807
-0.2868032327110902531032801731671579370202295884946314345798346514592395653885769162715596387280879889151483378187026972109791733
-0.2991641574276416077635360087551912931272750360155468563835043146739958547255929727523816007150568906984590544884052291675048454
-0.3114750797604245648671288205581285713221656499249644276342910910183775726923193818030936651808393628543687894267764204713139781
-0.3237339420583210233499482314791403566127492262648819137297387160883502395991388541848346483674963870788475535163218735033562601
-0.3359386953715421649530386520049044393999575876734563617155465094726309064361551452470433820923919790175796275952346627971474532
-0.3480872997940905143290066368924526374752721336329269773259469059650758103020252586688993908076503515107154900141956199717850398
-0.3601777248047104172485846716170394442228177399029466759839919378978634780260555071375648270145258361668609954991775412369185263
-0.3722079496062699503458465173768994125130093921378967400016900990493076706038922904935743181819851328709658470965543564592986892
-0.3841759634635175380115553861336773332865906782979956517398617259422092754957773608469400196581771401072687250829378489128929754
-0.3960797660391568236960433916097445675084547888661868349682968827782205290534210461976827512824319807096037355178451612044545256
-0.4079173677281836239704649483875645694872731104278356222312798750095844262701876369786879803206162321916939743944488690199331486
-0.4196867899904290841712570325642641092269015859534835890514540134297138681069504980337213964396111914074659575708033665914506232
-0.4313860656812534542686252328136995783523412441716332969108460521359999479717430309818764901049138831082590870437436087991507169
-0.4430132393803352127057449796115645306547421144757942968239190034303982080898146105921031053873943916265795526789497343604324525
-0.4545663677185005842994581982276213821465926857923424860819419931145588989560150744789758149735016301993792147301893479355615067
-0.4660435197025388258223487644956296798318131597733437765946105432613803883636042771490492471656530379998958878700765347272340084
-0.4774427770379489895454522423413016068485358406214908430570610726359593820952408343955395937113944170656167457830627112650456492
-0.4887622344495642207542271037920948982705003536838488262760318708699520605081233852111842534232572866363410259944402050488492499
-0.5
-0.5111541954058731045556037174142189809332786223446156552498046201181395478583937617354844955783703845631138674349659832166580038
-0.5222229563517384361465632060641924243109042547257173288003951276127244179259061692272834343498706972950104026103661352316899341
-0.5332044328016912434656755945190728170817761232673793347310627554175724522298262094129201095737246301153340225865965565640762348
-0.5440967893085826581854210031677262289531134664323663440677402430090903531793136747493181012551067158794535148536774247443460748
-0.5548982053207968620941129915925137878173761564226121465923115029984408434145163025417520862169947220431438596544244158895558202
-0.5656068754865386105313764482209289452129933149232364253526559730819510782876504031453567244834551304906011330549307568013593026
-0.5762210099555802534183086799552537164412590034226848716848812966517721146095427555164702895744524605444710675918828491029975177
-0.5867388346784178197979860077758915636445334685780866015210528822990843110571267517310235285186019725444260874165905888357766142
-0.5971585917027861648518521605839597728406514082045068675967103052380580760970915874824893202568271418340084371857314704510380102
-0.6074785394674836197645861026493187869183593744586156920829892778284738887542022368488161969373481994252757074164836415479829437
-0.6176969530934570345005187261066233327729936518046764269866202147354516807065629295848795359308976384592117893224374879083568528
-0.6278121246720985614533886935212893403218303720664467019992702681687285142648997874534260207150119427833572826866887514510375623
-0.6378223635507059939616643020358867007505192712950552393339069502953962545205273970167917184409650882512462476768825898538628416
-0.6477259966150589477659180980931123437790785701405606977728948758478225233599120993048320612852987704373118624180693069642396531
-0.6575213685690636555435855199518135113729874784402581325315245177742096945985786497489971244651388005808588936856135217965865482
-0.6672068422114196346092966295142960727599885136170403267183087654683722769279814112054226257792125661674278949466219813997359969
-0.6767807987092619856339501530585078790681673402192637958654559044826348384367176527446069588609141299106228437440380073530352852
-0.6862416378687335857296049996175379830146374783894523232961327738129726069971314897537175410273256848514150893048543286291347502
-0.6955877784024419523856077683797761437399174909733961152533429378917473147136873495514867127237433536882972790609295924109086558
-0.7048176581937560754383894015284432704878554051691566748403080099644050428357361442429571421888983235453134918289156222073610703
-0.7139297345578990424260206368245531683145444704180931331044204847589602366381041708244741924510158636983759482822285343015922366
-0.7229224844997928182306360030086952353266239742578406282448580919910324166974389313721886214131320009393022388314091390550890777
-0.731794404968612082757707461275034464610756432867724570494331691831523893282630076485262794883891891147502817097655457537688901
-0.7405440131090045804501400117659668562957900505098604521276069111344667064140982050503068858106404820331901807820019651048186658
-0.7491698465089359925953373078230471152681837342424298218629427210253948910630167199776812287728302255207602996431016116723893187
-0.7576704634441179075616216397495170419293783301628471666745062207863429262291719949412355720937606993544401582051415469307337609
-0.7660444431189780352023926505554166739358324570803952458540452846421553888568747235282292766805484934499624883998700455341954248
-0.7742903859041323895967186751676711097303407792244048310354093897128069487261585859700787753101235773365075313434458821650479282
-0.7824069135703197489570782128657324125812111208222993358547237463875136490852727360941518370664342898915633054886362549318059229
-0.7903926695187592928309861705801471926573310976315619654936515847290921419212783247991998673864876167442715940936174290571741169
-0.7982463190078929145544207649053955282012246905859741687427927441125826740772654995690686963587586888336403926885292664442776675
-0.8059665493764743111813906667471959018982638740546762933432904031588437348431890585971578397090552711751823951873682818151385812
-0.813552070262967563714650849682891977720411874702247073133710123893044471411942054265293325639418289730662299075159924235494077
-0.8210016138212185372954336890252703473596367105000182254697726672882460427903607044301469899302181463883013425593351650126976523
-0.8283139349323630539720115310027089433931450416731999463855677193302692528129023197258700270063911988893478181113849723360741213
-0.8354878114129364196538261700195835937419766353052700021809207984995805618639746934951938162959285510845985721976647986700411786
-0.842522044219149521764680381106113785287326046090802149531348697473276450403696367284803046810247029743825585488192024418839965
-0.8494154576472973548289683550208828511644816671886741248405303298673395661798025598036801089317581599738805706720838818498894081
-0.8561668995302664776520353684721921928988660918536820026624509905087620781480686272687278613771065240231672807300361412882961419
-0.8627752414301085577814582769298553711235671460781012479203366014608041249965204037051927804449218860983057952545772786872794818
-0.8692393788266478164513476782820856565277528790777427306387286899906792788813318340394007713809187212109388948723845574669310813
-0.8755582313020908501067925632585891343830856449645145128154040159504668155632135895148658764944641877318326414751103394327317278
-0.8817307427216079727695024777936946789687797408820334068065609306382296275946225298411088510335633266254387582633037284324688077
-0.8877558814098558968268735601954666373827512777444429046853237164354429259448460142872004843030720071263466800233914825959553471
-0.89363264032341224819257418686665511737608804841343476170350676604763767297451383970441914491070907202592495051086088217332556
-0.8993600372190930950839310968516245034287186480888461357515195634531305912587044528415990287547030474803162018607931165512426067
-0.9049371148181253577756912785778065084183594839455704328173747013607643836902915848287725385689953782878364599039348865220184482
-0.9103629409661466595061269697012593201657557529855274548319241221444810223485413514160235256704108077139040890126607688774588198
-0.9156366087890058761141433108726290012816181741906990963739318044354295520533457375503308564921439163822935871029816020553896899
-0.9207572368443383438584764189027852006210429145733913251923366857059723179556634765165480419108393915232938940867962787683766217
-0.9257239692688903910949227436440592345955418397041736500953612752937340308534297510131296519672777272942420218083345038164938207
-0.9305359759215685699467799197789017446379928758488040330678718645169321355102117925657016612418968192901940169292045889670272054
-0.93519245252218967867855855694668680049471788555521349025040472995183233273688891057770494305012471123623989625977673837876066316
-0.93969262078590838405410927732473146993620813426446463309028666277422121099588945894974588983794806746192163479658862657697069787
-0.94403572855329997540749763002980789944660194147547386843195507102773626338129810100322581715019735013451296579668436229126997459
-0.94822104991607650835750125458785649576730714536470529174564331933294182898362502175814157194467878932611794985978924545540750535
-0.95224788533841532593312112844179506006332440388522661058309291820863098290143004782326519359818739398082972938935381305417025953
-0.95611556177387967822600682948730221680108433284262738156886802099971294665766413948178281410089188059457129934653055598731493085
-0.95982343277791189842362239227142179732171956851404432910024536415360919929188535915598230573651295855581468761295700229712861008
-0.9633708786158803330811859456892901598125545641786661858772133427612037491714646304088461418745229502364763768990227438221579998
-0.96675730636666196763721837372359421001456639057477428700181819961205259739514618061166541150869919494779691567310771251671626938
-0.96998215002174343434272396763168837252628548245894252838481469557819981764597935202986311520451839720086262181102665992050463644
-0.97304487057982383883288517278469592003486706688408375787596742527221217238570840602527717975541367376656342712355702584011392349
-0.97594495613690359339748616181369917219544237623481065224896021915663069316231062549698855957597102060908189823244323652054013061
-0.97868192197184419947642545007242464408215416354200475435259985648674984962030079300851629096005192902179668437339840187104997506
-0.98125531062738467889353375143095386798573670470514004626126323386255993419771750393383177283263518765970644720193539529994280832
-0.98366469198660111271895675009801678317903615781401705948844138532045342979606724455187544337769074945489149001330396976138710626
-0.9859096633447965082906709389283393382257914049279822166598538562604720648225526556856911092486154397619617376910782098256478814
-0.9879898494768089787019733651383287845446481119693933779832622060665919922909552945909908477295377789502182781858662926879560886
-0.9899049026997269848463652434835227452860030439425731669883103137847593513104552200784538541128827713301776364189918443676555421
-0.99165450293100115777614148878299612020495005275661134382285100377068316424997959769575621659552533953254443249942149046087591907
-0.99323835774194298854789555219370434034910619707069370256500718801627860515051263368017207153925912254361217270357663165549253576
-0.99465620240660144376845095616345613313180657900592222375233275730866873732731438870971150883921820473612006181103945785570976271
-0.99590779994600933758956571251951782566816058937616846073633531008148598271649325355019168601406365195193702516268621569444814087
-0.99699294116779206480000168103462852356533455909486972226350202521795102625939343412723321458836901359886022009867436560051001952
-0.99791144470113207479985797120407831847211827089840644341623050642883905150433091313385519160438911366972341233337415024998827269
-0.9986631570270832424848792013953476110997061522247088301496822361236492521353287492282939162286083460788327295838667726799075815
-0.99924795250423006928802435901470249691358928304072311132567329867895284059343048656196935673937766811522991045667309129131024325
-0.99966573338968742569201544840549403115944009534720817185745620024868380002114700362282302806126511436062714839342884649673558333
-0.99991642985543732530983082120631387920377897602846448152583649098809160836651714694666874900162767119945489342940618826550725369