0.99988025179668480869293459550038288421785745800611332629721802406329889784724340984777626613012488278626347527099107154825825833
0.99952103586600362920452706990622082512285853061441670072440072611904940298455278221445248800891621188817725381339379498677807795
0.9989224382388810640658741579719598844596057269580401814145572311543107807285456110831434990191290848728528067001869281066088331
0.99808460227729782660498506598355678941517258428913158053915455272876975431851032358895003629119085046213902697548544386459887292
0.99700772863995606171852519708540020106644859089942388460242184405923945562903292325341774966164713173374297537677835495142159315
0.99569207523422230774899715146867776148481290800389146318307542496541705700152020142547939587140081562774324055638868887460858247
0.99413795715435960895530271587955156685455961848139393826452030284202881152344188843854255359768679392400624320936880437135133411
0.9923457466060635717637942924722647938022026241418431867418097471318118482191430901325996166106101973499245543723257044727668567
0.99031587281732043814317379751438107772071074995487924515388038182135546222919963097770361968499898683387499561536919828752525717
0.98804882193560852527434585088803796820065483739134049594458689376013175536324703462201610029485101258446835945441377020531206831
0.98554513691146765140103110314697107605940145474010105620399036128904520832572903733298142254556564417436276838112518594704706193
0.9828054173684644325652703905542800934923558213833765301064180726712631751946871946890573507997987643921207825159952787024609682
0.97983031945958459307198881293937867252369798052687410057198149602726223970879591287449296958844338395425639561079956185849670618
0.97662055571008668320822796287786335179898163924268656282144862439711442370894685745036105387241055485447728679537142673656026207
0.97317689484685484018696787384255867320129284573366401709058725931489486758795508963788339848863449987537493623408175533128947991
0.96950016161429146171609403785390283324813207797256145178196461706331985860252192245814283121483605207923789105806319894602700642
0.96559123657679388523562405189353029209825212074511513166001408364659770930676651757498139680056058140560169334059651670082500928
0.96145105590786237894874227774512208971244824276115219511286967824682020240586305673304066858332321596678672270353343576572718527
0.95708061116588995252497764488294370737424085176527901849842693247223398279393457564323504505373431009820793216013922940537239063
0.95248094905668768501019110319674338764300988013765220274407451719578632072964838279038584834323598991647340279258547159760386671
0.94765317118280244427400401197116016346228033622835774142912121771409344495095576014135575376996643769521255778439544599852841881
0.94259843377968703550006571546586966114700223238749599104098782829371102080851916417484607844746398471892417269432648091088290637
0.93731794743878596502055871343761834725604390122272547920152425597665640867307878960712814208553725222890626551945100957435877341
0.93181297681760313945944785975710181584528014553331538551377681555563315716835383103980709782680631453659035429551476364490184468
0.92608484033682093792869485994019103234438190848824568003891803465301138640681329044188379786201226579346091043028106062231738071
0.92013490986454319617128395056558202463432081119278913746392910179690432909214603381598764084803650547324710776297463613895620553
0.91396461038773772532172483867176884883319349922718386030059272533128871491464376775325157629611508061170981444021879114355401491
0.90757541967095705362016129002851780735020104328134281882552186998418060099014267776843566514629916539756535011032571947603763473
0.90096886790241912623610231950744505116591916213185715005356242319943242042793996550136145471851241531831096436867510363979163288
0.8941465373275327256024053396717301740174156468184196316792309302934011097880521095511361059673388387569752996850485000924850226
0.88711006186995538160446265850475635123660927116159235159488799775513741639399586724288291713475718404526882274383219184563747671
0.87986112674027452689342202383658641918191525622660289085882748802311992913053717882876218261572335604608583176824819078866178425
0.87240146803240561678059045093987169098180934731424570172182252127696285630600586002946068905244912947904861283958209684560034414
0.86473287230780387491301589008722071987785035667918052556224571410436294284994015415561560479986169281486839261656219807808374469
0.85685717616758924452307655190537444602740008573201755751909668490242131812845354965641482892777137763605544916452022101207582045
0.84877626581268701978874041366554206836286793077111872678514079789437145173990394198577759147119168508717219346693793521912975592
0.8404920765920895020427068331655668184741589206469107022914914589550819410897961467063464606421861086073473240288773748168550251
0.83200659253934687054050534120111382152339592446843843286994074623546618545258469700740664255571390354640193923004102279386509435
0.82332184589739827655844303060218895570139864969170076635018155101002829415844958692752558485708866295182648802819754678030451501
0.81443991663185696206690657384039359247824134130644157554456122473278359837173600788379851688891609028249652584229446274388193723
0.80536293193286596944415014648477282176674072788748858406058805885172928777588721456120696972409902949661399522603219973243826062
0.79609306570564374599807624650986824218232293680895832858818728732298240101215156175708069095358990484418511679754479413777755162
0.78663253804984165579306849679463329315596138297723482904693341556510094041323193431395418545673564896385499315282979141522158972
0.77698361472783809078693300583437190080470282633724998985762219233968046312523676389306726944960698682730783027397213640800117652
0.76714860662209652292771520278414741896108191588614370495837159036411811847775915498162115048894599101027261407935274559334835294
0.75712986918171745800700187048728491693865326795003686316267378884985756232583461623056989032968603742571473170784190213128611533
0.74692980185831684008801711682693953851709102478163998081226052429914176223647291602181440788588583120189587060411126608782794298
0.73655084753136601160355435337627341243031535223401380386529187869742836063632028489088149226108410006798137773316125750794222167
0.7259954919231308581383348989285119089043435888922007683600283001809361986244071569408501288279339842527782644089832480514525011
0.71526626300335025786827793156046831840583089413651673096200619971079437272340975986771313393748387141578844225811282542176302265
0.70436573038379641302883071171604482574666577577782413893242249070295159048414768392440055291935804385476490519785901745480583114
0.6932965047028620640374039011594075873163196996874641329711707012981150926345943776938902536932898983962264795149143593301110852
0.6820612370003219754207240476157101853668938296866229636327462624995423934142800820323408417195459792379491897965556494857703051
0.67066261808241843592451055409115521403326305062939038577202240727509557092532021471775111924617871150846661386600800423146471465
0.65910337787742283254671839169461128715048116789906937443179080060222050443133437576733514768859311328134423066334797827427326904
0.64738628478182763918166013418614626875733039357172865932187248030070517266729529073583756197231668857170123509523165192889426759
0.6355141449973254045443532034155151287525210323897769384709889585714775316670771896468086854014043746767159367365897749536014317
0.62348980185873353052500488400423981063227473089640210536554943909685365245648728457594250732658537166705809220917454300913572926
0.61131613515302580057420452605139733855333763948415300711712701901510850419458726565655422714950072985389828786601866264036993242
0.59899606042963374762080326603222610813903225714183851863990148508326372762407911412094875346536143736114115205537068423001479961
0.58653252830218304186652282401990923176332914540630694897765779369181897105414554326894772573826500679280359847708766373365339016
0.57392852374183213008329731939863879439244652235543527744096735914308422187944475314279659250970027981068195936249303980133676854
0.56118706536238236926994092837360920297580691636439138831894603398450909324253771146580914777783050629325060734861262733875932611
0.54831120469733086822226708587879068156159650174471180268396486353946632377316013083061499556549473111558013652123930616105545853
0.53530402546903918026328683425624388042888810937056099061465000244643331194928116523357564223393601037747664219851689443075965331
0.52216864285019287860543042122476514262103153219821240334606028290347101834040296066830583246311046770443442329774534413575116162
0.50890820271772889212264417196049780092435362713773224047506113078646230872699924172669000283799015651473841072503662471401435057
0.49552588089940928325453037408996988002833908545905303297425461487534642571350676734104026782237154194312393962041750149077776046
0.48202488241322191091538323867202060579058762686938918807076369856448616930110311627511775834033560253307380295823183323365668661
0.46840844069979013921623967414945735628142183442301273709197717062928537959333523921952388836208129908013691766969092501802974577
0.45467981684797542711647031083152933710212514096650646952179091083323914345825008110615045623285123721424850275079667228533064459
0.4408422988138582644019930937285841293725666943989891293288076850529030881006220248567690366439501264009766858504529333073188972
0.4268992006332845052494524863283869141831718027063093601689816438449335149568471899148781134917094105482063148743173144777056573
0.4128538616281656916998635843252127062318818458641846933236155782440818453822106528506348212092521576671166446283885694643545953
0.3987096456067234552621928985776738855223657778799377232317822600591336444007952275571722668690460481305160986703249316487173904
0.3844699400578695352388742810858168455638107338780933237171540012404417714229102686791305602864049086092398103972018022470491067
0.3701381553399143568639806676151644570979831125543558368355230957051738071833711393036414905775338692108040768853291353496639458
0.3557177238637984706343175986712702924369909009257358015885847849967292770731868083583884518360275695214471921842900661445438
0.3412120992710424659687673915828756425903629096551138688177829662968496457256447564029790852933087577019860233361894782421160924
0.326624755606612237237632746538512245407100491521773008652487133741139547235573265274112752286799406114803687089011712981358086
0.3119591864868976979585649362482046921185669607072932515917187394074071636756093032759632747995480747112227837070250181371027786
0.2972189042630042092672666450021720959513885174482348122505386328150641618547152407883575041928677930065292230798470570388242532
0.2824074391795571113592475642568667606704970904399711576201887603155462332200875347350951187439831672684419687092512774373842713
0.2675283385292208211946262052833413401837298335110396977370135256636961992088684489244893425475077724535680175574784333047567823
0.2525851658031349861039522424562594420751832206462957302614188359678725640911458323064438779165245237566945157248218130412845793
0.2375814998374711607834638790700184455906298850976606289172239509364198041971185056343485385789677505802588482038889814343548647
0.2225209339563144042889025644967947594663555687645449553119870158974212320285473190745810526080729563487471278404994393693440964
0.2074070751110750738054618161970289245654695546826201924633572504358834187335945721972188689884242325820782018743363081393521005
0.1922435430166369229768507304918085598742351902929119365292751324487196078761417197686604320991975494073464880551233351152110742
0.1770339692844483942197831940009706193734501393329847787642357099646297987824738685501872064347195709740996787519213098821607203
0.1617819965527647265442600643364213138441938110314947043712150029014290711903686062430581423886252792403361082248720529920983599
0.1464912776142491827694597782282249577346303172897075132275529780682306804128414907677875323394878169069548025300226130141413818
0.1311654745411423325064679369156785449607181617740311105258713095165135829321330674104783993173287405633653582015461056422377538
0.1158082578082089097209813861819162981131428489493913413329770360621916941728743661617823265455257722353477373554685871455460703
0.1004233054136722959520244085378956303022628839461900085114805867800522075165591474179372833057432324656015147787215749727815047
0.0850143019983471622191388253342632859460112604529858167863697643607721863251861414890628086159456646170691365424725105169793478
0.069584937963181234185029235253984140485686661073071711100001808145470457577318784979535739889949812334735179734326617668691199
0.0541389085854175261499083259745986926125797884454431307124296799326275676627957363339438430131428630508093830004385845118734623
0.038679913133588719846544838235045367325072297243884691408684629592945475630408090445790496097860441865240644656574457769796169
0.0232116539815556437021404578660716469245681767338198013583765145942353966479210118964062329325624975882378599569524171890165504
0.0077378357218020371676652054752405014358251285617174757013761830647686519767714323334816625288881086953255586585676352276636089
-0.0077378357218020371676652054752405014358251285617174757013761830647686519767714323334816625288881086953255586585676352276636089
-0.0232116539815556437021404578660716469245681767338198013583765145942353966479210118964062329325624975882378599569524171890165504
-0.038679913133588719846544838235045367325072297243884691408684629592945475630408090445790496097860441865240644656574457769796169
-0.0541389085854175261499083259745986926125797884454431307124296799326275676627957363339438430131428630508093830004385845118734623
-0.069584937963181234185029235253984140485686661073071711100001808145470457577318784979535739889949812334735179734326617668691199
-0.0850143019983471622191388253342632859460112604529858167863697643607721863251861414890628086159456646170691365424725105169793478
-0.1004233054136722959520244085378956303022628839461900085114805867800522075165591474179372833057432324656015147787215749727815047
-0.1158082578082089097209813861819162981131428489493913413329770360621916941728743661617823265455257722353477373554685871455460703
-0.1311654745411423325064679369156785449607181617740311105258713095165135829321330674104783993173287405633653582015461056422377538
-0.1464912776142491827694597782282249577346303172897075132275529780682306804128414907677875323394878169069548025300226130141413818
-0.1617819965527647265442600643364213138441938110314947043712150029014290711903686062430581423886252792403361082248720529920983599
-0.1770339692844483942197831940009706193734501393329847787642357099646297987824738685501872064347195709740996787519213098821607203
-0.1922435430166369229768507304918085598742351902929119365292751324487196078761417197686604320991975494073464880551233351152110742
-0.2074070751110750738054618161970289245654695546826201924633572504358834187335945721972188689884242325820782018743363081393521005
-0.2225209339563144042889025644967947594663555687645449553119870158974212320285473190745810526080729563487471278404994393693440964
-0.2375814998374711607834638790700184455906298850976606289172239509364198041971185056343485385789677505802588482038889814343548647
-0.2525851658031349861039522424562594420751832206462957302614188359678725640911458323064438779165245237566945157248218130412845793
-0.2675283385292208211946262052833413401837298335110396977370135256636961992088684489244893425475077724535680175574784333047567823
-0.2824074391795571113592475642568667606704970904399711576201887603155462332200875347350951187439831672684419687092512774373842713
-0.2972189042630042092672666450021720959513885174482348122505386328150641618547152407883575041928677930065292230798470570388242532
-0.3119591864868976979585649362482046921185669607072932515917187394074071636756093032759632747995480747112227837070250181371027786
-0.326624755606612237237632746538512245407100491521773008652487133741139547235573265274112752286799406114803687089011712981358086
-0.3412120992710424659687673915828756425903629096551138688177829662968496457256447564029790852933087577019860233361894782421160924
-0.3557177238637984706343175986712702924369909009257358015885847849967292770731868083583884518360275695214471921842900661445438
-0.3701381553399143568639806676151644570979831125543558368355230957051738071833711393036414905775338692108040768853291353496639458
-0.3844699400578695352388742810858168455638107338780933237171540012404417714229102686791305602864049086092398103972018022470491067
-0.3987096456067234552621928985776738855223657778799377232317822600591336444007952275571722668690460481305160986703249316487173904
-0.4128538616281656916998635843252127062318818458641846933236155782440818453822106528506348212092521576671166446283885694643545953
-0.4268992006332845052494524863283869141831718027063093601689816438449335149568471899148781134917094105482063148743173144777056573
-0.4408422988138582644019930937285841293725666943989891293288076850529030881006220248567690366439501264009766858504529333073188972
-0.4546798168479754271164703108315293371021251409665064695217909108332391434582500811061504562328512372142485027507966722853306446
-0.4684084406997901392162396741494573562814218344230127370919771706292853795933352392195238883620812990801369176696909250180297458
-0.4820248824132219109153832386720206057905876268693891880707636985644861693011031162751177583403356025330738029582318332336566866
-0.4955258808994092832545303740899698800283390854590530329742546148753464257135067673410402678223715419431239396204175014907777605
-0.5089082027177288921226441719604978009243536271377322404750611307864623087269992417266900028379901565147384107250366247140143506
-0.5221686428501928786054304212247651426210315321982124033460602829034710183404029606683058324631104677044344232977453441357511616
-0.5353040254690391802632868342562438804288881093705609906146500024464333119492811652335756422339360103774766421985168944307596533
-0.5483112046973308682222670858787906815615965017447118026839648635394663237731601308306149955654947311155801365212393061610554585
-0.5611870653623823692699409283736092029758069163643913883189460339845090932425377114658091477778305062932506073486126273387593261
-0.5739285237418321300832973193986387943924465223554352774409673591430842218794447531427965925097002798106819593624930398013367685
-0.5865325283021830418665228240199092317633291454063069489776577936918189710541455432689477257382650067928035984770876637336533902
-0.5989960604296337476208032660322261081390322571418385186399014850832637276240791141209487534653614373611411520553706842300147996
-0.6113161351530258005742045260513973385533376394841530071171270190151085041945872656565542271495007298538982878660186626403699324
-0.6234898018587335305250048840042398106322747308964021053655494390968536524564872845759425073265853716670580922091745430091357293
-0.6355141449973254045443532034155151287525210323897769384709889585714775316670771896468086854014043746767159367365897749536014317
-0.6473862847818276391816601341861462687573303935717286593218724803007051726672952907358375619723166885717012350952316519288942676
-0.659103377877422832546718391694611287150481167899069374431790800602220504431334375767335147688593113281344230663347978274273269
-0.6706626180824184359245105540911552140332630506293903857720224072750955709253202147177511192461787115084666138660080042314647146
-0.6820612370003219754207240476157101853668938296866229636327462624995423934142800820323408417195459792379491897965556494857703051
-0.6932965047028620640374039011594075873163196996874641329711707012981150926345943776938902536932898983962264795149143593301110852
-0.7043657303837964130288307117160448257466657757778241389324224907029515904841476839244005529193580438547649051978590174548058311
-0.7152662630033502578682779315604683184058308941365167309620061997107943727234097598677131339374838714157884422581128254217630226
-0.7259954919231308581383348989285119089043435888922007683600283001809361986244071569408501288279339842527782644089832480514525011
-0.7365508475313660116035543533762734124303153522340138038652918786974283606363202848908814922610841000679813777331612575079422217
-0.746929801858316840088017116826939538517091024781639980812260524299141762236472916021814407885885831201895870604111266087827943
-0.7571298691817174580070018704872849169386532679500368631626737888498575623258346162305698903296860374257147317078419021312861153
-0.7671486066220965229277152027841474189610819158861437049583715903641181184777591549816211504889459910102726140793527455933483529
-0.7769836147278380907869330058343719008047028263372499898576221923396804631252367638930672694496069868273078302739721364080011765
-0.7866325380498416557930684967946332931559613829772348290469334155651009404132319343139541854567356489638549931528297914152215897
-0.7960930657056437459980762465098682421823229368089583285881872873229824010121515617570806909535899048441851167975447941377775516
-0.8053629319328659694441501464847728217667407278874885840605880588517292877758872145612069697240990294966139952260321997324382606
-0.8144399166318569620669065738403935924782413413064415755445612247327835983717360078837985168889160902824965258422944627438819372
-0.823321845897398276558443030602188955701398649691700766350181551010028294158449586927525584857088662951826488028197546780304515
-0.8320065925393468705405053412011138215233959244684384328699407462354661854525846970074066425557139035464019392300410227938650943
-0.8404920765920895020427068331655668184741589206469107022914914589550819410897961467063464606421861086073473240288773748168550251
-0.8487762658126870197887404136655420683628679307711187267851407978943714517399039419857775914711916850871721934669379352191297559
-0.8568571761675892445230765519053744460274000857320175575190966849024213181284535496564148289277713776360554491645202210120758205
-0.8647328723078038749130158900872207198778503566791805255622457141043629428499401541556156047998616928148683926165621980780837447
-0.8724014680324056167805904509398716909818093473142457017218225212769628563060058600294606890524491294790486128395820968456003441
-0.8798611267402745268934220238365864191819152562266028908588274880231199291305371788287621826157233560460858317682481907886617842
-0.8871100618699553816044626585047563512366092711615923515948879977551374163939958672428829171347571840452688227438321918456374767
-0.8941465373275327256024053396717301740174156468184196316792309302934011097880521095511361059673388387569752996850485000924850226
-0.9009688679024191262361023195074450511659191621318571500535624231994324204279399655013614547185124153183109643686751036397916329
-0.9075754196709570536201612900285178073502010432813428188255218699841806009901426777684356651462991653975653501103257194760376347
-0.9139646103877377253217248386717688488331934992271838603005927253312887149146437677532515762961150806117098144402187911435540149
-0.9201349098645431961712839505655820246343208111927891374639291017969043290921460338159876408480365054732471077629746361389562055
-0.9260848403368209379286948599401910323443819084882456800389180346530113864068132904418837978620122657934609104302810606223173807
-0.9318129768176031394594478597571018158452801455333153855137768155556331571683538310398070978268063145365903542955147636449018447
-0.93731794743878596502055871343761834725604390122272547920152425597665640867307878960712814208553725222890626551945100957435877341
-0.94259843377968703550006571546586966114700223238749599104098782829371102080851916417484607844746398471892417269432648091088290637
-0.94765317118280244427400401197116016346228033622835774142912121771409344495095576014135575376996643769521255778439544599852841881
-0.95248094905668768501019110319674338764300988013765220274407451719578632072964838279038584834323598991647340279258547159760386671
-0.95708061116588995252497764488294370737424085176527901849842693247223398279393457564323504505373431009820793216013922940537239063
-0.96145105590786237894874227774512208971244824276115219511286967824682020240586305673304066858332321596678672270353343576572718527
-0.96559123657679388523562405189353029209825212074511513166001408364659770930676651757498139680056058140560169334059651670082500928
-0.96950016161429146171609403785390283324813207797256145178196461706331985860252192245814283121483605207923789105806319894602700642
-0.97317689484685484018696787384255867320129284573366401709058725931489486758795508963788339848863449987537493623408175533128947991
-0.97662055571008668320822796287786335179898163924268656282144862439711442370894685745036105387241055485447728679537142673656026207
-0.97983031945958459307198881293937867252369798052687410057198149602726223970879591287449296958844338395425639561079956185849670618
-0.9828054173684644325652703905542800934923558213833765301064180726712631751946871946890573507997987643921207825159952787024609682
-0.98554513691146765140103110314697107605940145474010105620399036128904520832572903733298142254556564417436276838112518594704706193
-0.98804882193560852527434585088803796820065483739134049594458689376013175536324703462201610029485101258446835945441377020531206831
-0.99031587281732043814317379751438107772071074995487924515388038182135546222919963097770361968499898683387499561536919828752525717
-0.9923457466060635717637942924722647938022026241418431867418097471318118482191430901325996166106101973499245543723257044727668567
-0.99413795715435960895530271587955156685455961848139393826452030284202881152344188843854255359768679392400624320936880437135133411
-0.99569207523422230774899715146867776148481290800389146318307542496541705700152020142547939587140081562774324055638868887460858247
-0.99700772863995606171852519708540020106644859089942388460242184405923945562903292325341774966164713173374297537677835495142159315
-0.99808460227729782660498506598355678941517258428913158053915455272876975431851032358895003629119085046213902697548544386459887292
-0.9989224382388810640658741579719598844596057269580401814145572311543107807285456110831434990191290848728528067001869281066088331
-0.99952103586600362920452706990622082512285853061441670072440072611904940298455278221445248800891621188817725381339379498677807795
-0.99988025179668480869293459550038288421785745800611332629721802406329889784724340984777626613012488278626347527099107154825825833