0.99452189536827333692269194498057038152079208870931942736655883357431625068689836257930622038336092967901760933592087343856440085
0.97814760073380563792856674786959953245973780886267710788517766364059683312009512199975852545478563672221737010812557636952599961
0.95105651629515357211643933337938214340569863412575022244730564443015317008519350171879281097081138167589971755140300420898706619
0.91354545764260089550212757198531717794081045937747454506099978806511488210263127168178400089329999498758288627658095385708406697
0.86602540378443864676372317075293618347140262690519031402790348972596650845440001854057309337862428783781307070770335151498497255
0.80901699437494742410229341718281905886015458990288143106772431135263023140945122485360360209469556874237704403769344587606331693
0.74314482547739423501469704897425697718911387349802638604012367054777034442111912541416405424808380861803436695639437010239598251
0.66913060635885821382627333068678047359958321895979567681745335228796660171064389714615492336009006797984032607043213049346268268
0.58778525229247312916870595463907276859765243764314599107227248075727847416235195750850404986274133596005313160275265936633893033
0.5
0.4067366430758002077539859903414976129231396510661734362942863528170377765245464050708021705206195937189644777331682140722254705
0.3090169943749474241022934171828190588601545899028814310677243113526302314094512248536036020946955687423770440376934458760633169
0.2079116908177593371017422844051251662165847606277238364071819738823828256640743763046287567227275730578653505950086341065910837
0.10452846326765347139983415480249811908065586947459311399327547671248465069318004682818039879860442624520584223888750798102075
0.e-127
-0.10452846326765347139983415480249811908065586947459311399327547671248465069318004682818039879860442624520584223888750798102075
-0.2079116908177593371017422844051251662165847606277238364071819738823828256640743763046287567227275730578653505950086341065910837
-0.3090169943749474241022934171828190588601545899028814310677243113526302314094512248536036020946955687423770440376934458760633169
-0.4067366430758002077539859903414976129231396510661734362942863528170377765245464050708021705206195937189644777331682140722254705
-0.5
-0.5877852522924731291687059546390727685976524376431459910722724807572784741623519575085040498627413359600531316027526593663389303
-0.6691306063588582138262733306867804735995832189597956768174533522879666017106438971461549233600900679798403260704321304934626827
-0.7431448254773942350146970489742569771891138734980263860401236705477703444211191254141640542480838086180343669563943701023959825
-0.8090169943749474241022934171828190588601545899028814310677243113526302314094512248536036020946955687423770440376934458760633169
-0.8660254037844386467637231707529361834714026269051903140279034897259665084544000185405730933786242878378130707077033515149849725
-0.913545457642600895502127571985317177940810459377474545060999788065114882102631271681784000893299994987582886276580953857084067
-0.95105651629515357211643933337938214340569863412575022244730564443015317008519350171879281097081138167589971755140300420898706619
-0.97814760073380563792856674786959953245973780886267710788517766364059683312009512199975852545478563672221737010812557636952599961
-0.99452189536827333692269194498057038152079208870931942736655883357431625068689836257930622038336092967901760933592087343856440085