0.99639748854252650165154277365753845857310744601764724431300034305399412581890125549499241991836871903177206921003581549346039186
0.98561591034770846226477029397621845736859851488543979463057132851278792497632418667057705239271403668799084566260909914711083458
0.96773294693349883868846282875139693733825736996303001333223104313323336873459772677841174052554272809881804489307250440864734119
0.94287744546108417004097128641441466781983147738894327042926850798311234404445570600911589000449064661951786147734712883219598925
0.91122849038813570282660508992283847568703097156829556571298784587401700529510917329373483242984595596774211552676364036844463338
0.87301411316118815874909980158174893067336707323497866562631193906394247934451538434281786302393225284565748749988250924092094626
0.82850964924384212353081843419186431756956575873409001533722083368908188615524783424534888282424488305355035009267427139563110973
0.7780357543184395071379034311358886990221936401352832333110339577322377812639231001404518985262903433961341445579667768800310338
0.72195609395452446235391606047102166532252320961072605004472723178143947112137215693832157846823192265207755881520415424131623086
0.66067472339008144190840299928421467963922787896791415966984850811511906614205365291694963910445335835375612615170875349024389913
0.59463317630428661613282845777909555295305576813573635568199200318863898666832292396370402171383533497055932718439015736730354032
0.5243072835572316877977574563473161566248436043290339496274943958195956036696238040662938223208570319821280538098616714399569679
0.4502037448176732924559998305063153741702939202281172900302976955406895582848553415616139798658033526120870285832223742010141308
0.3728564777803086108306500487961622518677981976570400494017331666305126877678523148837689208825453558998224983698974754993036169
0.2928227712765503799533928156354034200205068349664274408761458934666330581998638328642718019356749612876529922134187388371038919
0.2106792699957263203605157515044546621513640680787355023777717813069776433125811744776526850309603849936415335301765582105772419
0.1270178197468787473745739656594515054988517831507757905307187276827406160626249421528386482885201177172951434435902576795313448
0.0424412031961483058780691875345072019659686076974771407852880322461825458195658637856101346838245646129060789029219412521120852
-0.0424412031961483058780691875345072019659686076974771407852880322461825458195658637856101346838245646129060789029219412521120852
-0.1270178197468787473745739656594515054988517831507757905307187276827406160626249421528386482885201177172951434435902576795313448
-0.2106792699957263203605157515044546621513640680787355023777717813069776433125811744776526850309603849936415335301765582105772419
-0.2928227712765503799533928156354034200205068349664274408761458934666330581998638328642718019356749612876529922134187388371038919
-0.3728564777803086108306500487961622518677981976570400494017331666305126877678523148837689208825453558998224983698974754993036169
-0.4502037448176732924559998305063153741702939202281172900302976955406895582848553415616139798658033526120870285832223742010141308
-0.5243072835572316877977574563473161566248436043290339496274943958195956036696238040662938223208570319821280538098616714399569679
-0.5946331763042866161328284577790955529530557681357363556819920031886389866683229239637040217138353349705593271843901573673035403
-0.6606747233900814419084029992842146796392278789679141596698485081151190661420536529169496391044533583537561261517087534902438991
-0.7219560939545244623539160604710216653225232096107260500447272317814394711213721569383215784682319226520775588152041542413162309
-0.7780357543184395071379034311358886990221936401352832333110339577322377812639231001404518985262903433961341445579667768800310338
-0.8285096492438421235308184341918643175695657587340900153372208336890818861552478342453488828242448830535503500926742713956311097
-0.8730141131611881587490998015817489306733670732349786656263119390639424793445153843428178630239322528456574874998825092409209463
-0.9112284903881357028266050899228384756870309715682955657129878458740170052951091732937348324298459559677421155267636403684446334
-0.94287744546108417004097128641441466781983147738894327042926850798311234404445570600911589000449064661951786147734712883219598925
-0.96773294693349883868846282875139693733825736996303001333223104313323336873459772677841174052554272809881804489307250440864734119
-0.98561591034770846226477029397621845736859851488543979463057132851278792497632418667057705239271403668799084566260909914711083458
-0.99639748854252650165154277365753845857310744601764724431300034305399412581890125549499241991836871903177206921003581549346039186