0.99989987176674886135062938582233285030411335402396509140950692260695282547670468654517022841472907804745080476422861778726038969
0.99959950711832163339137246737521275484807599157030247210871266906661295129580641036267128207025032284324876763289884284344247579
0.99909896620468147235770279122791734400840367661067107498565830644588079259811855251341456789687444308285938866107287466681944598
0.99839834926238308364980264362334971117563688823177804510637149572864784804091727016353690476157367321142272469861872324487380165
0.99749779659449970357289739292508384240717610909958529390701312555056180860923245037694675100662668177265294026475610808658397055
0.99639748854252650165154277365753845857310744601764724431300034305399412581890125549499241991836871903177206921003581549346039186
0.99509764545026603004323838902965804541043443096224193013905025336611669234265689635716961532515794155906520609300507802782342109
0.99359852761970295222365717944870958069579697627789962128370836462218125525677743407425941751354462241523466547864989385980256693
0.99190043525887688731440780726651353408418175036752310279303406554527031883703611245689603760207793333730637969270054198686709298
0.99000370842176380885333369420419424209564744152814332095582851623966443210650771018655319341176042699027267816290587906261846674
0.98790872694017803714600203083308153128778267887084583020555521329539577234298295618149855045490365224321099246291283413805644645
0.98561591034770846226477029397621845736859851488543979463057132851278792497632418667057705239271403668799084566260909914711083458
0.98312571779570422995864129615684549084839328937110375722914116132315912585705410307592906613284164715351117202920159547738680924
0.98043864796132671488358207200982313566456328073959234804470804743298522077496705862432509466663715873229286792921790052881157521
0.97755523894768619434024935479825763544643450092595952646372136284171941769614296956897865410407929842384018697828233602639100174
0.97447606817608322079597209020228271118200734971247498465121520252207291355231497504768226171607630727349819352160332913033941575
0.97120175227037627255296487036679791351297318240521721816253537263673981640630483144314471129633756592211621328912103579552106825
0.96773294693349883868846282875139693733825736996303001333223104313323336873459772677841174052554272809881804489307250440864734119
0.96407034681615066651902128521189693207275398254700053520133679165223361003124514333660337325576684333769532968922295084170524428
0.96021468537768946701578376261090443821319339089439153675171271343547969249882047104553977176824323578214393519097518067430489077
0.95616673473925093550625307126040520720350555063251743902068800406500348365641724855373483140057245013418587858879765759032753684
0.95192730552912650132821965215830752594384356359583227533885112904794768131914093880145442380582537323962188937348427880558698006
0.94749724672042977054134411385213437560804108734593528687445550266738530962364143496619350378222862784139384615977569263064840764
0.94287744546108417004097128641441466781983147738894327042926850798311234404445570600911589000449064661951786147734712883219598925
0.93806882689616583914782728777241045893933948262613084085023500623599911161896199168772403959415879151631966010315277683619060539
0.93307235398263734565837886166818088821633425050896228498424593594086028296295962361960237023916008401621693857622717850672326749
0.92788902729650932712724074985858290865960626859534136131126671076080202927981310970301735591121673598682042311388689374633743006
0.92251988483246867450995398227679005626054063412953617812415449099488108887988475857909290273962839850534857178175694181830033596
0.91696600179601338391806542558318376804806769138462970098221334773955242839416125942026238833048841786571334043516145396997869158
0.91122849038813570282660508992283847568703097156829556571298784587401700529510917329373483242984595596774211552676364036844463338
0.90530849958259668932628007194907039104445866755127179868595179492688100818704863680242782560424095126992903114133405039891989308
0.89920721489583678663014945208401324002702531928266742481273247843976463609870425102374085941297044126454179744380454008799626241
0.89292585814956848973010897830299033716819782479943367700357276191371607029599117858023112963179272574950998895464408614839940263
0.88646568722609864655688263709801835433346878337545383817584805305877630843757947202070462712246893008670818951042019760678750402
0.87982799581642939193492272006148742328031041591763279206581658651836229559465437954327927012241588489551555370913466868311810022
0.87301411316118815874909980158174893067336707323497866562631193906394247934451538434281786302393225284565748749988250924092094626
0.86602540378443864676372317075293618347140262690519031402790348972596650845440001854057309337862428783781307070770335151498497255
0.85886326722042605516869768498127801739310243445201728415213377567584273225579345153115708861183626336399027518220794707081359769
0.85152913773331129988700225340098534760036431749137753891422980373460056794703078161695111230641784180546899660003892099962874721
0.84402448402995034067881344956351115236750017567797669739056002081259376261801360823509449243864436547380211060749825635467541886
0.83635080896577613583933478801520436451001248564306494357033633635035768135283091275524237272506074634578013453120788543883158576
0.82850964924384212353081843419186431756956575873409001533722083368908188615524783424534888282424488305355035009267427139563110973
0.82050257510708749823777862361717210224915159323795627326498552944357754200594901987922270425274848928066861251774057652057106159
0.81233119002388590821375392452406533277106805660587834991585667789931691551884496154590011700485511837748984716426498931349936825
0.80399713036694054482635469381603370372464740711033944722388446975485276251213760502761209923893337024104799105506130046473071486
0.79550206508558992713538001661733855076168885097876038759343576331214047281725981642625425445110828078805342833816668413876899114
0.78684769537159000458967775177824258213887180751014506282267355567671323116398677101909940875145158997527922686751370983333430765
0.7780357543184395071379034311358886990221936401352832333110339577322377812639231001404518985262903433961341445579667768800310338
0.76906800657431676505479173238797985267861471970695336294255611827227968726612358997329316530894115653952601016859593262982888951
0.75994624798869750012905515967677584116772202870145479898392669706511109291171248956760525163174663242828384011256612725170675668
0.75067230525272435528537141321293258247261121413590157281451702986540219959708319789877009238495115094373693465040243054946118911
0.74124803553340018096770390065385286379247949551709677296107934774097003800655976432380173877486498824598035584330772059500973816
0.73167532610167833344384707695757141757694888129599593560889176278621789150620136505290094814217332922216185284083150366335251091
0.72195609395452446235391606047102166532252320961072605004472723178143947112137215693832157846823192265207755881520415424131623086
0.71209228543102547207376225170296982920028455353196555895018299463923006562419090624370104358936182338297352351009841972678347092
0.702085875822622533556234206382009088603331482824168678560822234152952583157291969378441860385778409683642700723696072880668902
0.69193886897754620001009166685414198891848415672174225022233334910942422918200082846915242615982318950540651406220476899451984413
0.68165329689953284084257927456687929116150051474604754377506930905543985535245114218341045978040134598584520130818459029323552382
0.67123121934090275349466405700683726810520003851623911733623779756516538107741168165765505409962422239161959898362155223252715591
0.66067472339008144190840299928421467963922787896791415966984850811511906614205365291694963910445335835375612615170875349024389913
0.64998592305364666315772220213598056394125918846239689658531075021846694049336794661417105539496223558414196434165371140716705367
0.63916695883298494002421353758718388127696579085745609858593168515582292369677787411218203276446317510338554408530831985018959355
0.62821999729564231678885712449829077769906801929462711166165540616196926518378610880392363552613723234825234455703000948995596625
0.61714723064145519802268364540803199022784924387110327155409534960915174433865539530278427252921507109045017979300840356331484984
0.60595087626354815548152459355268942128305359335775064663844407470653476695872659492451949873838551179143548249869560620557103844
0.59463317630428661613282845777909555295305576813573635568199200318863898666832292396370402171383533497055932718439015736730354032
0.58319639720627335466019842951329461559498506031108395114848733692762030275661329228841538472600550488580224909544927825134319461
0.57164282925847870630150980184357438078663314838617197656089466378339264049740424999666093623162704493566768191757476421098371705
0.55997478613759539038043623998811102567997919159141824696077546823013167157403981545298763397273115527984344632448657314726054276
0.54819460444470979119380281311703433700534296800366075507607380018795828975606192860192292489577032059933569611539634904385967085
0.53630464323738248082688431236413131606884193564793450579604951145818252922495813748919268074609273523668110327988318224099976227
0.5243072835572316877977574563473161566248436043290339496274943958195956036696238040662938223208570319821280538098616714399569679
0.51220492795311431599599352851357977619480570163170609480939345894233050642508759626731696321748131605336863060899681206312558239
0.5
0.48769494381363454535463585730875307410930765239225899660011346366462231905161709027785326519724776199408217415523180572413480729
0.47529222356108994559361501102789659822323238724126852248121827324701734762618260629637745974939329086112071382303717140348550789
0.46279432296729899153081847886378602793956174096273656918960879498769826337316041502422188715078170784617828538118969242581968372
0.4502037448176732924559998305063153741702939202281172900302976955406895582848553415616139798658033526120870285832223742010141308
0.4375230104569043131924611529369728167271969175081670469462376573204301370351926349239591170338955264928094939402695349393234278
0.4247546592840477953500329718139640777864742976314752677521056792706014853214970054983314836867416740961043872924610512824766748
0.4119012482439926753830399595163634298154493706511579789905629164384963895860436040687542305991524366732629569975557997764802265
0.3989653513154163360908287216696140277427412081421632656017163614335422685884545101105553957997092874446753382942597364924990266
0.3859495589953287318328832137138241128011281570097724561545899908387355518783095175323765388636924215458708971940049357812960545
0.3728564777803086108306500487961622518677981976570400494017331666305126877678523148837689208825453558998224983698974754993036169
0.3596887296445357203571449063347907535887146595762187185438998071334265071591968473775749149287664198949586479058828246481004802
0.346448951514723522240556756389034576091632724027983696044639643356965001279546312558395019628250861584605301577300779296921241
0.3331397947420575668009190940208649269071341009087068606438304111046921853636861564617580107378794115693692076875478840702197556
0.3197639245712452729751790727256084560253354017716781883748595393178661546329134057073754555621838003785367417775091470385676761
0.3063240196067834408455852977914203673412344624097204091274835652765540366187312879113236000044550760322205879946607837938638458
0.2928227712765503799533928156354034200205068349664274408761458934666330581998638328642718019356749612876529922134187388371038919
0.2792628832928300725428732035126559245944890256834749679402020235273155872243040029739922851365143764167096992269162668010012241
0.2656470711108763051322286223693878487349258871388613347714088089802807855773057573999698801397643184151753441693764315279784392
0.2519780613851251944452590335089271028724694290150349762511537970130035444070542370929023296664050199547218061791245311149217734
0.2382585914231650046618677021398827728906701812836654867069854816540402213774483141072181933000113131300663763757710264329886599
0.2244914086375726020624059943028337896265566693365215034117962412787855921502158835008338832583991209120240257479661539269750259
0.2106792699957263203605157515044546621513640680787355023777717813069776433125811744776526850309603849936415335301765582105772419
0.1968249414677054152559727006392017931354298732100337140599384728019831100265582370674234113972774768976569115093732620811872185
0.1829311974723866699119161267376388266521094486874884714453418109180012511327432164415106383727440141912340213647810015804892326
0.1690008203218490740930355553844306062607247629191774779076788879637194243528384017144308742852176349767936499345568442063617159
0.1550365996641978385204754305322921891941406103736790516732119782086225016990365234791504717128697406200827940182604016266922337
0.1410413319249193225375629980803403265207344610851962984885931550840887981158263386839179471597651460115411962463731839130031224
0.1270178197468787473745739656594515054988517831507757905307187276827406160626249421528386482885201177172951434435902576795313448
0.1129688714290728390917107317671500643234202842742902537583288779846996658820236543926502890915550476246653493801001535052479767
0.0988973003642497946128511653987731429159629149624172157971311679747000897762642117478347154249908375902522683624986510549452651
0.0848059244755091910885014483318982887953070743133155254209662654833034661810996169232051213514924619892604186235934738783488315
0.0706975656519946630993310178921489224574595605485774094755116447506827499434564167783919765887255582109914473511302686923651527
0.0565750491837923538907741902877859726581853391563687334332364255633583889431602658249887569067319794037298544234362007095678169
0.0424412031961483058780691875345072019659686076974771407852880322461825458195658637856101346838245646129060789029219412521120852
0.028298858083118092047920466660502075679946098426255253151586782783761727647623597926328157815998043090046557109095747683489353
0.0141508459407621035804021166004709132802646387829613814741781633880997470887219328116607744120959894816672123176745621701073486
0.e-127
-0.0141508459407621035804021166004709132802646387829613814741781633880997470887219328116607744120959894816672123176745621701073486
-0.028298858083118092047920466660502075679946098426255253151586782783761727647623597926328157815998043090046557109095747683489353
-0.0424412031961483058780691875345072019659686076974771407852880322461825458195658637856101346838245646129060789029219412521120852
-0.0565750491837923538907741902877859726581853391563687334332364255633583889431602658249887569067319794037298544234362007095678169
-0.0706975656519946630993310178921489224574595605485774094755116447506827499434564167783919765887255582109914473511302686923651527
-0.0848059244755091910885014483318982887953070743133155254209662654833034661810996169232051213514924619892604186235934738783488315
-0.0988973003642497946128511653987731429159629149624172157971311679747000897762642117478347154249908375902522683624986510549452651
-0.1129688714290728390917107317671500643234202842742902537583288779846996658820236543926502890915550476246653493801001535052479767
-0.1270178197468787473745739656594515054988517831507757905307187276827406160626249421528386482885201177172951434435902576795313448
-0.1410413319249193225375629980803403265207344610851962984885931550840887981158263386839179471597651460115411962463731839130031224
-0.1550365996641978385204754305322921891941406103736790516732119782086225016990365234791504717128697406200827940182604016266922337
-0.1690008203218490740930355553844306062607247629191774779076788879637194243528384017144308742852176349767936499345568442063617159
-0.1829311974723866699119161267376388266521094486874884714453418109180012511327432164415106383727440141912340213647810015804892326
-0.1968249414677054152559727006392017931354298732100337140599384728019831100265582370674234113972774768976569115093732620811872185
-0.2106792699957263203605157515044546621513640680787355023777717813069776433125811744776526850309603849936415335301765582105772419
-0.2244914086375726020624059943028337896265566693365215034117962412787855921502158835008338832583991209120240257479661539269750259
-0.2382585914231650046618677021398827728906701812836654867069854816540402213774483141072181933000113131300663763757710264329886599
-0.2519780613851251944452590335089271028724694290150349762511537970130035444070542370929023296664050199547218061791245311149217734
-0.2656470711108763051322286223693878487349258871388613347714088089802807855773057573999698801397643184151753441693764315279784392
-0.2792628832928300725428732035126559245944890256834749679402020235273155872243040029739922851365143764167096992269162668010012241
-0.2928227712765503799533928156354034200205068349664274408761458934666330581998638328642718019356749612876529922134187388371038919
-0.3063240196067834408455852977914203673412344624097204091274835652765540366187312879113236000044550760322205879946607837938638458
-0.3197639245712452729751790727256084560253354017716781883748595393178661546329134057073754555621838003785367417775091470385676761
-0.3331397947420575668009190940208649269071341009087068606438304111046921853636861564617580107378794115693692076875478840702197556
-0.346448951514723522240556756389034576091632724027983696044639643356965001279546312558395019628250861584605301577300779296921241
-0.3596887296445357203571449063347907535887146595762187185438998071334265071591968473775749149287664198949586479058828246481004802
-0.3728564777803086108306500487961622518677981976570400494017331666305126877678523148837689208825453558998224983698974754993036169
-0.3859495589953287318328832137138241128011281570097724561545899908387355518783095175323765388636924215458708971940049357812960545
-0.3989653513154163360908287216696140277427412081421632656017163614335422685884545101105553957997092874446753382942597364924990266
-0.4119012482439926753830399595163634298154493706511579789905629164384963895860436040687542305991524366732629569975557997764802265
-0.4247546592840477953500329718139640777864742976314752677521056792706014853214970054983314836867416740961043872924610512824766748
-0.4375230104569043131924611529369728167271969175081670469462376573204301370351926349239591170338955264928094939402695349393234278
-0.4502037448176732924559998305063153741702939202281172900302976955406895582848553415616139798658033526120870285832223742010141308
-0.4627943229672989915308184788637860279395617409627365691896087949876982633731604150242218871507817078461782853811896924258196837
-0.4752922235610899455936150110278965982232323872412685224812182732470173476261826062963774597493932908611207138230371714034855079
-0.4876949438136345453546358573087530741093076523922589966001134636646223190516170902778532651972477619940821741552318057241348073
-0.5
-0.5122049279531143159959935285135797761948057016317060948093934589423305064250875962673169632174813160533686306089968120631255824
-0.5243072835572316877977574563473161566248436043290339496274943958195956036696238040662938223208570319821280538098616714399569679
-0.5363046432373824808268843123641313160688419356479345057960495114581825292249581374891926807460927352366811032798831822409997623
-0.5481946044447097911938028131170343370053429680036607550760738001879582897560619286019229248957703205993356961153963490438596709
-0.5599747861375953903804362399881110256799791915914182469607754682301316715740398154529876339727311552798434463244865731472605428
-0.5716428292584787063015098018435743807866331483861719765608946637833926404974042499966609362316270449356676819175747642109837171
-0.5831963972062733546601984295132946155949850603110839511484873369276203027566132922884153847260055048858022490954492782513431946
-0.5946331763042866161328284577790955529530557681357363556819920031886389866683229239637040217138353349705593271843901573673035403
-0.6059508762635481554815245935526894212830535933577506466384440747065347669587265949245194987383855117914354824986956062055710384
-0.6171472306414551980226836454080319902278492438711032715540953496091517443386553953027842725292150710904501797930084035633148498
-0.6282199972956423167888571244982907776990680192946271116616554061619692651837861088039236355261372323482523445570300094899559662
-0.6391669588329849400242135375871838812769657908574560985859316851558229236967778741121820327644631751033855440853083198501895936
-0.6499859230536466631577222021359805639412591884623968965853107502184669404933679466141710553949622355841419643416537114071670537
-0.6606747233900814419084029992842146796392278789679141596698485081151190661420536529169496391044533583537561261517087534902438991
-0.6712312193409027534946640570068372681052000385162391173362377975651653810774116816576550540996242223916195989836215522325271559
-0.6816532968995328408425792745668792911615005147460475437750693090554398553524511421834104597804013459858452013081845902932355238
-0.6919388689775462000100916668541419889184841567217422502223333491094242291820008284691524261598231895054065140622047689945198441
-0.702085875822622533556234206382009088603331482824168678560822234152952583157291969378441860385778409683642700723696072880668902
-0.7120922854310254720737622517029698292002845535319655589501829946392300656241909062437010435893618233829735235100984197267834709
-0.7219560939545244623539160604710216653225232096107260500447272317814394711213721569383215784682319226520775588152041542413162309
-0.7316753261016783334438470769575714175769488812959959356088917627862178915062013650529009481421733292221618528408315036633525109
-0.7412480355334001809677039006538528637924794955170967729610793477409700380065597643238017387748649882459803558433077205950097382
-0.7506723052527243552853714132129325824726112141359015728145170298654021995970831978987700923849511509437369346504024305494611891
-0.7599462479886975001290551596767758411677220287014547989839266970651110929117124895676052516317466324282838401125661272517067567
-0.7690680065743167650547917323879798526786147197069533629425561182722796872661235899732931653089411565395260101685959326298288895
-0.7780357543184395071379034311358886990221936401352832333110339577322377812639231001404518985262903433961341445579667768800310338
-0.7868476953715900045896777517782425821388718075101450628226735556767132311639867710190994087514515899752792268675137098333343077
-0.7955020650855899271353800166173385507616888509787603875934357633121404728172598164262542544511082807880534283381666841387689911
-0.8039971303669405448263546938160337037246474071103394472238844697548527625121376050276120992389333702410479910550613004647307149
-0.8123311900238859082137539245240653327710680566058783499158566778993169155188449615459001170048551183774898471642649893134993682
-0.8205025751070874982377786236171721022491515932379562732649855294435775420059490198792227042527484892806686125177405765205710616
-0.8285096492438421235308184341918643175695657587340900153372208336890818861552478342453488828242448830535503500926742713956311097
-0.8363508089657761358393347880152043645100124856430649435703363363503576813528309127552423727250607463457801345312078854388315858
-0.8440244840299503406788134495635111523675001756779766973905600208125937626180136082350944924386443654738021106074982563546754189
-0.8515291377333112998870022534009853476003643174913775389142298037346005679470307816169511123064178418054689966000389209996287472
-0.8588632672204260551686976849812780173931024344520172841521337756758427322557934515311570886118362633639902751822079470708135977
-0.8660254037844386467637231707529361834714026269051903140279034897259665084544000185405730933786242878378130707077033515149849725
-0.8730141131611881587490998015817489306733670732349786656263119390639424793445153843428178630239322528456574874998825092409209463
-0.8798279958164293919349227200614874232803104159176327920658165865183622955946543795432792701224158848955155537091346686831181002
-0.886465687226098646556882637098018354333468783375453838175848053058776308437579472020704627122468930086708189510420197606787504
-0.8929258581495684897301089783029903371681978247994336770035727619137160702959911785802311296317927257495099889546440861483994026
-0.8992072148958367866301494520840132400270253192826674248127324784397646360987042510237408594129704412645417974438045400879962624
-0.9053084995825966893262800719490703910444586675512717986859517949268810081870486368024278256042409512699290311413340503989198931
-0.9112284903881357028266050899228384756870309715682955657129878458740170052951091732937348324298459559677421155267636403684446334
-0.9169660017960133839180654255831837680480676913846297009822133477395524283941612594202623883304884178657133404351614539699786916
-0.922519884832468674509953982276790056260540634129536178124154490994881088879884758579092902739628398505348571781756941818300336
-0.9278890272965093271272407498585829086596062685953413613112667107608020292798131097030173559112167359868204231138868937463374301
-0.93307235398263734565837886166818088821633425050896228498424593594086028296295962361960237023916008401621693857622717850672326749
-0.93806882689616583914782728777241045893933948262613084085023500623599911161896199168772403959415879151631966010315277683619060539
-0.94287744546108417004097128641441466781983147738894327042926850798311234404445570600911589000449064661951786147734712883219598925
-0.94749724672042977054134411385213437560804108734593528687445550266738530962364143496619350378222862784139384615977569263064840764
-0.95192730552912650132821965215830752594384356359583227533885112904794768131914093880145442380582537323962188937348427880558698006
-0.95616673473925093550625307126040520720350555063251743902068800406500348365641724855373483140057245013418587858879765759032753684
-0.96021468537768946701578376261090443821319339089439153675171271343547969249882047104553977176824323578214393519097518067430489077
-0.96407034681615066651902128521189693207275398254700053520133679165223361003124514333660337325576684333769532968922295084170524428
-0.96773294693349883868846282875139693733825736996303001333223104313323336873459772677841174052554272809881804489307250440864734119
-0.97120175227037627255296487036679791351297318240521721816253537263673981640630483144314471129633756592211621328912103579552106825
-0.97447606817608322079597209020228271118200734971247498465121520252207291355231497504768226171607630727349819352160332913033941575
-0.97755523894768619434024935479825763544643450092595952646372136284171941769614296956897865410407929842384018697828233602639100174
-0.98043864796132671488358207200982313566456328073959234804470804743298522077496705862432509466663715873229286792921790052881157521
-0.98312571779570422995864129615684549084839328937110375722914116132315912585705410307592906613284164715351117202920159547738680924
-0.98561591034770846226477029397621845736859851488543979463057132851278792497632418667057705239271403668799084566260909914711083458
-0.98790872694017803714600203083308153128778267887084583020555521329539577234298295618149855045490365224321099246291283413805644645
-0.99000370842176380885333369420419424209564744152814332095582851623966443210650771018655319341176042699027267816290587906261846674
-0.99190043525887688731440780726651353408418175036752310279303406554527031883703611245689603760207793333730637969270054198686709298
-0.99359852761970295222365717944870958069579697627789962128370836462218125525677743407425941751354462241523466547864989385980256693
-0.99509764545026603004323838902965804541043443096224193013905025336611669234265689635716961532515794155906520609300507802782342109
-0.99639748854252650165154277365753845857310744601764724431300034305399412581890125549499241991836871903177206921003581549346039186
-0.99749779659449970357289739292508384240717610909958529390701312555056180860923245037694675100662668177265294026475610808658397055
-0.99839834926238308364980264362334971117563688823177804510637149572864784804091727016353690476157367321142272469861872324487380165
-0.99909896620468147235770279122791734400840367661067107498565830644588079259811855251341456789687444308285938866107287466681944598
-0.99959950711832163339137246737521275484807599157030247210871266906661295129580641036267128207025032284324876763289884284344247579
-0.99989987176674886135062938582233285030411335402396509140950692260695282547670468654517022841472907804745080476422861778726038969