0.99989804300943334470191340784794097257110902994619337976056293244772363221490259548505079602989200734106723361749245723739842232
0.99959219282818922962572851543499831573660696130855981405965625534016338973671062412082396965511670524319550465067271775174127214
0.99908251182339574260355333107032911126601061386794326540685714807614564157495845691796586891236699713350307007585454183999826604
0.99836910392613567910128802549841854960262795734930016795661268373418276599311751238374198079498260094512225061378503870999609643
0.99745211461025354136230575683712670465497211877898697928901828789998372308959563534279328449409346073866235124349085477287316135
0.99633173086269138762423205598794900454163151013583479466894534471552753038072219786073957470823785878847709994873923235475015798
0.99500818114535958034390591784763854113100064537920158720216243927547024334224758963316167065182927344104055865178896256907390628
0.99348173534855020851804968085479692024005395655460893184598058042847508331089253719421210841104310562475949127396860927381200915
0.99175270473590268375416966330215261653619543462469384616842074326769575270736256222310365910395682893536879883775706476591847532
0.98982144188093273237609203777671878737651937194871668783861544492362236572535409860444233983835660359683775025856814210051233034
0.9876883405951377261900402476934372607584068615898804349239048016380729359697127357119630379998867786054499817482576411059702442
0.9853538358476930122394797176177663749267191655636366120677662336157054784151164214680859567190973098604728181829108157473079783
0.9828184036767556165898291635684492754100204411804460247695942147100773836418319650856285618650216566682205589069704405326775134
0.98008256109239340855791154220636991917293406945805503975132301481247993205974216486019949549991962929887604721700015405657866581
0.97714686597115951948671854933999105869434407450813284648948417119176275091969086638358982061958845365791529196242621616888208347
0.97401191694233351381546959872323153417282496606318476682343123670300986735095723365387092212205248044042940472946686773026396436
0.97067835326585250946066144864681601782970371597226567774606814011539112133191774638063106405045259633178494775623742992789322932
0.96714685470195713905932405933189659966437450747437142238269380426894249714506537002265449405499299564896765610439317425072733262
0.96341814137257893308548237468928375693446878811403044026885173451828704306162323608784708793400099678323913495398236174507517091
0.95949297361449738989036805706632769906245484842216195504449505899519030829628666697050428067360723592935408505744869895024729456
0.95537215182429667599283055529507169188660682910762611762272206615643408092523847223884646553991304242854783481732488603753025446
0.95105651629515357211643933337938214340569863412575022244730564443015317008519350171879281097081138167589971755140300420898706619
0.94654694704548994619296977902811632974794371099729742825614827751106122139420636832856092857733582769013106421078379307153137326
0.94184436363952469348865999863681806734831873762089472925012313614658933790889127927336375804830053274456577967881755098548236907
0.93694972499976173582153400238009220292641357616889154181069657030562422709976549985589380183353624103430219710875539167441522427
0.93186402921145231618838114749643610057785331536444671248012669479414879563291355462361775898887250884591419714388828072338139132
0.92658831331907146167335612472532036610801525787843958014142763409171630835756693591267159548695892517747468777689497399977903765
0.92112365311485011593290212827821280719594890113287770929781265918102693756584726466112039854981759368024159202314581074167976997
0.91547116291940606251174398014496760508481138226743053263490606161273782366546422963009518026986517660434480747981674435856752684
0.90963199535451837141171538307902846006024105119464417075610445031751735451746803738741566040627599911100090808517355516341883033
0.90360734110809170338063567247978189519241327177313601462089569153568828807592265409317375340095339839894626508164826697219193573
0.89739842869135839898565695968828326741340455943283760757799574982022375838892010966846918855011228923297250507003813445898554513
0.89100652418836786235970957141362631277051851903608874540552228452249227417613522437793858273486147775249394307502799639420326536
0.88443293099781432223812220662540397363756246333618265977217196395064478476247514214987911045897292885251027570488540576623245663
0.87767898956725561521448193410437529557651803313578827201637065015746806752548705948951452386227704138649192370986023427047132999
0.87074607711977718772175078355011498273176528533471076116655114494803361376596944703649003567882825198075421788805032358820621253
0.8636356073731570537701820074595791914075681978908007668653785165403514888225794016435331992788848934683938789823398749536696693
0.85634903025158897463354541680389354473197978220590953967404250105144350091163329085169379299650081882247630798105434326178257691
0.84888783159002264415776042431908139246183363360069428597296170386257551738759630014306904534423441400120061224465391617952798565
0.8412535328311811688618116489193677175132924984205378986426501176816511069016422732430865226697854616605649252783763254092252684
0.83344769071531762520279350603077555186650898158162598694368230337327862743726933294975747462571554302579398523013111532955539765
0.82547189696277395698061237286876728215161723875342745970724367841892937706786126383926346651496667114963856009416026110475543029
0.81732777794940694356135188353592661322473935791927104782876166049634352906497077895398328779602172208172951708141245474171970625
0.80901699437494742410229341718281905886015458990288143106772431135263023140945122485360360209469556874237704403769344587606331693
0.80054124092436040396948619489401741498516960062365649954350095888732864524222953199966128732366543322563827285928024822500683886
0.79190224592227509675673793921859112772000404521349752571704975931820289484878571723888654563336981761606855021369464084637668161
0.78310177098055536845191807481919086914933288070325442326993815637502871778909283146995422685006078764982557901189749802253824735
0.77414161063908244906437256372222816487021660282868045689340748009745072539037301310535220060522770697108848117325419244408574294
0.76502359199982316114081434149222441405208854877807311812446746408726852844496368770062778861383697674142706818426310085509796369
0.75574957435425828377403584397234442017971744516922356957999988305190613888672243995948471123326377317734391790922996700805690876
0.74632144880424702466999595864801341847620824777506234118431713479822732420502713730975951552871378681510031084420554757578482414
0.73674113787640491130817128041755106308852144882301578140765542791366862819028419686561494717470539327416699648613875728923604732
0.72701059513007373493459818734912680897538574936303040477247179522074224820844692622355914012840638552645751422281846501668245876
0.71713180475896348779705002993855267853071464734213280168415258497598314602827995879961904300465382788539709687475644419885498167
0.70710678118654752440084436210484903928483593768847403658833986899536623923105351942519376716382078636750692311545614851246241803
0.69693756865529345136873434342401004370947128794715689891425409047324087310835639590651509907324396811751823764404863669912023106
0.68662624080981350746945956948787387800618078855571717661171800896315160413216672528600063811485089902218494449366126531630093606
0.67617490027401943528049861616597144619032476076437973062603491370690958356568945224181358578771358325157328806049986586802779994
0.66558567822236806851854537154578274228557638258183476740459055978957765163084111086498222471619060022676390551600375820065834145
0.65486073394528506405692507246629355318379119933692842760629560450589508994935489209217089678846983012263260218381410749862043826
0.64400225440885539480686043080087716895721066768851707868272002562574321736925765233270081284861227656872594970799794787184660535
0.63301245380887038872711527627626502883235542232806859533511163527289276168873922190580155934181074330190847417274156686306393783
0.62189357311932225000568944735010256566831228000982444454043436126022270682151126128677218471094158327354011998029238982624283958
0.61064787963543813069325427238212077323557919193269221432521492894626980561492340488910967282522452359782523628359309343711178293
0.59927766651134693453002414649759261150753765458364341478285826078582531243228710382199917392500474101486181883686799136597815569
0.58778525229247312916870595463907276859765243764314599107227248075727847416235195750850404986274133596005313160275265936633893033
0.57617298044275291823287852958967147449833260371095904643212720754959947268956128638313382579247706485883197185163601037945141112
0.56444321886676918044337316694213215609333837632713463969298169849072792770708709705817362927154590789212503480702823206776416264
0.55259835942690261917966244857694015594945854684989307887747020629719526644659843983055449824389511706509080644310984137414251243
0.54064081745559758210763595431869169543177060789811384003574988931238237269088425405444269044691439782233141107607695487706407549
0.52857303126284200669221735422154358446955705732272038552988586200312432919841067801722740903981175142024435203960501264534361243
0.51639746163896192331992139878881806976699243370300765126039472916019236269083837035137574542241921036557597659763077392473275307
0.50411659135283190318366045236119708002432579141973035049186214724999279410736099530370151189013012127029392276004663594017689713
0.49173292464560377283506347960821382363870037988929023699449295447615159085162303770073639832474286320215253891774852401713283795
0.47924898672005683119765660045261276833328921542678914445652609402129951025686673542325453874685839268605323362911607167329986361
0.46666732322567369767111891687815726740510532069037356600640082011875366348128638020511584378058632853382094601076511129772135641
0.45399049973954679156040836635787119898304770304902155698531600582202678413185242875447343922194679713941058359454605686329726037
0.44122110124322129325611771490928898338854472832937258366034325458169023236178230954001451472175427990063637762761708644294980607
0.4283617315955812662006043173039101186815906370564809448878768915557943688305575887263049057130819985328469955959491916354535618
0.4154150130018864255292741492296232035240049104645368124262233323784397809448729897213711419159642233476187404832973251527189059
0.4023835854790678242133618742430679462520046811142926185049352926758916387316489124271815329065658895483657161939857404930886784
0.3892701063173914903895747264449321369261489871072053882835495524437822602821110374106013575398331918643812402399145670089374796
0.3760772495385997901875011469262042543566102325471140788587505704302393345507083485834601918943422978422371684791420430792321156
0.3628077053506410086067015071723732383626915981288572002380193899940167845071984189784743500400708039776759952824176524162062007
0.3494641795990983367054385007091167841299185464282604422567544572986595897188242279719163756095662653259997022515795375457673977
0.3360493932154301264002038813057431950992364236850982995335568763091200836609071888338584240413332335545174978911199647254676041
0.3225660816621339244023144773028608251297145678620587629006051245191369960878815619619448890821997147385712656577984945665591577
0.3090169943749474241022934171828190588601545899028814310677243113526302314094512248536036020946955687423770440376934458760633169
0.2954048942022000784266101932791422305090853607346754047110945624168115460044161535066488900075954332277292906654017511627689651
0.2817325568414296977114179153466168990357778989732668718310803060878487985190291681234676184518865499679941077660622194739232356
0.2680027702733789143457197490705205256199127019886767025500088543735021139325794795298294569538430682161167919145945339663279813
0.2542183341934869302181946799708040944181895457710609873414255240509022817916993549862223924399597637088551605554278267271087142
0.2403820594409924737487678620479748475023398310526663459496603096196209881922560039174433575696356321617281607062841191825206724
0.2264967674257643803937744783433568234439167301320929263015474869440398491355224955398375719816935413469618857016305109061518481
0.2125652895529766738829101740168861225007711191723689023425979193872169309537100368929495112492035172940879149807707194672919088
0.1985904666457454649825982338832459220562278671385807983020026600547873777004881169865217325265263162825429826169231464509113448
0.1845751483658454001943061408474393693341177108176438857325448105547201941960138347636650991736445994447336434989724428857817516
0.1705221926326237844029624838779488814032130104002261899573658494213153327036186928050412989035158732404332446934566214216253019
0.1564344650402308690101053194671668923138998920856607900846413460577587933056235793366958726768486883751403008476804469373981788
0.1423148382732851404437926686163696687910513611259843284180827865590054896008737039017824871236726189561969785204108441130764415
0.1281661915210927630626094779465937294552844037216180220064933917674629983093906788702912909039242480668574170392230200825154948
0.1139914098905406252992389774304161634389313626116786246363233947357954151717922870682933523693270898615456100109247429577351265
0.0997933838177827083599103499895622086517178989214021030581503029605599302692534788077860724763372019028994982733476504501668877
0.0855750084788397428544362032324567564399227007036137188202822978237197974734065527480446277938157329968688128798622765853034908
0.0713391831992323403273377526578379327659651522719705955481936575989440751964961638475139352453068539941713376890504792983888012
0.057088810862767983748536410122112834314063622320030045396794636485716687485703152452322133828775858676523604136159718458653921
0.0428267973196024335620786264639708557107985212147924672048089907503646244130550852242644003665817104595123756919555783814403805
0.0285560507936962538481730470104789854281047048042903488378613076069409075204409201337955209283719125209118960979337134045826948
0.0142794812897872864972848406409657748705419327623556789841572645908529802116937135285798111699504614176130763786908880205278634
0.e-127
-0.0142794812897872864972848406409657748705419327623556789841572645908529802116937135285798111699504614176130763786908880205278634
-0.0285560507936962538481730470104789854281047048042903488378613076069409075204409201337955209283719125209118960979337134045826948
-0.0428267973196024335620786264639708557107985212147924672048089907503646244130550852242644003665817104595123756919555783814403805
-0.057088810862767983748536410122112834314063622320030045396794636485716687485703152452322133828775858676523604136159718458653921
-0.0713391831992323403273377526578379327659651522719705955481936575989440751964961638475139352453068539941713376890504792983888012
-0.0855750084788397428544362032324567564399227007036137188202822978237197974734065527480446277938157329968688128798622765853034908
-0.0997933838177827083599103499895622086517178989214021030581503029605599302692534788077860724763372019028994982733476504501668877
-0.1139914098905406252992389774304161634389313626116786246363233947357954151717922870682933523693270898615456100109247429577351265
-0.1281661915210927630626094779465937294552844037216180220064933917674629983093906788702912909039242480668574170392230200825154948
-0.1423148382732851404437926686163696687910513611259843284180827865590054896008737039017824871236726189561969785204108441130764415
-0.1564344650402308690101053194671668923138998920856607900846413460577587933056235793366958726768486883751403008476804469373981788
-0.1705221926326237844029624838779488814032130104002261899573658494213153327036186928050412989035158732404332446934566214216253019
-0.1845751483658454001943061408474393693341177108176438857325448105547201941960138347636650991736445994447336434989724428857817516
-0.1985904666457454649825982338832459220562278671385807983020026600547873777004881169865217325265263162825429826169231464509113448
-0.2125652895529766738829101740168861225007711191723689023425979193872169309537100368929495112492035172940879149807707194672919088
-0.2264967674257643803937744783433568234439167301320929263015474869440398491355224955398375719816935413469618857016305109061518481
-0.2403820594409924737487678620479748475023398310526663459496603096196209881922560039174433575696356321617281607062841191825206724
-0.2542183341934869302181946799708040944181895457710609873414255240509022817916993549862223924399597637088551605554278267271087142
-0.2680027702733789143457197490705205256199127019886767025500088543735021139325794795298294569538430682161167919145945339663279813
-0.2817325568414296977114179153466168990357778989732668718310803060878487985190291681234676184518865499679941077660622194739232356
-0.2954048942022000784266101932791422305090853607346754047110945624168115460044161535066488900075954332277292906654017511627689651
-0.3090169943749474241022934171828190588601545899028814310677243113526302314094512248536036020946955687423770440376934458760633169
-0.3225660816621339244023144773028608251297145678620587629006051245191369960878815619619448890821997147385712656577984945665591577
-0.3360493932154301264002038813057431950992364236850982995335568763091200836609071888338584240413332335545174978911199647254676041
-0.3494641795990983367054385007091167841299185464282604422567544572986595897188242279719163756095662653259997022515795375457673977
-0.3628077053506410086067015071723732383626915981288572002380193899940167845071984189784743500400708039776759952824176524162062007
-0.3760772495385997901875011469262042543566102325471140788587505704302393345507083485834601918943422978422371684791420430792321156
-0.3892701063173914903895747264449321369261489871072053882835495524437822602821110374106013575398331918643812402399145670089374796
-0.4023835854790678242133618742430679462520046811142926185049352926758916387316489124271815329065658895483657161939857404930886784
-0.4154150130018864255292741492296232035240049104645368124262233323784397809448729897213711419159642233476187404832973251527189059
-0.4283617315955812662006043173039101186815906370564809448878768915557943688305575887263049057130819985328469955959491916354535618
-0.4412211012432212932561177149092889833885447283293725836603432545816902323617823095400145147217542799006363776276170864429498061
-0.4539904997395467915604083663578711989830477030490215569853160058220267841318524287544734392219467971394105835945460568632972604
-0.4666673232256736976711189168781572674051053206903735660064008201187536634812863802051158437805863285338209460107651112977213564
-0.4792489867200568311976566004526127683332892154267891444565260940212995102568667354232545387468583926860532336291160716732998636
-0.491732924645603772835063479608213823638700379889290236994492954476151590851623037700736398324742863202152538917748524017132838
-0.5041165913528319031836604523611970800243257914197303504918621472499927941073609953037015118901301212702939227600466359401768971
-0.5163974616389619233199213987888180697669924337030076512603947291601923626908383703513757454224192103655759765976307739247327531
-0.5285730312628420066922173542215435844695570573227203855298858620031243291984106780172274090398117514202443520396050126453436124
-0.5406408174555975821076359543186916954317706078981138400357498893123823726908842540544426904469143978223314110760769548770640755
-0.5525983594269026191796624485769401559494585468498930788774702062971952664465984398305544982438951170650908064431098413741425124
-0.5644432188667691804433731669421321560933383763271346396929816984907279277070870970581736292715459078921250348070282320677641626
-0.5761729804427529182328785295896714744983326037109590464321272075495994726895612863831338257924770648588319718516360103794514111
-0.5877852522924731291687059546390727685976524376431459910722724807572784741623519575085040498627413359600531316027526593663389303
-0.5992776665113469345300241464975926115075376545836434147828582607858253124322871038219991739250047410148618188368679913659781557
-0.6106478796354381306932542723821207732355791919326922143252149289462698056149234048891096728252245235978252362835930934371117829
-0.6218935731193222500056894473501025656683122800098244445404343612602227068215112612867721847109415832735401199802923898262428396
-0.6330124538088703887271152762762650288323554223280685953351116352728927616887392219058015593418107433019084741727415668630639378
-0.6440022544088553948068604308008771689572106676885170786827200256257432173692576523327008128486122765687259497079979478718466053
-0.6548607339452850640569250724662935531837911993369284276062956045058950899493548920921708967884698301226326021838141074986204383
-0.6655856782223680685185453715457827422855763825818347674045905597895776516308411108649822247161906002267639055160037582006583414
-0.6761749002740194352804986161659714461903247607643797306260349137069095835656894522418135857877135832515732880604998658680277999
-0.6866262408098135074694595694878738780061807885557171766117180089631516041321667252860006381148508990221849444936612653163009361
-0.6969375686552934513687343434240100437094712879471568989142540904732408731083563959065150990732439681175182376440486366991202311
-0.707106781186547524400844362104849039284835937688474036588339868995366239231053519425193767163820786367506923115456148512462418
-0.7171318047589634877970500299385526785307146473421328016841525849759831460282799587996190430046538278853970968747564441988549817
-0.7270105951300737349345981873491268089753857493630304047724717952207422482084469262235591401284063855264575142228184650166824588
-0.7367411378764049113081712804175510630885214488230157814076554279136686281902841968656149471747053932741669964861387572892360473
-0.7463214488042470246699959586480134184762082477750623411843171347982273242050271373097595155287137868151003108442055475757848241
-0.7557495743542582837740358439723444201797174451692235695799998830519061388867224399594847112332637731773439179092299670080569088
-0.7650235919998231611408143414922244140520885487780731181244674640872685284449636877006277886138369767414270681842631008550979637
-0.7741416106390824490643725637222281648702166028286804568934074800974507253903730131053522006052277069710884811732541924440857429
-0.7831017709805553684519180748191908691493328807032544232699381563750287177890928314699542268500607876498255790118974980225382473
-0.7919022459222750967567379392185911277200040452134975257170497593182028948487857172388865456333698176160685502136946408463766816
-0.8005412409243604039694861948940174149851696006236564995435009588873286452422295319996612873236654332256382728592802482250068389
-0.8090169943749474241022934171828190588601545899028814310677243113526302314094512248536036020946955687423770440376934458760633169
-0.8173277779494069435613518835359266132247393579192710478287616604963435290649707789539832877960217220817295170814124547417197063
-0.8254718969627739569806123728687672821516172387534274597072436784189293770678612638392634665149666711496385600941602611047554303
-0.8334476907153176252027935060307755518665089815816259869436823033732786274372693329497574746257155430257939852301311153295553977
-0.8412535328311811688618116489193677175132924984205378986426501176816511069016422732430865226697854616605649252783763254092252684
-0.8488878315900226441577604243190813924618336336006942859729617038625755173875963001430690453442344140012006122446539161795279856
-0.8563490302515889746335454168038935447319797822059095396740425010514435009116332908516937929965008188224763079810543432617825769
-0.8636356073731570537701820074595791914075681978908007668653785165403514888225794016435331992788848934683938789823398749536696693
-0.8707460771197771877217507835501149827317652853347107611665511449480336137659694470364900356788282519807542178880503235882062125
-0.87767898956725561521448193410437529557651803313578827201637065015746806752548705948951452386227704138649192370986023427047133
-0.8844329309978143222381222066254039736375624633361826597721719639506447847624751421498791104589729288525102757048854057662324566
-0.8910065241883678623597095714136263127705185190360887454055222845224922741761352243779385827348614777524939430750279963942032654
-0.8973984286913583989856569596882832674134045594328376075779957498202237583889201096684691885501122892329725050700381344589855451
-0.9036073411080917033806356724797818951924132717731360146208956915356882880759226540931737534009533983989462650816482669721919357
-0.9096319953545183714117153830790284600602410511946441707561044503175173545174680373874156604062759991110009080851735551634188303
-0.9154711629194060625117439801449676050848113822674305326349060616127378236654642296300951802698651766043448074798167443585675268
-0.92112365311485011593290212827821280719594890113287770929781265918102693756584726466112039854981759368024159202314581074167977
-0.9265883133190714616733561247253203661080152578784395801414276340917163083575669359126715954869589251774746877768949739997790377
-0.9318640292114523161883811474964361005778533153644467124801266947941487956329135546236177589888725088459141971438882807233813913
-0.93694972499976173582153400238009220292641357616889154181069657030562422709976549985589380183353624103430219710875539167441522427
-0.94184436363952469348865999863681806734831873762089472925012313614658933790889127927336375804830053274456577967881755098548236907
-0.94654694704548994619296977902811632974794371099729742825614827751106122139420636832856092857733582769013106421078379307153137326
-0.95105651629515357211643933337938214340569863412575022244730564443015317008519350171879281097081138167589971755140300420898706619
-0.95537215182429667599283055529507169188660682910762611762272206615643408092523847223884646553991304242854783481732488603753025446
-0.95949297361449738989036805706632769906245484842216195504449505899519030829628666697050428067360723592935408505744869895024729456
-0.96341814137257893308548237468928375693446878811403044026885173451828704306162323608784708793400099678323913495398236174507517091
-0.96714685470195713905932405933189659966437450747437142238269380426894249714506537002265449405499299564896765610439317425072733262
-0.97067835326585250946066144864681601782970371597226567774606814011539112133191774638063106405045259633178494775623742992789322932
-0.97401191694233351381546959872323153417282496606318476682343123670300986735095723365387092212205248044042940472946686773026396436
-0.97714686597115951948671854933999105869434407450813284648948417119176275091969086638358982061958845365791529196242621616888208347
-0.98008256109239340855791154220636991917293406945805503975132301481247993205974216486019949549991962929887604721700015405657866581
-0.9828184036767556165898291635684492754100204411804460247695942147100773836418319650856285618650216566682205589069704405326775134
-0.9853538358476930122394797176177663749267191655636366120677662336157054784151164214680859567190973098604728181829108157473079783
-0.9876883405951377261900402476934372607584068615898804349239048016380729359697127357119630379998867786054499817482576411059702442
-0.98982144188093273237609203777671878737651937194871668783861544492362236572535409860444233983835660359683775025856814210051233034
-0.99175270473590268375416966330215261653619543462469384616842074326769575270736256222310365910395682893536879883775706476591847532
-0.99348173534855020851804968085479692024005395655460893184598058042847508331089253719421210841104310562475949127396860927381200915
-0.99500818114535958034390591784763854113100064537920158720216243927547024334224758963316167065182927344104055865178896256907390628
-0.99633173086269138762423205598794900454163151013583479466894534471552753038072219786073957470823785878847709994873923235475015798
-0.99745211461025354136230575683712670465497211877898697928901828789998372308959563534279328449409346073866235124349085477287316135
-0.99836910392613567910128802549841854960262795734930016795661268373418276599311751238374198079498260094512225061378503870999609643
-0.99908251182339574260355333107032911126601061386794326540685714807614564157495845691796586891236699713350307007585454183999826604
-0.99959219282818922962572851543499831573660696130855981405965625534016338973671062412082396965511670524319550465067271775174127214
-0.99989804300943334470191340784794097257110902994619337976056293244772363221490259548505079602989200734106723361749245723739842232