0.99992040875568379451639041860409099596893555430326186086321308306649320328222198300539467833186220987212825415308643815721007806
0.99968164769226752166938507482095419203080637901088738225385247764196839900510228313406331327447148150792300625994348751004869086
0.99928375481633144458219049116553822947385053889336923457467927439581025725385705537169136421016661485651928453315180213597274364
0.99872679346545376386670488741346393546260184910384655108815075227023779200700742029224776792280082350585922749658312148775404074
0.99801085229812838430159483642882933790256581668424264518520367407482180913744485342740286880469327764844406279359108692156687767
0.99713604527965203513413115704730339953939504498266443479699015022951137838976742637051563405335361454394221630762115725362005444
0.99610251166398299052909616760601180258805471940877142326275935216222363140151047258708080091993755210699014885637886080851108475
0.99491041597157427793878821933086414967360049100161745767075542964638096606388322568691380042146217881868794550603911898013511435
0.99355994796318490295918016835726157834723834332515624886115558887111284815568326512578507004230630069110470504909966638146676099
0.99205132260967325946663341770510525654194619158425950242557014645984035032779829853095097572648547605959165641976799055739008246
0.99038478005777753339531506562547147391260729700209898432209861887152817014006598762420683757288198142754470603582434416874353483
0.98856058559188854731580486730701061306378306974258071714128366193799028310277005643761251297075540912078131667924445343028085542
0.98657902959182113090862532524666553578530432074558876844386441923804456757350022035479449994393521707305219949488665733798609288
0.98444042748659073939103446787522448303259936221547371041380427914215966986239188465156124461609868668274690277274675080191370212
0.98214511970420267784999314509079529232627812330855098787208422609298204130216103032727279507842639216522453387118791470395177432
0.9796934716174619241575336826708796954141895977127140794878483366983113358054537441067152607224827200384136983903834826556430658
0.97708587348581217659577765822950503945261067555904604827343992492072501213204768737607482570212088736074473056867902093089035349
0.97432274039321338439674307952293819906945707201676985949743474839920575466314472175505708494356328884807272135690371270652208411
0.97140451218206765000622962954529607958859358428896016194701185226457006434667353332158673900061559343234870752444931690169695283
0.96833165338320402091109375431224933216416025507025175420631840382150210764229751736533019170361207884367679942834872907241031811
0.96510465314193331622499264400360601645493706862690592660438315341540007637029978203749407804415428606314423249010887392919349382
0.96172402514018475880932354393116600765969264539039271362264042079353028398271094196589622583991690177040284355903819460166186595
0.95819030751473680741403068514322061742347051659760390923863835951298776691308828306032009571110794211526910022721381085130067508
0.95450406277155520505791306237069069938913082210048985197346760927656671929599824044114003344756548273966301036947057254918332818
0.95066587769625187953107299111028171228737514273716841836466433554271760791789623985031082461535447207445774591591136762713958159
0.9466763632606789493945583464065863477189176247640245154073343965150622870486870049431046592400880369279813368815644296633811016
0.94253615452567270407577664432946533101117611252013273032859982003259222021612846132751093632833925128444997355168448258590330192
0.93824591053996303951496386142944233628719035832913629739763137726707194014612494289668004338451030265948584803274807900089762221
0.93380631423526444121031904215759723085322713373573610558265458902232949023956915370418587849926080688527210091892139919407573337
0.9292180723175652143402035495197360850090553620392279366453712895786848268408615737724901084050349046816219945169675042913984807
0.92448191515463226581329525262721264067070891290940900306396608387007731304012434800470406811810931889618999508858997582485818772
0.91959859665974934551545015306963447293170182290466685636469623726920644695298775073873338028194263372856801748090987572651199218
0.91456889417170725358936255566487978398538615142505605138226034532136983016269711742504529389153948858656883526997883176654735065
0.90939360833106511720448926707774037826235681479954147691693856315032173562367942215497901867579904549537776116998996447388433965
0.90407356295270243385514178289532369355601128741689275244087489968827774738769355976763042162146338330056426032121162401764292687
0.89860960489468216866966538860478982369806814069358253459065976746790876714595178100571162411130801108810952660233116350118957176
0.8930026039234457804292270456543611206486437838669383245673678814967034756028448168795195148435927724808491006892214938721760442
0.8872534525753616348874504193511383363998917656783689068792449348233519825028137474548144653630667683823255881017825547085910471
0.88136306601464884445902093505457613827815842642918303843681368819051956978411873436088622043822245350110254732922534108808782373
0.87533238188769915031403456788948505450823824420037878487234956563498008418265120338921596577622931744752119087537637875192563319
0.86916236017382003628343787332692092570377443276249937684380916679858015015639976368323811081848943539894010669823525504897476562
0.86285398303242283365813331498385838129521797021949483462885318456136731631300730255360411335378423312352640375757618217841760868
0.856408254646680141859520603233841724446266231974455691336094368689237709012744698799831834461255319444773015281479372544429668
0.84982620106367745198233091799183761322742246403998933639245100666496571881880340485350936553184263150851411778225364470630789726
0.84310887003108441827212231781349878796787328502375228213997417716085512264109803634016831404671413480560564486083628520603784299
0.83625733083037177661090771503278943933631674293325923471232268699092199291184953083001385187084012412212294112057468380884446097
0.82927267410660045895689265693454370428465156737256146275126229110349578702460322620903462469422938313703134962110665995471663725
0.82215601169480999833067872200665103809527719319866759056506968141175354747432927793720229489671291334344579702161078389225589083
0.81490847644303386027368226968630212647941753307084307380962331604014505825135631579606502136478418394015345233192569657515415613
0.807531222031969873638756774880580225265769461764253621412528149640772840403062980241634624959391929671036853886148052265352211
0.80002542279133446602261950658840248914952242130031079772198834904833196338437149163672134434198214662380876091953681332665347547
0.79239227351292993702991321878482655416913313387548540109811325486857490681808333406506883181584820985970059578349600744112175084
0.78463298926045452578555152265330191326689579401399587292783159980692797960509666683646184360474716588809168499195546040343664143
0.77674880517608554760211415525795873398079288580485719061901524735297385869174571091278650529438686266958099454160376407068111295
0.76874097628386638837994090359420410405749224678335316670697810388001355024010576660560625659931364569552886677881814112139254534
0.76061077728992865408745307522040095131004558543919516673717197064630295316263686048943487456718326968093671993941839424327721969
0.75235950237958127645712187169557078336095860256813467732433496586526309107268664114362935072818626837293443280289571815104345186
0.74398846501129887475820960868079323858655480370171919249018287070222063299631492203990504661229801850435411584076030184692146641
0.73549899770764216709154403768569625684636739761332970369925467929449054333212332659068133420288559766019607670236096122434038639
0.7268924518431437130155781082070216077024253626707599637619763354220808598339986816677180808759198917362235521192551354621076987
0.71817019742919275237909836979535869904615733690183904507881073287129595604013792071920692641944817445424769850000860444189815968
0.70933362289595338292727918569796449207072614180232923951301355727319382987896577040868090016139568880974358365155961636840091377
0.70038413487135079148829691782031204790212903103935948958932999732563400192571888430664060089485170335368397528806906698858244371
0.69132315795716072026224582609941346016751405315855037834605129106355975510035752484511968659541527144243669674299755537977594951
0.68215213450223781084834282400642695596786007101735535963364864930484912935725039594575672750022084228001712253722669111682835459
0.67287252437291892408697013266817347524169492786005338393850901454485143175951655673810296844361575348485314552677458662670398198
0.66348580472063798348748511694944654462368272327251328231262711023682699857412823231018160706450211462537906107760774425089033742
0.65399346974678933388934169719965218690613492397595981398677947526586457099785279352596813888987001344807345525357035339872571794
0.6443970304648770449922603259993647491224845719532710941031335172785680548711968377353217835333226598039382871963381847022568169
0.63469801445998802142123354965584546706458389090900338457541457105298882954922879994358317355370063595088725812024236446148219544
0.62489796564562720699529002086361707953257493637439539436039413250218199078293514411273444730387241625452812617102994238112541748
0.61499844401795359077734925253753635964909019388721580962158513275981104957621785425218250621103873968482636984145818923083944556
0.60500102540745613622934033773173244304352541040483268677971904048053415441287893830274763823459556717430889839944251058881740101
0.59490730122810916231616905497446569241896396493036718922909894836902807544815046218970215240075902144814202067465490141475301726
0.5847188782240471066292292782364675000369309301633794972744833253547123736991298108081285250145549063164228112332277953928223809
0.57443737821379899547109808599329996346392607167538792963449613177252138391908550499723542070495159684799511527882874262644672713
0.56406443783212333429497287496970851650116433136319697546215134790501135359581304030307661912353955388876039293543555772310574797
0.55360170826948451386346838799952158695590559318523227420212554913680740811221825073936845781749199714228032771403099753506320203
0.54305085500921220292078875814508006460563443614491865707071371271790230347396970100056306701045530300608908219371551707475232391
0.53241355756238556700026266704455426664813199260244623631770811763147382020875264233785126442114885508707015270926140761655221947
0.52169150920048451515706755977510419137313918734204291675338737930707918998692570289510377580752018843091237283428568573817602749
0.51088641668585053186602077360398189081477838392217004595543698825098713017320218122207468015072730792385425657995657066473104016
0.5
0.48903399206983326265036964500010910515415717038109181490777609481550607310901980178331999818113490194827399757312986749247903791
0.47799013849178300651231751504585000065766719166884446550046509833488920901817658023895953746695129307701063342565780177187266338
0.46687019725394587758192782412098396282571854629092299825697115676433643704510441303384009978901775976944913182389039451942052417
0.45567593845624156094591612926838387085696741295892789401743703955233548853303771929168470091234552049977014530286760441300171682
0.44440914402864387043812644842930775094666022349901037098307812493801440102522660268803441098720128050616373507956008938650367563
0.4330716074475287008391582820775948830382307136194674593348388023245000247939543860674390149298140606551818233721855995305143065
0.4216651334501839950579980816127118391241286477333834936282632203897022474824249675898453802149859552589950335775501181820643576
0.4101915377475271713095589410943966496366695608382379603962721042916685923647534148787852754069072725022651342728113235873127335
0.3986526467350757406430111133827958859282743783947890596320566405020847727075328029360829176415472792429626843744447649667137437
0.3870502972022171232372930799733728134984207811794268156458511059793061959149193602282033374918899088852827580203254799685726815
0.3753863360398239426179658130879351142635171031148831747005134861117171205638481333720243313618432417427183361943661549379040893
0.3636626199462613403205148464433935335312081333681853227808895294358082923198349123248780656668829928662531905082145110491554379
0.3518810151318331094873917755908200687207204298365853838684498481850557380242714204112113263902345811221649413746442928765038974
0.3400433970217136943987741418758597339101147902622026163106707618635916149911950469162394610827760268788086155764085660996568852
0.3281516499574133439606514478911431054201431993325911738853047508271174703043082368013046561885563787171510786176175613052260564
0.3162076668968239406700485657214331507905068744402007971752212264614843372313255117965336536579806054130346373127757384047527284
0.3042133491128932525088075255613315642109157476989926643349309103758735803725311306379718572585051338758915850419044343041863715
0.2921706058909755735484002555165112431015970009994144998637860990943566253058943258093003574433424465680555988196770215896937295
0.2800813542249069297439838034458826194210795311304097836009605612010103092463160084764670524052003219899120107814517615219210033
0.2679475185118532294227968364919372842620312240308922646169884064958681057165786330586895908087603754899928241402796620838278744
0.25577103024597993329771345830564152438421092682457668709136959614220624649133401162881317788275859725340064883854925756079258
0.2435538277109920064302251741358073086135353084885536685438296879222343279425730212466892994204687273161551450590295901597637063
0.2312978556715930943984525769361990097210451539268439454766620240909069070790896013926020148351880503790455481079586753891929764
0.2190050650639130379663690246849944425427634244871601482742129299820761759638749138504586992446798850794669336671096113248429418
0.2066774126849530047728633824294884737008203390354492258744814648404969749215813178104057780030564535701036300751510657802181152
0.1943168608810976729374364747110155643579590221958898380829994306497991959760003637994753085119017685550469040786687115123376497
0.1819253772357440499883235691090643797011305270809375635914278493862892670534916008380760617611559816035132536122660883426260822
0.1695049342560966511350229578352382322296981115457831306906532733870583899060191762910737867851966569639569812539299378795050769
0.1570575090591788936082048868996384968724342479308789149636393416693556315478234427913993732048739442156911063773176351233946204
0.1445850830571106885546520268664341717421595680252320637175396897717568472357649069360282648002877387935303095250120438879618393
0.1320896416417023287833820338423860865015757790339236019658528290015024062220410139396352363022611090364893993050939683837364369
0.1195731738684148794928306464812319837821794016043560586427078882208744835686162591020120359399604871047592565613730623998585167
0.1070376721397373799506057807842995587196166896608024299697321956805969897596341371834106689321475589155319813838307795011951397
0.0944851318880312569308069973914382517829392817286984031073152471101766773723231063589139973110148615552243088380642678987301835
0.081917551257892435524463060888672655460734094218225161875805218276524199913364281830428126724750469957118463299600840125387036
0.0693369307880817097127727316702461194134165733210210718393974763644129801213485547966769994170786279510781769812245035464729345
0.0567452730930740038183193306215716813123270409336790898550451945057814826909952860495056629727526483587261595686468100633315832
0.0441445825442772166153281015376395484320184806546166247392707576624968598617157111146461513163526335767199432409462695025532041
0.0315368649509713924766900170627385250507359623891937020443626815255538509653153295073768549063798219925884295469716963817799265
0.0189241272410190084545139646556433300619720122259230935362551969457423751699065045893841313149739980027481755938970062074959652
0.0063083771413972026253045583430625444085564625430045422149559822372128338433924611296339974647052022754137029406590728705571569
-0.0063083771413972026253045583430625444085564625430045422149559822372128338433924611296339974647052022754137029406590728705571569
-0.0189241272410190084545139646556433300619720122259230935362551969457423751699065045893841313149739980027481755938970062074959652
-0.0315368649509713924766900170627385250507359623891937020443626815255538509653153295073768549063798219925884295469716963817799265
-0.0441445825442772166153281015376395484320184806546166247392707576624968598617157111146461513163526335767199432409462695025532041
-0.0567452730930740038183193306215716813123270409336790898550451945057814826909952860495056629727526483587261595686468100633315832
-0.0693369307880817097127727316702461194134165733210210718393974763644129801213485547966769994170786279510781769812245035464729345
-0.081917551257892435524463060888672655460734094218225161875805218276524199913364281830428126724750469957118463299600840125387036
-0.0944851318880312569308069973914382517829392817286984031073152471101766773723231063589139973110148615552243088380642678987301835
-0.1070376721397373799506057807842995587196166896608024299697321956805969897596341371834106689321475589155319813838307795011951397
-0.1195731738684148794928306464812319837821794016043560586427078882208744835686162591020120359399604871047592565613730623998585167
-0.1320896416417023287833820338423860865015757790339236019658528290015024062220410139396352363022611090364893993050939683837364369
-0.1445850830571106885546520268664341717421595680252320637175396897717568472357649069360282648002877387935303095250120438879618393
-0.1570575090591788936082048868996384968724342479308789149636393416693556315478234427913993732048739442156911063773176351233946204
-0.1695049342560966511350229578352382322296981115457831306906532733870583899060191762910737867851966569639569812539299378795050769
-0.1819253772357440499883235691090643797011305270809375635914278493862892670534916008380760617611559816035132536122660883426260822
-0.1943168608810976729374364747110155643579590221958898380829994306497991959760003637994753085119017685550469040786687115123376497
-0.2066774126849530047728633824294884737008203390354492258744814648404969749215813178104057780030564535701036300751510657802181152
-0.2190050650639130379663690246849944425427634244871601482742129299820761759638749138504586992446798850794669336671096113248429418
-0.2312978556715930943984525769361990097210451539268439454766620240909069070790896013926020148351880503790455481079586753891929764
-0.2435538277109920064302251741358073086135353084885536685438296879222343279425730212466892994204687273161551450590295901597637063
-0.25577103024597993329771345830564152438421092682457668709136959614220624649133401162881317788275859725340064883854925756079258
-0.2679475185118532294227968364919372842620312240308922646169884064958681057165786330586895908087603754899928241402796620838278744
-0.2800813542249069297439838034458826194210795311304097836009605612010103092463160084764670524052003219899120107814517615219210033
-0.2921706058909755735484002555165112431015970009994144998637860990943566253058943258093003574433424465680555988196770215896937295
-0.3042133491128932525088075255613315642109157476989926643349309103758735803725311306379718572585051338758915850419044343041863715
-0.3162076668968239406700485657214331507905068744402007971752212264614843372313255117965336536579806054130346373127757384047527284
-0.3281516499574133439606514478911431054201431993325911738853047508271174703043082368013046561885563787171510786176175613052260564
-0.3400433970217136943987741418758597339101147902622026163106707618635916149911950469162394610827760268788086155764085660996568852
-0.3518810151318331094873917755908200687207204298365853838684498481850557380242714204112113263902345811221649413746442928765038974
-0.3636626199462613403205148464433935335312081333681853227808895294358082923198349123248780656668829928662531905082145110491554379
-0.3753863360398239426179658130879351142635171031148831747005134861117171205638481333720243313618432417427183361943661549379040893
-0.3870502972022171232372930799733728134984207811794268156458511059793061959149193602282033374918899088852827580203254799685726815
-0.3986526467350757406430111133827958859282743783947890596320566405020847727075328029360829176415472792429626843744447649667137437
-0.4101915377475271713095589410943966496366695608382379603962721042916685923647534148787852754069072725022651342728113235873127335
-0.4216651334501839950579980816127118391241286477333834936282632203897022474824249675898453802149859552589950335775501181820643576
-0.4330716074475287008391582820775948830382307136194674593348388023245000247939543860674390149298140606551818233721855995305143065
-0.4444091440286438704381264484293077509466602234990103709830781249380144010252266026880344109872012805061637350795600893865036756
-0.4556759384562415609459161292683838708569674129589278940174370395523354885330377192916847009123455204997701453028676044130017168
-0.4668701972539458775819278241209839628257185462909229982569711567643364370451044130338400997890177597694491318238903945194205242
-0.4779901384917830065123175150458500006576671916688444655004650983348892090181765802389595374669512930770106334256578017718726634
-0.4890339920698332626503696450001091051541571703810918149077760948155060731090198017833199981811349019482739975731298674924790379
-0.5
-0.5108864166858505318660207736039818908147783839221700459554369882509871301732021812220746801507273079238542565799565706647310402
-0.5216915092004845151570675597751041913731391873420429167533873793070791899869257028951037758075201884309123728342856857381760275
-0.5324135575623855670002626670445542666481319926024462363177081176314738202087526423378512644211488550870701527092614076165522195
-0.5430508550092122029207887581450800646056344361449186570707137127179023034739697010005630670104553030060890821937155170747523239
-0.553601708269484513863468387999521586955905593185232274202125549136807408112218250739368457817491997142280327714030997535063202
-0.564064437832123334294972874969708516501164331363196975462151347905011353595813040303076619123539553888760392935435557723105748
-0.5744373782137989954710980859932999634639260716753879296344961317725213839190855049972354207049515968479951152788287426264467271
-0.5847188782240471066292292782364675000369309301633794972744833253547123736991298108081285250145549063164228112332277953928223809
-0.5949073012281091623161690549744656924189639649303671892290989483690280754481504621897021524007590214481420206746549014147530173
-0.605001025407456136229340337731732443043525410404832686779719040480534154412878938302747638234595567174308898399442510588817401
-0.6149984440179535907773492525375363596490901938872158096215851327598110495762178542521825062110387396848263698414581892308394456
-0.6248979656456272069952900208636170795325749363743953943603941325021819907829351441127344473038724162545281261710299423811254175
-0.6346980144599880214212335496558454670645838909090033845754145710529888295492287999435831735537006359508872581202423644614821954
-0.6443970304648770449922603259993647491224845719532710941031335172785680548711968377353217835333226598039382871963381847022568169
-0.6539934697467893338893416971996521869061349239759598139867794752658645709978527935259681388898700134480734552535703533987257179
-0.6634858047206379834874851169494465446236827232725132823126271102368269985741282323101816070645021146253790610776077442508903374
-0.672872524372918924086970132668173475241694927860053383938509014544851431759516556738102968443615753484853145526774586626703982
-0.6821521345022378108483428240064269559678600710173553596336486493048491293572503959457567275002208422800171225372266911168283546
-0.6913231579571607202622458260994134601675140531585503783460512910635597551003575248451196865954152714424366967429975553797759495
-0.7003841348713507914882969178203120479021290310393594895893299973256340019257188843066406008948517033536839752880690669885824437
-0.7093336228959533829272791856979644920707261418023292395130135572731938298789657704086809001613956888097435836515596163684009138
-0.7181701974291927523790983697953586990461573369018390450788107328712959560401379207192069264194481744542476985000086044418981597
-0.7268924518431437130155781082070216077024253626707599637619763354220808598339986816677180808759198917362235521192551354621076987
-0.7354989977076421670915440376856962568463673976133297036992546792944905433321233265906813342028855976601960767023609612243403864
-0.7439884650112988747582096086807932385865548037017191924901828707022206329963149220399050466122980185043541158407603018469214664
-0.7523595023795812764571218716955707833609586025681346773243349658652630910726866411436293507281862683729344328028957181510434519
-0.7606107772899286540874530752204009513100455854391951667371719706463029531626368604894348745671832696809367199394183942432772197
-0.7687409762838663883799409035942041040574922467833531667069781038800135502401057666056062565993136456955288667788181411213925453
-0.776748805176085547602114155257958733980792885804857190619015247352973858691745710912786505294386862669580994541603764070681113
-0.7846329892604545257855515226533019132668957940139958729278315998069279796050966668364618436047471658880916849919554604034366414
-0.7923922735129299370299132187848265541691331338754854010981132548685749068180833340650688318158482098597005957834960074411217508
-0.8000254227913344660226195065884024891495224213003107977219883490483319633843714916367213443419821466238087609195368133266534755
-0.807531222031969873638756774880580225265769461764253621412528149640772840403062980241634624959391929671036853886148052265352211
-0.8149084764430338602736822696863021264794175330708430738096233160401450582513563157960650213647841839401534523319256965751541561
-0.8221560116948099983306787220066510380952771931986675905650696814117535474743292779372022948967129133434457970216107838922558908
-0.8292726741066004589568926569345437042846515673725614627512622911034957870246032262090346246942293831370313496211066599547166373
-0.836257330830371776610907715032789439336316742933259234712322686990921992911849530830013851870840124122122941120574683808844461
-0.843108870031084418272122317813498787967873285023752282139974177160855122641098036340168314046714134805605644860836285206037843
-0.8498262010636774519823309179918376132274224640399893363924510066649657188188034048535093655318426315085141177822536447063078973
-0.856408254646680141859520603233841724446266231974455691336094368689237709012744698799831834461255319444773015281479372544429668
-0.8628539830324228336581333149838583812952179702194948346288531845613673163130073025536041133537842331235264037575761821784176087
-0.8691623601738200362834378733269209257037744327624993768438091667985801501563997636832381108184894353989401066982352550489747656
-0.8753323818876991503140345678894850545082382442003787848723495656349800841826512033892159657762293174475211908753763787519256332
-0.8813630660146488444590209350545761382781584264291830384368136881905195697841187343608862204382224535011025473292253410880878237
-0.8872534525753616348874504193511383363998917656783689068792449348233519825028137474548144653630667683823255881017825547085910471
-0.8930026039234457804292270456543611206486437838669383245673678814967034756028448168795195148435927724808491006892214938721760442
-0.8986096048946821686696653886047898236980681406935825345906597674679087671459517810057116241113080110881095266023311635011895718
-0.9040735629527024338551417828953236935560112874168927524408748996882777473876935597676304216214633833005642603212116240176429269
-0.9093936083310651172044892670777403782623568147995414769169385631503217356236794221549790186757990454953777611699899644738843397
-0.9145688941717072535893625556648797839853861514250560513822603453213698301626971174250452938915394885865688352699788317665473507
-0.9195985966597493455154501530696344729317018229046668563646962372692064469529877507387333802819426337285680174809098757265119922
-0.9244819151546322658132952526272126406707089129094090030639660838700773130401243480047040681181093188961899950885899758248581877
-0.9292180723175652143402035495197360850090553620392279366453712895786848268408615737724901084050349046816219945169675042913984807
-0.93380631423526444121031904215759723085322713373573610558265458902232949023956915370418587849926080688527210091892139919407573337
-0.93824591053996303951496386142944233628719035832913629739763137726707194014612494289668004338451030265948584803274807900089762221
-0.94253615452567270407577664432946533101117611252013273032859982003259222021612846132751093632833925128444997355168448258590330192
-0.9466763632606789493945583464065863477189176247640245154073343965150622870486870049431046592400880369279813368815644296633811016
-0.95066587769625187953107299111028171228737514273716841836466433554271760791789623985031082461535447207445774591591136762713958159
-0.95450406277155520505791306237069069938913082210048985197346760927656671929599824044114003344756548273966301036947057254918332818
-0.95819030751473680741403068514322061742347051659760390923863835951298776691308828306032009571110794211526910022721381085130067508
-0.96172402514018475880932354393116600765969264539039271362264042079353028398271094196589622583991690177040284355903819460166186595
-0.96510465314193331622499264400360601645493706862690592660438315341540007637029978203749407804415428606314423249010887392919349382
-0.96833165338320402091109375431224933216416025507025175420631840382150210764229751736533019170361207884367679942834872907241031811
-0.97140451218206765000622962954529607958859358428896016194701185226457006434667353332158673900061559343234870752444931690169695283
-0.97432274039321338439674307952293819906945707201676985949743474839920575466314472175505708494356328884807272135690371270652208411
-0.97708587348581217659577765822950503945261067555904604827343992492072501213204768737607482570212088736074473056867902093089035349
-0.9796934716174619241575336826708796954141895977127140794878483366983113358054537441067152607224827200384136983903834826556430658
-0.98214511970420267784999314509079529232627812330855098787208422609298204130216103032727279507842639216522453387118791470395177432
-0.98444042748659073939103446787522448303259936221547371041380427914215966986239188465156124461609868668274690277274675080191370212
-0.98657902959182113090862532524666553578530432074558876844386441923804456757350022035479449994393521707305219949488665733798609288
-0.98856058559188854731580486730701061306378306974258071714128366193799028310277005643761251297075540912078131667924445343028085542
-0.99038478005777753339531506562547147391260729700209898432209861887152817014006598762420683757288198142754470603582434416874353483
-0.99205132260967325946663341770510525654194619158425950242557014645984035032779829853095097572648547605959165641976799055739008246
-0.99355994796318490295918016835726157834723834332515624886115558887111284815568326512578507004230630069110470504909966638146676099
-0.99491041597157427793878821933086414967360049100161745767075542964638096606388322568691380042146217881868794550603911898013511435
-0.99610251166398299052909616760601180258805471940877142326275935216222363140151047258708080091993755210699014885637886080851108475
-0.99713604527965203513413115704730339953939504498266443479699015022951137838976742637051563405335361454394221630762115725362005444
-0.99801085229812838430159483642882933790256581668424264518520367407482180913744485342740286880469327764844406279359108692156687767
-0.99872679346545376386670488741346393546260184910384655108815075227023779200700742029224776792280082350585922749658312148775404074
-0.99928375481633144458219049116553822947385053889336923457467927439581025725385705537169136421016661485651928453315180213597274364
-0.99968164769226752166938507482095419203080637901088738225385247764196839900510228313406331327447148150792300625994348751004869086
-0.99992040875568379451639041860409099596893555430326186086321308306649320328222198300539467833186220987212825415308643815721007806