0.99966846751431309403218773508280940001168903627729777055874905436691041430553097969536631576506104717790841732439614862584654191
0.99867408988483050760577176453166073033074013941283853254860640367715333420708130309876336861038957031707306743611399987916145793
0.99701752644852666835089234346287854162283451661574060887236520060444356605331345548366344740544985484814773414436894669455360171
0.99469987561458904797625680672209061496176109738515799296920509296638351434415379655128245452930641614002329562490297367110652698
0.99172267413610150582147900705823456077560003498403751958814914489849634095275099364919490755855763344717645758382049298240669722
0.98808789609107714929926908113070848843586282870742493428118268683583982198528530227918307589311735670627912439844818543008266167
0.98379795157351635264469529782406761381190490726121443356513067506558381941389803013003281898925751326074893289603007057739018565
0.97885568509535784754884599024217415955307373832591548964475902737047189268035155919123081048453954783084871135024944327563217108
0.97326437370038249593123451371727194280055727366013754799039250400392956823257950640052249109262413489194481600020871269038597172
0.96702772479132034919186214983237717742215522612851144776953401873672103252039957979216953823042007519816724933733715503438311769
0.9601498736716017631384943454019255716108577718415522344131184936997810667020433421755292866342209954223682037476809035338765491
0.9526353808033825473157607370981429062637906011975001936288873689480794877327074713445347091271814145537762021258874335029358492
0.9444892287836612562119467742722171807154910118601539093435048212260529366653329500132805082320019418374357447367594653564378572
0.93571681904049365304522067357635889808416062545363167188176899437655108356938688078860041007692465142340789597971119656211518788
0.92632396825149497059129050472706399122133752528026752979264915990804920337010394227155428089379617062901531855659939628491278161
0.91631690448700473474839108913032471781326393976398688067592226010095546653662692353696701590791564014802472250843674116172450152
0.90570226308047148314545710423692416651507000521267903433813821608840495029528061511544335138343178703886524366304803607344809267
0.8944870822287955820318233216497337670451589866427869982191680686717068337693498626270955773392846157513181461219716653368712523
0.88267879832554740001262559595213732356569993363186776613410796979075711953040953473828618863263170108263774200217616315229670155
0.87028524103015521818794256638686402910297398921698130240759928408904729234066073972195839838831677617733974231735623214384776548
0.85731462807633232547289130719835361552265574538365631879941999961382806278501269203864690582032309225098551409477918537079234307
0.84377555982318564923810356509697641033868797759007245946171445241979336776222927274484856588857183623598481821973874003097227378
0.82967701355261889027042596738707597668306339717971824772917281138583113229376248397624521229173208921036692900829120262369198063
0.81502833751681135428091787376139893826106559265110663996172041983347979287117039877482079239227332716382329987684627595568146099
0.79983924473971938823833503073988383679667745590065608748660295004230412652880377740974103440327883672554481301906568642254324293
0.78411980657671042880077718181319964086434205095686146450056957156645752532385186758702319097922669097913279984988688041185172611
0.76788044603660004391081317593541794421258143119158036157534510871887199395681354653512931691329543548613922062573268152088392491
0.75113193087051989087193367920152502593162310246541930840496759938141424253835618033984879155304391818709298763057153742927114746
0.7338853664321991204758701610226706020529478842335780042852362343205853744875877596207845697160882584030386604620150283387031612
0.71615218831439332448716954678341484504198635934160526661258950230999909542157633840830290627155403538887042152037628733124206264
0.69794415476634355251416970771421170619236404989242966762603449469333890715439694059835973804707270385742960292327113959141720121
0.6792733388972931155862949904270503180450094203859577354020381235376459330454979459890909249575486406044488409229293861849248687
0.66015212067123175134512421243242338971761839541816744195400806048058825274340794820232934279503039132194874237536115334045364879
0.64059317869817515558017874910649559669398993179619013607180354987672313286426762567992209314806035860563324845782943815355677761
0.62060948182742279511186855888244223845501723763655089156941165999143839040680714663041393292373975339090560305606708372206115178
0.60021428054836821828924393320263272303848969385897718384145527808253107804263724878080428401590331138697174795600384618765001562
0.5794210982045636845678607582146469698519272537519314459236971315294807008682940449594655645764621981853221392459117061331385131
0.55824372202686475915264040274622587292663049765280988026093545081153093304000059828185398272863296808500471182880291052704654002
0.53669619399160048042839047548772048146787242250924240004408854020757938561352006307440239986465773200813117916976176724246752531
0.51479280150983072731422339309652668752259717314572358219601056772991287659172195570865785301053517147545606396190310224710552407
0.4925480679538644138390568320545344677720650133324049020087288456708662726106563191257907494240395807163118337772351849175584545
0.469976743027320044880320188284959830667253191130145049853891637362325234777340398140279536138275191933236807950535429406904701
0.44709379298511390858780770154994244483103261369366019168244973932087583596236641127031993837274678419821235254762398253961827621
0.4239143907098606887419042651814927925410190230237243060041635266233312366251498062294577373806791097359808615280378671759882369
0.4004539056512664881900757918031049168798988609608346159638588652856641009888428236675005431975520859196876641439559438139762548
0.3767278936351850994385423912048126363985956622423183047140797490058134532252962413989750940414254667473508378076038764122279425
0.3527520865490947802113466208444908167556844102517081863641509784100627856717652570549930840006934538299576608912340592621047197
0.3285423819108347330233652537686684647414761837701088617164425849056095450867109417099414711868583437431269525325776486172950333
0.3041148323275178942148291736201549317983422646803274394978312916279032503699874735105858596195658782687990355170104864199490184
0.2794856348516094581371390778942150551101749216985796757787117794118538362392576965057767954271034458455876298492933414293613622
0.2546711202412287479786428236449119383343566194320481074393475724440928735989238798956590263225069866168943135447950549172661301
0.2296877421317955508629587031855238968422551588104096675639957720438615836994793074386887148837112868446601608150302347589881261
0.2045520661262008192326881916211885127837779440092727363620850639905882466528436408345682579042461626468457740592656077910360699
0.1792807588107356641700983494684076980694133236185696866866727225026899590796270612592967373656421805214430236076590150089693642
0.1538905767040617933823856197344647265033275941054517553638743865374546241575372242772128493681743608126695068491496204504455761
0.128398355146550944451709469969936050229044531426543327410323127519338663993829529259587415367623017777270749069355672714584749
0.1028209971373604031806320868342052679487260781114697235730240578830040849019056991422923024489236195924997584723560663437509935
0.077175462126646351234840428642637656106202994930842062740778673671294309089674080430028591212634066168119190748842011908271721
0.0514787547703465338189597059018664537997513458587513278468956750564749451443623480682169534100169212621804231409592309149809547
0.0257479136549885570940081203878329786879114718756750995545172281043903467455703044452480901658265881377646348940617378362821721
0.e-127
-0.0257479136549885570940081203878329786879114718756750995545172281043903467455703044452480901658265881377646348940617378362821721
-0.0514787547703465338189597059018664537997513458587513278468956750564749451443623480682169534100169212621804231409592309149809547
-0.077175462126646351234840428642637656106202994930842062740778673671294309089674080430028591212634066168119190748842011908271721
-0.1028209971373604031806320868342052679487260781114697235730240578830040849019056991422923024489236195924997584723560663437509935
-0.128398355146550944451709469969936050229044531426543327410323127519338663993829529259587415367623017777270749069355672714584749
-0.1538905767040617933823856197344647265033275941054517553638743865374546241575372242772128493681743608126695068491496204504455761
-0.1792807588107356641700983494684076980694133236185696866866727225026899590796270612592967373656421805214430236076590150089693642
-0.2045520661262008192326881916211885127837779440092727363620850639905882466528436408345682579042461626468457740592656077910360699
-0.2296877421317955508629587031855238968422551588104096675639957720438615836994793074386887148837112868446601608150302347589881261
-0.2546711202412287479786428236449119383343566194320481074393475724440928735989238798956590263225069866168943135447950549172661301
-0.2794856348516094581371390778942150551101749216985796757787117794118538362392576965057767954271034458455876298492933414293613622
-0.3041148323275178942148291736201549317983422646803274394978312916279032503699874735105858596195658782687990355170104864199490184
-0.3285423819108347330233652537686684647414761837701088617164425849056095450867109417099414711868583437431269525325776486172950333
-0.3527520865490947802113466208444908167556844102517081863641509784100627856717652570549930840006934538299576608912340592621047197
-0.3767278936351850994385423912048126363985956622423183047140797490058134532252962413989750940414254667473508378076038764122279425
-0.4004539056512664881900757918031049168798988609608346159638588652856641009888428236675005431975520859196876641439559438139762548
-0.4239143907098606887419042651814927925410190230237243060041635266233312366251498062294577373806791097359808615280378671759882369
-0.4470937929851139085878077015499424448310326136936601916824497393208758359623664112703199383727467841982123525476239825396182762
-0.469976743027320044880320188284959830667253191130145049853891637362325234777340398140279536138275191933236807950535429406904701
-0.4925480679538644138390568320545344677720650133324049020087288456708662726106563191257907494240395807163118337772351849175584545
-0.5147928015098307273142233930965266875225971731457235821960105677299128765917219557086578530105351714754560639619031022471055241
-0.5366961939916004804283904754877204814678724225092424000440885402075793856135200630744023998646577320081311791697617672424675253
-0.55824372202686475915264040274622587292663049765280988026093545081153093304000059828185398272863296808500471182880291052704654
-0.5794210982045636845678607582146469698519272537519314459236971315294807008682940449594655645764621981853221392459117061331385131
-0.6002142805483682182892439332026327230384896938589771838414552780825310780426372487808042840159033113869717479560038461876500156
-0.6206094818274227951118685588824422384550172376365508915694116599914383904068071466304139329237397533909056030560670837220611518
-0.6405931786981751555801787491064955966939899317961901360718035498767231328642676256799220931480603586056332484578294381535567776
-0.6601521206712317513451242124324233897176183954181674419540080604805882527434079482023293427950303913219487423753611533404536488
-0.6792733388972931155862949904270503180450094203859577354020381235376459330454979459890909249575486406044488409229293861849248687
-0.6979441547663435525141697077142117061923640498924296676260344946933389071543969405983597380470727038574296029232711395914172012
-0.7161521883143933244871695467834148450419863593416052666125895023099990954215763384083029062715540353888704215203762873312420626
-0.7338853664321991204758701610226706020529478842335780042852362343205853744875877596207845697160882584030386604620150283387031612
-0.7511319308705198908719336792015250259316231024654193084049675993814142425383561803398487915530439181870929876305715374292711475
-0.7678804460366000439108131759354179442125814311915803615753451087188719939568135465351293169132954354861392206257326815208839249
-0.7841198065767104288007771818131996408643420509568614645005695715664575253238518675870231909792266909791327998498868804118517261
-0.7998392447397193882383350307398838367966774559006560874866029500423041265288037774097410344032788367255448130190656864225432429
-0.815028337516811354280917873761398938261065592651106639961720419833479792871170398774820792392273327163823299876846275955681461
-0.8296770135526188902704259673870759766830633971797182477291728113858311322937624839762452122917320892103669290082912026236919806
-0.8437755598231856492381035650969764103386879775900724594617144524197933677622292727448485658885718362359848182197387400309722738
-0.8573146280763323254728913071983536155226557453836563187994199996138280627850126920386469058203230922509855140947791853707923431
-0.8702852410301552181879425663868640291029739892169813024075992840890472923406607397219583983883167761773397423173562321438477655
-0.8826787983255474000126255959521373235656999336318677661341079697907571195304095347382861886326317010826377420021761631522967016
-0.8944870822287955820318233216497337670451589866427869982191680686717068337693498626270955773392846157513181461219716653368712523
-0.9057022630804714831454571042369241665150700052126790343381382160884049502952806151154433513834317870388652436630480360734480927
-0.9163169044870047347483910891303247178132639397639868806759222601009554665366269235369670159079156401480247225084367411617245015
-0.9263239682514949705912905047270639912213375252802675297926491599080492033701039422715542808937961706290153185565993962849127816
-0.93571681904049365304522067357635889808416062545363167188176899437655108356938688078860041007692465142340789597971119656211518788
-0.9444892287836612562119467742722171807154910118601539093435048212260529366653329500132805082320019418374357447367594653564378572
-0.9526353808033825473157607370981429062637906011975001936288873689480794877327074713445347091271814145537762021258874335029358492
-0.9601498736716017631384943454019255716108577718415522344131184936997810667020433421755292866342209954223682037476809035338765491
-0.96702772479132034919186214983237717742215522612851144776953401873672103252039957979216953823042007519816724933733715503438311769
-0.97326437370038249593123451371727194280055727366013754799039250400392956823257950640052249109262413489194481600020871269038597172
-0.97885568509535784754884599024217415955307373832591548964475902737047189268035155919123081048453954783084871135024944327563217108
-0.98379795157351635264469529782406761381190490726121443356513067506558381941389803013003281898925751326074893289603007057739018565
-0.98808789609107714929926908113070848843586282870742493428118268683583982198528530227918307589311735670627912439844818543008266167
-0.99172267413610150582147900705823456077560003498403751958814914489849634095275099364919490755855763344717645758382049298240669722
-0.99469987561458904797625680672209061496176109738515799296920509296638351434415379655128245452930641614002329562490297367110652698
-0.99701752644852666835089234346287854162283451661574060887236520060444356605331345548366344740544985484814773414436894669455360171
-0.99867408988483050760577176453166073033074013941283853254860640367715333420708130309876336861038957031707306743611399987916145793
-0.99966846751431309403218773508280940001168903627729777055874905436691041430553097969536631576506104717790841732439614862584654191