0.99983886792905819422908616567977841843802885172481316799743373187521748087874124859908663466496218199885452801733534249547458439
0.99935552364332134890660005788299654434084252891596409296546470848343446795552851265353494773894911799481623005593301316315635711
0.99855012290732094136414113099029166339985229725754302953660093703687683044307558450241730867824237122504465983735426952096706262
0.99742292527283403120220783190798403248825828562749939461088766597126880519784325646873589152520152022383639406743416184082764809
0.9959742939952390295817189937211678685354318247479924570006352000990496505258694616227322539665274857247488710621315466471271493
0.99420469591645151641573447237811734198688208699341391601235510682683213782500829542164807049643518742689547455478569502131731388
0.9921147013144778310497930427857785214530367089687957358710212264108831122527153416153676677534539856462231650482872816915249201
0.98970498371963491991386642580237369174961326286374455019889031781027368614221653569704428223555402470593970350952325436623609838
0.98697631969749566689902112855941136362505765937286860716899677871313582100649111501752689030940909583642902253079438980360937587
0.98392958859862965539563609398996989652001742863307433166744023916289810039362831678332772188281292878991823381748462721626331386
0.98056577227522001157174635989437049090700601529192872494500946499611660945225537768812600681829144518647046351011107036355829535
0.97688595476464765312133790112808676886032855340709958285049363231023979694639949988713239183429303555980836847710173646441341387
0.97289132194014491293314924395918060488272637405897232195086295494972915434294078545433068470481175368586380566910073967313825661
0.9685831611286311194901683754647358138360124027538877506150849142789580463827283934026071067075112036418229259933769828173862137
0.96396286069585329188856595254998577609065299709754113925097879075657910311931847666875983490665072818546142186999665859181224202
0.95903190959896564375398696557090995271753943341401372035353897719271431618799685599347706424512525935894360300027902416821145867
0.95379189690669208363743241260580631960959216494250962838509953961480313360211547942841311748150139036657295749793577209358098666
0.94824451128722634631078448336099487877667059699334520034272650374335792790391132152519181638190222667389881653054256808353036323
0.94239154046403478638672201042467271591466676909905961429786932772719375537490536247568611285075148393131226232610139268139956524
0.93623487063973720950875572446811746977748237742297644505735370421531993978504735620841362867779160512345975361510673136237247151
0.92977648588825140366094255622199072958715528248738001545928827680673886414198032679292888056688639004766469207354301619541916106
0.92301846751539726061828572065115735597213155586042801489384895927473429926659999707489385202868953867164283350963894367680623033
0.91596299338816654190194528804887126833545055764292868683911229678533200973875443146246003893047257797301837089527375994985185115
0.90861233723287444154256908004741466087119437985209127890047159981418524768554987519303878907715944477627374128948640773350750523
0.90096886790241912623610231950744505116591916213185715005356242319943242042793996550136145471851241531831096436867510363979163288
0.89303504861288538886759112521055150016875539704058580708630363953118596511523042697945704151722995880765915741980606339779446407
0.88481343614973843067149408702148554997093511003640267284456251256863014803367453065571831634859911494344897250754252589331304155
0.87630668004386358730811590392206258339906423848214708669736123114547041331304155655100481630642416697035526120943589436700056929
0.8675175217177175317067852485380754559406222742904838213233010638635109211381925290599083177141531091620959828882037295067249402
0.8584487936018661185256909553391418597075906106444769791962452732455409951821421562902106876231239736267502591917514672917167607
0.84910341822219357840181832915069772104542682030021424571746651559190772317668631876404605009877251705551201187134539051196590088
0.83948440725807722173671986860560423701139477863917937958514880059615712627542984755776963527636742584750739695363902822998082758
0.82959486057183116853900916138727262588520123795017115173870011504265593398417246691052529451786802822611985997589103642881789735
0.81943796520973187980713001862616270739859568371550124785987607488414975270556590538416412858203052423379717725293039378052033748
0.80901699437494742410229341718281905886015458990288143106772431135263023140945122485360360209469556874237704403769344587606331693
0.79833530637270146738014389383422229958663257583499594681854699743723632571692708108750385634812476892821436231843898802844376828
0.78739634352801192190280022193165465936354054855122063104224768636572979884101014177589629251308996984348024250047728259981206277
0.77620363107635302825687252977795495268194021856415490924408405857965205190789090914977965121991807444209395631266094155498151111
0.76476077602759837030965327667910177307387908258199412457443485738164681199188506262774369925079085278725791883704324237518843709
0.75307146600361093353289811269675434530109126297207697837540559928914207418907223049766720945865608630805090448817013178471595109
0.74113946804985480973656788780391097572029872965580987279949670907631556358188345424093087862139171717531464295921344754547162451
0.72896862742141152314673031905525911137257166408684890531015408929752368679517103414063537487053355141463863029286507069393362834
0.71656286634379220123455853487823181007302667061781089523538986614977673020444580881431676853823804552205372504959159748428782972
0.70392618274894493609882690467935228398816278676023546961481514196413283800348424929886384228690741213479702858057608994285453657
0.69106264898686467590493542565916998174665948563912994747702617671154917664968213161056608242545994809018207003552793176798332564
0.67797641051322084831320940275819432302470828513188535245770873825590860666755163020201952066690189269234526388667619127718431317
0.66467168455342564645424205664149229622192432861400722784370595304958117063420902192147794404308891640460758496986803620280379356
0.65115275874357350033871531827081287075741970966402905759197487269801171622694110461080368082182042122982888470527842240054613339
0.63742398974868971017671281167601619543491729778214606068004692893266578122287149156258792637764953148422420136510819140047560904
0.62348980185873353052500488400423981063227473089640210536554943909685365245648728457594250732658537166705809220917454300913572926
0.60935468556280816312360019519864882960044332961398941460528269717187761444959115704093326945147452857255511333446947575150699716
0.59502319610203713941472862436187225934423640897345498638305418749843969790703367802725288935803942536722377989338385911049900886
0.58049995200157344879504252049247019973453939732761854960987594521775702288576868989210400028848909294746745421953962431357060828
0.56578963358221449341961307680457822345786228726836442923826476968442710473492145378374117757243409742415145994316681730778730955
0.55089698145210252268710431912041058718524681687279637055956374506901356686621722103954308877750539379136080635796657872032655187
0.53582679497899661827130876786763997806357534560897205276120953182863307222134046827546398598680666389183213440309866488161161556
0.52058393074360856165682013909042895201024952686776919709762915126120041961252186925179830849128659609210424026715710753333375714
0.50517330097450101856827386140304095170517971237911922634734515618687348738549082766968717293367099026549845931575241839532736334
0.48959987196505241648671080214392621516172732438016690159371119985176538482368542744428923878646388711149249046845022338624627646
0.473868662472998670708383009665975087270450669848328846147246527681962269018865703407986308487277754504870109975643995586227167
0.4579847421030675292582736568179817263846513263522847831352552459087121389147511830381152805951041178425674199446790167353432233
0.44195322967322675561327965535363586546074663616816885950638703080452883373287743234437398234947383471256947335179233378058326241
0.4257792915650726488625024457442517039799730418325583898770488739697242600801560839191314602158320524580455652655259587401500909
0.4094681400588905119326388608446625076031830676066530559097193785483512393576579391244728831238837875254862012628923316713521796
0.3930250316539236181879675098179335770068944801040165452590286565382121868167976060905645905071796178613051647772906130599614661
0.3764552653743919934850046097445447612684637643726641405857488759325391737577142786476601006398908625322615426630730828896985398
0.3597641810618069230853973763952341394959958718393163482952581828753953511985120041888598783859775376698803033656544160622178561
0.3429571576541315092270917826286043237563809103511341427911854781445453118492687247714028749191115061866557888085667491027204486
0.3260396114523418442000084845824268892513573046514665735535842640782847094210806314936006716813192572960443121434123613915307533
0.3090169943749474241022934171828190588601545899028814310677243113526302314094512248536036020946955687423770440376934458760633169
0.2918947922010333087581792621981796992958421031742174531274050763678838881226711063789806785838738538671126994106216779219587681
0.2746785228023902323081175428073264171515183472342935470242976147804059530203853712614837643728973738881280836118685567627531544
0.25737373436530238554405389099803338679748682810647491099737373926353699654173316801627209943206559139467639006329128420177742
0.2399860036025659240242591641772707003625838528820448350952648310697465562130138462753937571844709870866719939778813881566281501
0.2225209339563144042889025644967947594663555687645449553119870158974212320285473190745810526080729563487471278404994393693440964
0.2049841537922303130949798031192065820708558493462267222007232875646431075374097487547182427152258513850289500297391503595270712
0.1873813145857246305425507344472914693386261517676418662594452200623867277753411651571410632076716802807251611884877246292591867
0.1697180891006689563789065407437078028336018816223001583746750301036043583630263714286168203018093010469935206958185352307815105
0.1520001695612671288091232445125106941472091980756678863968667568734708431974723782226787128996241572634597435249087468016964015
0.1342332658176554760370186415106700491221105492895839197159018330661212276651280769206135067738816801137046906110744126052844777
0.1164231035058228617973213207673122778271693253118810048194596732222118600771607002626430641393060051706560511976013052608872466
0.0985754222024435166665755821592358439918666204707171054849794613377998960410731258271184182055974685523191280722876412929148675
0.08069597357521728636703165587236066983657536459771555343733172576181644153807844697956853965441161012350367227865951887088035
0.0627905195293133760761782245656311331224848319066662727630407596318135267607829566774457142502180539982338330421755598968969408
0.0448648303505149254580903368019609171338572943490410406123606074865809222559989430760532123202208548136956175963180370593694069
0.0269246828456628123367221632478333693397083780306708793113482780219299489015782097394011404846666557207723127171250269569077942
0.0089758584809979532930381746245906187767754436966720087308052064092374693230608302319275879699511687270821847064510307868777771
-0.0089758584809979532930381746245906187767754436966720087308052064092374693230608302319275879699511687270821847064510307868777771
-0.0269246828456628123367221632478333693397083780306708793113482780219299489015782097394011404846666557207723127171250269569077942
-0.0448648303505149254580903368019609171338572943490410406123606074865809222559989430760532123202208548136956175963180370593694069
-0.0627905195293133760761782245656311331224848319066662727630407596318135267607829566774457142502180539982338330421755598968969408
-0.08069597357521728636703165587236066983657536459771555343733172576181644153807844697956853965441161012350367227865951887088035
-0.0985754222024435166665755821592358439918666204707171054849794613377998960410731258271184182055974685523191280722876412929148675
-0.1164231035058228617973213207673122778271693253118810048194596732222118600771607002626430641393060051706560511976013052608872466
-0.1342332658176554760370186415106700491221105492895839197159018330661212276651280769206135067738816801137046906110744126052844777
-0.1520001695612671288091232445125106941472091980756678863968667568734708431974723782226787128996241572634597435249087468016964015
-0.1697180891006689563789065407437078028336018816223001583746750301036043583630263714286168203018093010469935206958185352307815105
-0.1873813145857246305425507344472914693386261517676418662594452200623867277753411651571410632076716802807251611884877246292591867
-0.2049841537922303130949798031192065820708558493462267222007232875646431075374097487547182427152258513850289500297391503595270712
-0.2225209339563144042889025644967947594663555687645449553119870158974212320285473190745810526080729563487471278404994393693440964
-0.2399860036025659240242591641772707003625838528820448350952648310697465562130138462753937571844709870866719939778813881566281501
-0.25737373436530238554405389099803338679748682810647491099737373926353699654173316801627209943206559139467639006329128420177742
-0.2746785228023902323081175428073264171515183472342935470242976147804059530203853712614837643728973738881280836118685567627531544
-0.2918947922010333087581792621981796992958421031742174531274050763678838881226711063789806785838738538671126994106216779219587681
-0.3090169943749474241022934171828190588601545899028814310677243113526302314094512248536036020946955687423770440376934458760633169
-0.3260396114523418442000084845824268892513573046514665735535842640782847094210806314936006716813192572960443121434123613915307533
-0.3429571576541315092270917826286043237563809103511341427911854781445453118492687247714028749191115061866557888085667491027204486
-0.3597641810618069230853973763952341394959958718393163482952581828753953511985120041888598783859775376698803033656544160622178561
-0.3764552653743919934850046097445447612684637643726641405857488759325391737577142786476601006398908625322615426630730828896985398
-0.3930250316539236181879675098179335770068944801040165452590286565382121868167976060905645905071796178613051647772906130599614661
-0.4094681400588905119326388608446625076031830676066530559097193785483512393576579391244728831238837875254862012628923316713521796
-0.4257792915650726488625024457442517039799730418325583898770488739697242600801560839191314602158320524580455652655259587401500909
-0.4419532296732267556132796553536358654607466361681688595063870308045288337328774323443739823494738347125694733517923337805832624
-0.4579847421030675292582736568179817263846513263522847831352552459087121389147511830381152805951041178425674199446790167353432233
-0.473868662472998670708383009665975087270450669848328846147246527681962269018865703407986308487277754504870109975643995586227167
-0.4895998719650524164867108021439262151617273243801669015937111998517653848236854274442892387864638871114924904684502233862462765
-0.5051733009745010185682738614030409517051797123791192263473451561868734873854908276696871729336709902654984593157524183953273633
-0.5205839307436085616568201390904289520102495268677691970976291512612004196125218692517983084912865960921042402671571075333337571
-0.5358267949789966182713087678676399780635753456089720527612095318286330722213404682754639859868066638918321344030986648816116156
-0.5508969814521025226871043191204105871852468168727963705595637450690135668662172210395430887775053937913608063579665787203265519
-0.5657896335822144934196130768045782234578622872683644292382647696844271047349214537837411775724340974241514599431668173077873095
-0.5804999520015734487950425204924701997345393973276185496098759452177570228857686898921040002884890929474674542195396243135706083
-0.5950231961020371394147286243618722593442364089734549863830541874984396979070336780272528893580394253672237798933838591104990089
-0.6093546855628081631236001951986488296004433296139894146052826971718776144495911570409332694514745285725551133344694757515069972
-0.6234898018587335305250048840042398106322747308964021053655494390968536524564872845759425073265853716670580922091745430091357293
-0.637423989748689710176712811676016195434917297782146060680046928932665781222871491562587926377649531484224201365108191400475609
-0.6511527587435735003387153182708128707574197096640290575919748726980117162269411046108036808218204212298288847052784224005461334
-0.6646716845534256464542420566414922962219243286140072278437059530495811706342090219214779440430889164046075849698680362028037936
-0.6779764105132208483132094027581943230247082851318853524577087382559086066675516302020195206669018926923452638866761912771843132
-0.6910626489868646759049354256591699817466594856391299474770261767115491766496821316105660824254599480901820700355279317679833256
-0.7039261827489449360988269046793522839881627867602354696148151419641328380034842492988638422869074121347970285805760899428545366
-0.7165628663437922012345585348782318100730266706178108952353898661497767302044458088143167685382380455220537250495915974842878297
-0.7289686274214115231467303190552591113725716640868489053101540892975236867951710341406353748705335514146386302928650706939336283
-0.7411394680498548097365678878039109757202987296558098727994967090763155635818834542409308786213917171753146429592134475454716245
-0.7530714660036109335328981126967543453010912629720769783754055992891420741890722304976672094586560863080509044881701317847159511
-0.7647607760275983703096532766791017730738790825819941245744348573816468119918850626277436992507908527872579188370432423751884371
-0.7762036310763530282568725297779549526819402185641549092440840585796520519078909091497796512199180744420939563126609415549815111
-0.7873963435280119219028002219316546593635405485512206310422476863657297988410101417758962925130899698434802425004772825998120628
-0.7983353063727014673801438938342222995866325758349959468185469974372363257169270810875038563481247689282143623184389880284437683
-0.8090169943749474241022934171828190588601545899028814310677243113526302314094512248536036020946955687423770440376934458760633169
-0.8194379652097318798071300186261627073985956837155012478598760748841497527055659053841641285820305242337971772529303937805203375
-0.8295948605718311685390091613872726258852012379501711517387001150426559339841724669105252945178680282261198599758910364288178973
-0.8394844072580772217367198686056042370113947786391793795851488005961571262754298475577696352763674258475073969536390282299808276
-0.8491034182221935784018183291506977210454268203002142457174665155919077231766863187640460500987725170555120118713453905119659009
-0.8584487936018661185256909553391418597075906106444769791962452732455409951821421562902106876231239736267502591917514672917167607
-0.8675175217177175317067852485380754559406222742904838213233010638635109211381925290599083177141531091620959828882037295067249402
-0.8763066800438635873081159039220625833990642384821470866973612311454704133130415565510048163064241669703552612094358943670005693
-0.8848134361497384306714940870214855499709351100364026728445625125686301480336745306557183163485991149434489725075425258933130416
-0.8930350486128853888675911252105515001687553970405858070863036395311859651152304269794570415172299588076591574198060633977944641
-0.9009688679024191262361023195074450511659191621318571500535624231994324204279399655013614547185124153183109643686751036397916329
-0.9086123372328744415425690800474146608711943798520912789004715998141852476855498751930387890771594447762737412894864077335075052
-0.9159629933881665419019452880488712683354505576429286868391122967853320097387544314624600389304725779730183708952737599498518511
-0.9230184675153972606182857206511573559721315558604280148938489592747342992665999970748938520286895386716428335096389436768062303
-0.9297764858882514036609425562219907295871552824873800154592882768067388641419803267929288805668863900476646920735430161954191611
-0.93623487063973720950875572446811746977748237742297644505735370421531993978504735620841362867779160512345975361510673136237247151
-0.94239154046403478638672201042467271591466676909905961429786932772719375537490536247568611285075148393131226232610139268139956524
-0.94824451128722634631078448336099487877667059699334520034272650374335792790391132152519181638190222667389881653054256808353036323
-0.95379189690669208363743241260580631960959216494250962838509953961480313360211547942841311748150139036657295749793577209358098666
-0.95903190959896564375398696557090995271753943341401372035353897719271431618799685599347706424512525935894360300027902416821145867
-0.96396286069585329188856595254998577609065299709754113925097879075657910311931847666875983490665072818546142186999665859181224202
-0.9685831611286311194901683754647358138360124027538877506150849142789580463827283934026071067075112036418229259933769828173862137
-0.97289132194014491293314924395918060488272637405897232195086295494972915434294078545433068470481175368586380566910073967313825661
-0.97688595476464765312133790112808676886032855340709958285049363231023979694639949988713239183429303555980836847710173646441341387
-0.98056577227522001157174635989437049090700601529192872494500946499611660945225537768812600681829144518647046351011107036355829535
-0.98392958859862965539563609398996989652001742863307433166744023916289810039362831678332772188281292878991823381748462721626331386
-0.98697631969749566689902112855941136362505765937286860716899677871313582100649111501752689030940909583642902253079438980360937587
-0.98970498371963491991386642580237369174961326286374455019889031781027368614221653569704428223555402470593970350952325436623609838
-0.9921147013144778310497930427857785214530367089687957358710212264108831122527153416153676677534539856462231650482872816915249201
-0.99420469591645151641573447237811734198688208699341391601235510682683213782500829542164807049643518742689547455478569502131731388
-0.9959742939952390295817189937211678685354318247479924570006352000990496505258694616227322539665274857247488710621315466471271493
-0.99742292527283403120220783190798403248825828562749939461088766597126880519784325646873589152520152022383639406743416184082764809
-0.99855012290732094136414113099029166339985229725754302953660093703687683044307558450241730867824237122504465983735426952096706262
-0.99935552364332134890660005788299654434084252891596409296546470848343446795552851265353494773894911799481623005593301316315635711
-0.99983886792905819422908616567977841843802885172481316799743373187521748087874124859908663466496218199885452801733534249547458439