0.99989423192710752254645322748162657178751107782595619177245426946788748750144240604989797855083020605310622610542552830564281867
0.99957695008220057696266076340528082958135344391433313240397098035645676134830017059944237938014167098151837838453183448414712275
0.99904822158185776240371621940332975535049258494256290571729338630598084370614294729499111402628178292955448780057750757657340043
0.99830815827126820804782070878327753293708292269299721175133724350812923129910312700950294033045731377516681527734050689664904177
0.99735691670057227286330715280446772225347480343145041287575782628917776982060420612377237594277505905365624078037098744491326085
0.99619469809174553229501040247388804618356267264585097452544227738011674983825159967418638625965192179779126053368867453578650448
0.99482174829603305710380330437862383410824130573088222063628443357303945454281526833910001055725408148180622273157110586545899513
0.99323835774194298854789555219370434034910619707069370256500718801627860515051263368017207153925912254361217270357663165549253576
0.99144486137381041114455752692856287127773827444810227145877460352892206840508253176326543345327739735737867993502493944915599907
0.98944163858094451897383706493693889733998777682223077850230256608943200668496934854478008671302512693114295702352595994312353772
0.9872291131173740634596272078254368563821965047513472107498777500356408960996350761216326456753522540555231418804408140674172242
0.98480775301220805936674302458952301367064325171984241879002575235582759994303623927467841005611989916062133620382429048903021783
0.98217807047063071096477176876843287469457164701659189303708565159423821239342960188950793158949909933232327109881934461034053786
0.97934062176555150151042882463692180203726279614833129587982472222312394939657809520668712443997346985448194574555541263446671608
0.97629600711993336597088648960542757716533548912850906316532868057097278823766538264439961773384751074809955161082574980479318283
0.97304487057982383883288517278469592003486706688408375787596742527221217238570840602527717975541367376656342712355702584011392349
0.96958789987811603549925420995962354926987079377038326931168376745100316040450375846895175190575547390167952045412232303099563079
0.96592582628906828674974319972889736763390483900840455040234307631042321397985551634756174185807045188840211186438162153744592538
0.96205942447361320062197740292290332744936539429560979047013064397911487665808559297628890329867948852914209687863066853911448274
0.95798951231548887443737476695675462425798132572837204319645689646280133506082722922068411404735209726499193704143718497879007899
0.95371695074822692114384706460025743615169905599386202632211886222189193578224019006994854847047609217595921199282649442688920187
0.94924264357303390826136726031473993606859899219040935498068963526654922324533734390227780811069272228193005526988758077922580127
0.94456753726760473408888446082940437375043922448404009473490397661117713846842047927537209273372839911901854279471045043350172697
0.93969262078590838405410927732473146993620813426446463309028666277422121099588945894974588983794806746192163479658862657697069787
0.93461892534898841975560261550886667526349901517868878760061690519347141774227595004165791215557358780315131640772966231300662861
0.92934752422682245395541602756427580312360756821844010506299254983343959298552745199927969586795406238917776299810503994301531326
0.92387953251128675612818318939678828682241662586364248611509773128053500750110235871483993485034459609796302578224788303086917758
0.91821610688027401475896141531463660248136827999787722216067948484545281226488411179183001719986873212557707616048612574620828103
0.91235844535301415400924585532163620808683807184763925776782561967033574069009418721736725526299453106196355556503005845584719699
0.90630778703664996324255265675431698326771262517586468087129840882261838593636941129036370108545770233464607221041424810117153587
0.90006541186412114782414922692529752513482681210226651783519688737721803834978768671519171742733484483587539651243423605617348263
0.89363264032341224819257418686665511737608804841343476170350676604763767297451383970441914491070907202592495051086088217332556001
0.88701083317822170105460988303751652084643703786558715205427000198383115392940060977696236842667320398787277744089028180431451695
0.88020139118011113129390076560848004759570612476791290357423538378489025983894320691002353673247645044921260491519158047897737959
0.87320575477219576542256875432467716158872377465519615981193615345609937023325356428814778549179636653365657952053440645087891755
0.86602540378443864676372317075293618347140262690519031402790348972596650845440001854057309337862428783781307070770335151498497255
0.85866185712061310865218390859156860182746506605540996097857567134180003061855995239842712048619284043770009232051527459376004673
0.85111667243699972440532301559488399973221361391547535776018770307371473799177657151882351293360573632299444611219607986738308719
0.84339144581288570127285680582757209373375856392840151231510315485428226141399638176690831517175292017167674042326579895004663189
0.83548781141293641965382617001958359374197663530527000218092079849958056186397469349519381629592855108459857219766479867004117858
0.8274074411415105382040664308051825805806007369994010090289407079720526713800230582445120325951810052611542605514316234303258022
0.81915204428899178968448838591684343189001146902616200825755504125418855845469308075296245280846133013534689215217157847716889246
0.8107233671702122811589634805495703344102809728949029438894179418328842848423571615836094311940926545441913674298147718681552149
0.80212319275504378508329489193392513362789237842094594682352920181308248879433373907299608102998217294330374745718444083230173163
0.79335334029123516457977696150129927662867592105191023422448078294540218227127872910059956585805247319221357878427644228834604483
0.7844156649195757164147347243863789879656649257738787174824581069810231888345279406869003887883117826583898931341932787405523626
0.77531205728146583854222683415550686920532509645214702317760225880430725180295475754697364563489375333563502537768179123832750197
0.76604444311897803520239265055541667393583245708039524585404528464215538885687472352822927668054849344996248839987004553419542483
0.7566147828674928611279740946701130268983242984808952878489854656181880680755909895575643956421048663514337993324896141476515204
0.74702507124099597708130615118336657186906983627511932174815128104928356429331929425769650020813017427216097726436744351734004335
0.737277336810124041384293394982316707478311862443799984528494660150032327294987991411223073152037623583849959176650007454150791
0.72737364157304869598717641766381552180036282067144257690823335364763626182534850841034152711617159434587900827844713816860749971
0.71731608051928942062376977010959209172835683665646737395865847387953230496035756459797980871663897249607106012732106429974619075
0.70710678118654752440084436210484903928483593768847403658833986899536623923105351942519376716382078636750692311545614851246241803
0.69674790321065502045101640395750415101919992127264249654748615327999873012016414758043633282716294136954794713742033645310580635
0.68624163786873358572960499961753798301463747838945232329613277381297260699713148975371754102732568485141508930485432862913475022
0.67559020761566024434833935367435418230825445621227085938999109794244608859087865395919888722426053492294718967517514493780789317
0.66479586561393782870870224259749904584088222004627137960295520107483429345556999710038387747980551588839973182553387200095645055
0.653860895257069667825581260900376144299962019634156278017548840165798116420942064615126707854058614833004860145538677866904519
0.64278760968653932632264340990726343290755988420568179032497725467111283624095863971048822771759435162014780267264646498539261968
0.63157835130249757034378199053439529966505628839260296436537492450035779532875547824932113751069248689710842204832379930679196738
0.62023549126826006777394923486525105346889231962078775805884063697196347434278395895042476334875007413425171920587460108268144983
0.60876142900872063941609754289816400451639371196247523002497396790137603444499283952625164811099385020895439127353138354839998886
0.59715859170278616485185216058395977284065140820450686759671030523805807609709158748248932025682714183400843718573147045103801019
0.58542943376994051134966451025951897892020307059442126460361389364065125372787568369362173352557511696940858452215901779754921059
0.5735764363510460961080319128261578646204333714509863510810271181694568998525616100597220126402203332120219451983344933487617392
0.56160210678349291107020434078188174601633218541247990824757543912114923952422050206258492062638760945069479020008489960769689122
0.54950897807080603526278037405013391651273924489583325971682074834656069685817722755554652996337035989101343157375019617017903081
0.53729960834682383184078554626770676808266663467188280174587935397414403024778960498446202309353912110437911131483552554988453499
0.52497658033456017551825771122077558716713878712921801987021724985764558380603520308869819093890313127507917038534544847261004443
0.51254250079986518058308741889553776702582936936483897821682654612361429776446516265390505206117929730610930681289806340162055091
0.5
0.48735173112724234196336580858608880476168170846111721355562772334427318973697724339599292648965090874699691929252746490402226775
0.47460036974764040144440305218450524241421465678511511253375373049881117754226496751074418844123853970643920799918638601153707832
0.46174861323503393056293067313562298726782595027068010397141403233183681345835334231052909093274266182517537648574198202668886544
0.44879918020046217278504033473314361642434367779716395203451649516156853444092589945395641036708695388415338370359031072647001096
0.4357548099170793617931028120225859762371426180189705046281823871680285302963837040611874553163874496029614505802860878372163696
0.4226182617406994361869784896477301815631293011948646234444151592106598499856899896144643736194315885857693153353541811870247653
0.4093923145260925457541387941191048551880382351364609560326705399323882008149395846454782770316789645123976382094120880679097845
0.3960797660391568236960433916097445675084547888661868349682968827782205290534210461976827512824319807096037355178451612044545256
0.3826834323650897717284599840303988667613445624856270414338006356275460339600896922370137853422835471484242886614935559007560102
0.3692061473126844511998878300716878438710954572014430204434619291174685323421853895943553233642750527968912378176513588604420879
0.3556507618148764931158452172910415567171402163587442463845028255352831007708795978723115081646597671584147198321170147606252568
0.3420201433256687330440996146822595807630833675141606284650484976847147637020775995641901823385255475404735335311778255036375982
0.3283171752135610431391905078680567303946096273824356150195368114284400959724875372743812237354404844993184109532806667434360189
0.3145447561516136728017265820394227561963805761020599162768695211482896559410080981063032469601679539660822139200215406335102655
0.3007057995042731216225471359310733948570810329162382037753375826285266996467867286852007305095869758251523619356506048669852897
0.2868032327110902531032801731671579370202295884946314345798346514592395653885769162715596387280879889151483378187026972109791733
0.2728399966674610150482378060021193982506708724977407727641976141710044302843396108885154190785925325321315733167019865778898244
0.2588190451025207623488988376240483283490689013199305138140032073150569747488019969223679746942496655208951887489254730249835074
0.244743343954323779998207632813311235721008557639142416511472170099582571697728028378309094582040516033071036751309604239368292
0.2306158707424401784501983492929391024576185050569294662882235428151650732354787208103425869311805029191129287629900468101825793
0.2164396139381028797595536696179407286733871935500620417936242020718596084872521986587254753184384685921092528161764869727384109
0.2022175723320379311800611091313733641995291559152900332325383542172656589520180496445813079025625480097690780055201372618857579
0.1879527544001118729609103661592913468521149260031448068859185109929890703928294897178076970916235327675847434622208362858502066
0.173648177666930348851716626769314796000375677184069387236241378132065822139014735421516613157399574011959146396718581042775273
0.1593068680675225812133757813533598060581739187265417644230146463891641659393211924946842665206798344675162910300478710746791266
0.1449318593072467375406813031778968151579426424445613875805344428524164041509995113123793070796422797307878698639117612024629507
0.1305261922200515915484062278954890101937407048117322518906169483351328252298236296142403689922921229057494469979714407425231327
0.1160929141252302296756665233807114688534759015769312753371502830323703234705503727188339361698865591822733287033016849139065494
0.1016350781828018728502823747720658736765570989527363138784076778374514558477370256337578240689018765177721881352152865876919821
0.0871557427476581735580642708374735513777011561497026726137433675684298274816763305374012482769963721992991800582426696240026434
0.0726579707226106096200827961201149445542260751028655088062561794051653669697646284706796848321538395747211359610026126258476804
0.0581448289104758285387480168470715236341114131081647595225859675480571111105391462092253286147805209413263783131960835032843814
0.0436193873653359997817530772099444271126784739371856397391668471295488925154042280100540532549202838161960370176244828542678851
0.0290847187431114068885777500135960478634925108524375458140476807111755218471666353912000237988707141262181588029955006115942924
0.0145438976515826567703848457331085597612587085997861988333604821142993396146936118897206650056035260959564872000191318571188708
0.e-127
-0.0145438976515826567703848457331085597612587085997861988333604821142993396146936118897206650056035260959564872000191318571188708
-0.0290847187431114068885777500135960478634925108524375458140476807111755218471666353912000237988707141262181588029955006115942924
-0.0436193873653359997817530772099444271126784739371856397391668471295488925154042280100540532549202838161960370176244828542678851
-0.0581448289104758285387480168470715236341114131081647595225859675480571111105391462092253286147805209413263783131960835032843814
-0.0726579707226106096200827961201149445542260751028655088062561794051653669697646284706796848321538395747211359610026126258476804
-0.0871557427476581735580642708374735513777011561497026726137433675684298274816763305374012482769963721992991800582426696240026434
-0.1016350781828018728502823747720658736765570989527363138784076778374514558477370256337578240689018765177721881352152865876919821
-0.1160929141252302296756665233807114688534759015769312753371502830323703234705503727188339361698865591822733287033016849139065494
-0.1305261922200515915484062278954890101937407048117322518906169483351328252298236296142403689922921229057494469979714407425231327
-0.1449318593072467375406813031778968151579426424445613875805344428524164041509995113123793070796422797307878698639117612024629507
-0.1593068680675225812133757813533598060581739187265417644230146463891641659393211924946842665206798344675162910300478710746791266
-0.173648177666930348851716626769314796000375677184069387236241378132065822139014735421516613157399574011959146396718581042775273
-0.1879527544001118729609103661592913468521149260031448068859185109929890703928294897178076970916235327675847434622208362858502066
-0.2022175723320379311800611091313733641995291559152900332325383542172656589520180496445813079025625480097690780055201372618857579
-0.2164396139381028797595536696179407286733871935500620417936242020718596084872521986587254753184384685921092528161764869727384109
-0.2306158707424401784501983492929391024576185050569294662882235428151650732354787208103425869311805029191129287629900468101825793
-0.244743343954323779998207632813311235721008557639142416511472170099582571697728028378309094582040516033071036751309604239368292
-0.2588190451025207623488988376240483283490689013199305138140032073150569747488019969223679746942496655208951887489254730249835074
-0.2728399966674610150482378060021193982506708724977407727641976141710044302843396108885154190785925325321315733167019865778898244
-0.2868032327110902531032801731671579370202295884946314345798346514592395653885769162715596387280879889151483378187026972109791733
-0.3007057995042731216225471359310733948570810329162382037753375826285266996467867286852007305095869758251523619356506048669852897
-0.3145447561516136728017265820394227561963805761020599162768695211482896559410080981063032469601679539660822139200215406335102655
-0.3283171752135610431391905078680567303946096273824356150195368114284400959724875372743812237354404844993184109532806667434360189
-0.3420201433256687330440996146822595807630833675141606284650484976847147637020775995641901823385255475404735335311778255036375982
-0.3556507618148764931158452172910415567171402163587442463845028255352831007708795978723115081646597671584147198321170147606252568
-0.3692061473126844511998878300716878438710954572014430204434619291174685323421853895943553233642750527968912378176513588604420879
-0.3826834323650897717284599840303988667613445624856270414338006356275460339600896922370137853422835471484242886614935559007560102
-0.3960797660391568236960433916097445675084547888661868349682968827782205290534210461976827512824319807096037355178451612044545256
-0.4093923145260925457541387941191048551880382351364609560326705399323882008149395846454782770316789645123976382094120880679097845
-0.4226182617406994361869784896477301815631293011948646234444151592106598499856899896144643736194315885857693153353541811870247653
-0.4357548099170793617931028120225859762371426180189705046281823871680285302963837040611874553163874496029614505802860878372163696
-0.448799180200462172785040334733143616424343677797163952034516495161568534440925899453956410367086953884153383703590310726470011
-0.4617486132350339305629306731356229872678259502706801039714140323318368134583533423105290909327426618251753764857419820266888654
-0.4746003697476404014444030521845052424142146567851151125337537304988111775422649675107441884412385397064392079991863860115370783
-0.4873517311272423419633658085860888047616817084611172135556277233442731897369772433959929264896509087469969192925274649040222678
-0.5
-0.5125425007998651805830874188955377670258293693648389782168265461236142977644651626539050520611792973061093068128980634016205509
-0.5249765803345601755182577112207755871671387871292180198702172498576455838060352030886981909389031312750791703853454484726100444
-0.537299608346823831840785546267706768082666634671882801745879353974144030247789604984462023093539121104379111314835525549884535
-0.5495089780708060352627803740501339165127392448958332597168207483465606968581772275555465299633703598910134315737501961701790308
-0.5616021067834929110702043407818817460163321854124799082475754391211492395242205020625849206263876094506947902000848996076968912
-0.5735764363510460961080319128261578646204333714509863510810271181694568998525616100597220126402203332120219451983344933487617392
-0.5854294337699405113496645102595189789202030705944212646036138936406512537278756836936217335255751169694085845221590177975492106
-0.5971585917027861648518521605839597728406514082045068675967103052380580760970915874824893202568271418340084371857314704510380102
-0.6087614290087206394160975428981640045163937119624752300249739679013760344449928395262516481109938502089543912735313835483999889
-0.6202354912682600677739492348652510534688923196207877580588406369719634743427839589504247633487500741342517192058746010826814498
-0.6315783513024975703437819905343952996650562883926029643653749245003577953287554782493211375106924868971084220483237993067919674
-0.6427876096865393263226434099072634329075598842056817903249772546711128362409586397104882277175943516201478026726464649853926197
-0.653860895257069667825581260900376144299962019634156278017548840165798116420942064615126707854058614833004860145538677866904519
-0.6647958656139378287087022425974990458408822200462713796029552010748342934555699971003838774798055158883997318255338720009564505
-0.6755902076156602443483393536743541823082544562122708593899910979424460885908786539591988872242605349229471896751751449378078932
-0.6862416378687335857296049996175379830146374783894523232961327738129726069971314897537175410273256848514150893048543286291347502
-0.6967479032106550204510164039575041510191999212726424965474861532799987301201641475804363328271629413695479471374203364531058063
-0.707106781186547524400844362104849039284835937688474036588339868995366239231053519425193767163820786367506923115456148512462418
-0.7173160805192894206237697701095920917283568366564673739586584738795323049603575645979798087166389724960710601273210642997461907
-0.7273736415730486959871764176638155218003628206714425769082333536476362618253485084103415271161715943458790082784471381686074997
-0.737277336810124041384293394982316707478311862443799984528494660150032327294987991411223073152037623583849959176650007454150791
-0.7470250712409959770813061511833665718690698362751193217481512810492835642933192942576965002081301742721609772643674435173400434
-0.7566147828674928611279740946701130268983242984808952878489854656181880680755909895575643956421048663514337993324896141476515204
-0.7660444431189780352023926505554166739358324570803952458540452846421553888568747235282292766805484934499624883998700455341954248
-0.775312057281465838542226834155506869205325096452147023177602258804307251802954757546973645634893753335635025377681791238327502
-0.7844156649195757164147347243863789879656649257738787174824581069810231888345279406869003887883117826583898931341932787405523626
-0.7933533402912351645797769615012992766286759210519102342244807829454021822712787291005995658580524731922135787842764422883460448
-0.8021231927550437850832948919339251336278923784209459468235292018130824887943337390729960810299821729433037474571844408323017316
-0.8107233671702122811589634805495703344102809728949029438894179418328842848423571615836094311940926545441913674298147718681552149
-0.8191520442889917896844883859168434318900114690261620082575550412541885584546930807529624528084613301353468921521715784771688925
-0.8274074411415105382040664308051825805806007369994010090289407079720526713800230582445120325951810052611542605514316234303258022
-0.8354878114129364196538261700195835937419766353052700021809207984995805618639746934951938162959285510845985721976647986700411786
-0.8433914458128857012728568058275720937337585639284015123151031548542822614139963817669083151717529201716767404232657989500466319
-0.8511166724369997244053230155948839997322136139154753577601877030737147379917765715188235129336057363229944461121960798673830872
-0.8586618571206131086521839085915686018274650660554099609785756713418000306185599523984271204861928404377000923205152745937600467
-0.8660254037844386467637231707529361834714026269051903140279034897259665084544000185405730933786242878378130707077033515149849725
-0.8732057547721957654225687543246771615887237746551961598119361534560993702332535642881477854917963665336565795205344064508789176
-0.8802013911801111312939007656084800475957061247679129035742353837848902598389432069100235367324764504492126049151915804789773796
-0.8870108331782217010546098830375165208464370378655871520542700019838311539294006097769623684266732039878727774408902818043145169
-0.89363264032341224819257418686665511737608804841343476170350676604763767297451383970441914491070907202592495051086088217332556
-0.9000654118641211478241492269252975251348268121022665178351968873772180383497876867151917174273348448358753965124342360561734826
-0.9063077870366499632425526567543169832677126251758646808712984088226183859363694112903637010854577023346460722104142481011715359
-0.912358445353014154009245855321636208086838071847639257767825619670335740690094187217367255262994531061963555565030058455847197
-0.918216106880274014758961415314636602481368279997877222160679484845452812264884111791830017199868732125577076160486125746208281
-0.9238795325112867561281831893967882868224166258636424861150977312805350075011023587148399348503445960979630257822478830308691776
-0.9293475242268224539554160275642758031236075682184401050629925498334395929855274519992796958679540623891777629981050399430153133
-0.93461892534898841975560261550886667526349901517868878760061690519347141774227595004165791215557358780315131640772966231300662861
-0.93969262078590838405410927732473146993620813426446463309028666277422121099588945894974588983794806746192163479658862657697069787
-0.94456753726760473408888446082940437375043922448404009473490397661117713846842047927537209273372839911901854279471045043350172697
-0.94924264357303390826136726031473993606859899219040935498068963526654922324533734390227780811069272228193005526988758077922580127
-0.95371695074822692114384706460025743615169905599386202632211886222189193578224019006994854847047609217595921199282649442688920187
-0.95798951231548887443737476695675462425798132572837204319645689646280133506082722922068411404735209726499193704143718497879007899
-0.96205942447361320062197740292290332744936539429560979047013064397911487665808559297628890329867948852914209687863066853911448274
-0.96592582628906828674974319972889736763390483900840455040234307631042321397985551634756174185807045188840211186438162153744592538
-0.96958789987811603549925420995962354926987079377038326931168376745100316040450375846895175190575547390167952045412232303099563079
-0.97304487057982383883288517278469592003486706688408375787596742527221217238570840602527717975541367376656342712355702584011392349
-0.97629600711993336597088648960542757716533548912850906316532868057097278823766538264439961773384751074809955161082574980479318283
-0.97934062176555150151042882463692180203726279614833129587982472222312394939657809520668712443997346985448194574555541263446671608
-0.98217807047063071096477176876843287469457164701659189303708565159423821239342960188950793158949909933232327109881934461034053786
-0.98480775301220805936674302458952301367064325171984241879002575235582759994303623927467841005611989916062133620382429048903021783
-0.9872291131173740634596272078254368563821965047513472107498777500356408960996350761216326456753522540555231418804408140674172242
-0.98944163858094451897383706493693889733998777682223077850230256608943200668496934854478008671302512693114295702352595994312353772
-0.99144486137381041114455752692856287127773827444810227145877460352892206840508253176326543345327739735737867993502493944915599907
-0.99323835774194298854789555219370434034910619707069370256500718801627860515051263368017207153925912254361217270357663165549253576
-0.99482174829603305710380330437862383410824130573088222063628443357303945454281526833910001055725408148180622273157110586545899513
-0.99619469809174553229501040247388804618356267264585097452544227738011674983825159967418638625965192179779126053368867453578650448
-0.99735691670057227286330715280446772225347480343145041287575782628917776982060420612377237594277505905365624078037098744491326085
-0.99830815827126820804782070878327753293708292269299721175133724350812923129910312700950294033045731377516681527734050689664904177
-0.99904822158185776240371621940332975535049258494256290571729338630598084370614294729499111402628178292955448780057750757657340043
-0.99957695008220057696266076340528082958135344391433313240397098035645676134830017059944237938014167098151837838453183448414712275
-0.99989423192710752254645322748162657178751107782595619177245426946788748750144240604989797855083020605310622610542552830564281867