0.99985888397907770633666622157278152548534557174236310341961767613358842096376641912230807282450260648646990818980875692326827559
0.99943557574377354722911075107330179694660950646693931068851809098940427241189057526394648892941173014870213479087241762022419058
0.99873019476523510219918511452137194355855071484417462397871960060317163892235219658280270699261009272160960373015745917974594225
0.99774294012457622248526202006605747635095007616556584387076560463444999256118480360671824378840023722089850031019463168941551404
0.99647409045668996178730559594112173898268598608479988261967745853554100460600873919494668477108692002546459916989251448952208973
0.99492400387160888147117742754696264713547800451029211748849761057681591273852073818179166259882238312406827198291256373296027477
0.99309311785343492487381061753380590758485362765606106507518611124835076605940710507392970653348196072100727230403472846013877146
0.99098194913686738593719620870158372768413858273842673135545260684280038507480191577898326199343460484954454295506361744396015769
0.98859109356136381993470509865928732748987285528617119831659354541782925214052968966975847121054893854519069003042624699510778791
0.98592122590297505675369191146392920458938895884784436858366824575861435700262232066446927238962128883897051579579200975077622676
0.98297309968390177828194884485519871609872287506563287599738045920390785255224421742968448612935422732119306057451119765004221647
0.97974754695982640913402958587194023346870812599708137813727411975707722809982597520151970912923391843067995494391779771416405522
0.97624547808508034247215883226920121763675555842490996170406460435296125615011700347011466836230410309570403250831503319128969467
0.97246788145571277825507601332610219193434176362220512174028595803843826168641024539156910597398291279671747656788120288077743595
0.96841582323053368812120774081835597215628626079024270053015717935171009224046477530774697164533527071646775540586033002687268626
0.96409044703020963751977692464458763641272514430886109862211842722184366367078353529206803064409671698582721993009921813497614372
0.95949297361449738989036805706632769906245484842216195504449505899519030829628666697050428067360723592935408505744869895024729456
0.95462470053770638790987988512839879377299390858495820346283986471334473482494302661074168891307273189974786473771288201439269997
0.94948700178248735133427521160382856504279966538823871435394631399944995431627840198959066636054126586372783559942042446656789674
0.9440813273720503480269057167311007557878409940238236399523094568194413405787657562932309942376495213577135725674992976852459581
0.93840920296092178265901590936321480100560936340648203546086188502269837973182687582862610860729675852351266663038417215568196012
0.9324722294043558045731158918215633862625877779451169282483500118605360465696444981280747128504298509751993177719550636034522256
0.92627208230652166070677664497798566906439558478543373344341471725395191246109712084344825821945477227030980685773814455863622098
0.91981051154759450958276335873996996246334938933317167341577791841530641320822880630632347867939064196769754176000865036975675803
0.91308934078988316649068143436044951829841595289720112556295019279065183880363048463638937075977044800728036050949324384832992011
0.9061104669631341664350229329526323377169108704477703675220860704175816989591244193484586430554353743730067785830144872586634365
0.89887585972915740853485675624925922971560678945374503103203938483847876678890881249062070839981982217490446329077456974101375043
0.89138756092592448167269486522256960498551824833978283796064532439248215704715681831527853214057694939486018592907916393571283824
0.88364768399129656465715148191178818274960624343667523607250010590314830573958311868567264291977986995646847085707321572548661427
0.87565841336654454335079043503184812718017776976773751009111511349963097545718876188532562005866649860794939483645158817019669133
0.86742200387982969049842287729874899992236651627087409533097885128498091790458193901986263570221338364876490126520155588913162995
0.85894078010981890976242407088169586947756413228831391413054331493770929875164072472352660081597301570987051093628946259516708983
0.85021713572961415213414392294935205847066032875791284737007365641770806560342503459058933111543574215229344493330261953295552278
0.8412535328311811688618116489193677175132924984205378986426501176816511069016422732430865226697854616605649252783763254092252684
0.83205250123046826874740721506575998206774225591419603173582284937121127372676902190352112519497431415007339382673095366721470411
0.82261663775341119756446716870510908214485290904084757788812865560077603378967311142864231211072533013784438497031735052333118536
0.81294860550302565189757384096052145057177656827342534882498570443142406656342155732505438823958701147991404297014532158998457744
0.80305113310779427737983018669369723891734209919258388410866794601605338641921753934193547877478273979668149933762292469858315288
0.79292701395156028060048463849418925418183450264984659586955166008517391511844411073772801928937587711264354279632956805659873177
0.78257910538514500338105484595541814787298109405338746074097279135507868590952802411556582896161473098409847840542310071505729577
0.7720103279199119662017167385422732481965939168934409657961998218743277741469698555193835843311352269324482439357810513189166289
0.76122366440350498284459957522051693510025806586401129127013470472564412651029994491802328021027526360877888929540726669610624858
0.75022215917799297936890587284139783474130846508436589388748128611120742527789444159285947306542222134775037798106667105477629608
0.73900891722065911592453430987264810575991761970809772315714631069597281854575816206697753948006641635838800949323925590226810753
0.72758710326767670824473122768079158755072961413815883849983496832853903871840788817118099809765121776578891409837996453864460171
0.71595994092091927555176543477581512227236053628723682653769114754426163864385360233331290277556979666510238862986423977212994318
0.70413071173815680169956096455656447083587261487722715849717279840515498041127021372942227169251170542983102041873850001184398516
0.69210275430689498532018334102912657304110198795557715176277198898389768623001803156586296687816601238300714966234919391161881246
0.67987946330211887121368682376222918351775999759194909900665117741474493363497534773522951614523184622210069392827536317220054962
0.66746428852820679792017654161243582302742292474447301534046929961348331020903658423017148863953488113178528187276460010779725786
0.65486073394528506405692507246629355318379119933692842760629560450589508994935489209217089678846983012263260218381410749862043826
0.64207235668029810733109559910255868508067770036342942722741988927174441073319416310435657763445952907882007110673663154561286822
0.62910276602307330391068988254702293446154560076672638588105718679398190514351451162564588412985893670938143753041353185862072451
0.61595562240766373083527424570456202562131166115486152128405541226693790905899612139093474158660290488313240750052441228914442146
0.6026346363792563891785881549868406216189645817484142903524934942962575263723982839780418366974824907398635863031633528492531596
0.58914356754693745956462506966279800718814739421627845749305074872284911116649206872961815727503017395390603599263960861686685589
0.57548622352261015323741185011871837850440679249815233093490928693308492729511888254208019978307665243446671560431776293244793362
0.5616664588463646300659441436876123693442317516802816264741907673732086797783345206563092468499829733938502722200465618279391432
0.54768817389860327852654683143400281385488540487759567737517376731874893294084834471280823655825066722067402952647658900327566259
0.5335553137992283907661612230627499190506542312411087074128357692172171713346002664977281668232206094770251126554982991810322786
0.51927186729420291725671357574140856069841085277727065168189337165103898187634052000297312596839411928205357105060557428921941882
0.50484186562979854927224873083511753061514024136280541998639165048738517608100592546298818543420625426876816537251572003872323041
0.49026938141484885245112180659440680866379895426922652496295373606989261409248340881559695858623863874231195457629819541320996433
0.47555852747132856006446497041841143320819547469395453988617290723156495196375575718486981171512618995125313536397711592601649271
0.46071345567358342934392857991733016050711842525628219383187635204335886697158806425585024971358331136399596168414661021786374861
0.44573835577653826739645754937948685542767777358942749300033787285158275009972916334045811639822868034463792569905260629362068651
0.4306374542332138439475661140678311888713180886295469449713238238757025817506700067181666018388049499913784754707059889650780028
0.4154150130018864255292741492296232035240049104645368124262233323784397809448729897213711419159642233476187404832973251527189059
0.4000753283432265889129660312145707116688982937616256272551078173931064117742362934586780482754422040869900797715671772126743002
0.3846227296077567997559124880424961246855923087753202542355506304412486797149444377340950674450045365990930751063336368226890612
0.3690615780139699747848572115032178450337215027832015524864743443640886827326889499919871869292962236478630787353037318990024332
0.3533962654174538816097551572994830710911376510486197068771957945972585214076992312847335272488689533100157211379924584684510654
0.3376312130713687687015597837852844436443034915487889428525835090845834444545466042262737907555452088170470305793871190955814925
0.3217708703786280584634626405073493595498335260448494145383066726660580040365280647979194354623703966386323745568758125207012781
0.3058197136361342779864329084149310131848549620882308724633710023995405046734039522914298488360564487874903434088401386262062261
0.2897822447714246443463948235595799064044034631723139088056070820841669931187539489480532078497712216063557237088094720974774261
0.2736629900720828635390779354368134316248526694265054638774291154113557447083112431687928612879815216236169046973901693152373593
0.2574664989082757437548704582472753363864807866499585357967635647088311534171078955449090962634218886429209348214132903976295411
0.2411973424487751640936928549087928173805810925908081092000435071995748447850838738970257029069754800259688925008231156322912489
0.2248601123708277784613448484736015136978426260322730221494645149608653115127513635806645334993783198297376464595303062829390149
0.2084594195642365707550407569791008734043401556839404503861604978034775527680573090047153679896139496106465431920222709568720074
0.1919998928300200110468772002557923728459200369156670465220695066971714015191955969023612123993596372828352385425801584607944649
0.1754861775740160928487192768154129023266939946466219992452288962104517501661908712114404300422875489385158129069791436619906868
0.1589229344957999582585254674096632322572208216088784885205209935545482248419564978445930365477595222201611149417337357191471808
0.1423148382732851404437926686163696687910513611259843284180827865590054896008737039017824871236726189561969785204108441130764415
0.1256665762433796711392950869726512960129240391950443215785773488163524095389529687113323568702364355508637496030684287792646549
0.1089828470790694142797930925352401711772111109770696509260378110503823992664541046210151173760884244899544961319166806687796695
0.0922683594633019952396511071545064803630172837558233331915425299211375740212469556315981465015290341587417435441204135481472385
0.0755278307600455981257381513545753622462607967274875884331640860984081323753764072926624282366356114872404019336153897877221093
0.0587659856828977009127424761210721653325827175113505698114359268327499480184984736870280807923844547993102541810735967908467977
0.0419875549616195096960770875259301215601151552329313626392311105587613600007875879901239994610783645927000866110361756310926956
0.0251972740069724387717264144702429808369516426493946586211428850598033715929785401393483404064043686960766198995362941871250191
0.0083998815742334624694575907651118999470298658917916473464883262376171811263662917106381470501632771701986844529402224605125214
-0.0083998815742334624694575907651118999470298658917916473464883262376171811263662917106381470501632771701986844529402224605125214
-0.0251972740069724387717264144702429808369516426493946586211428850598033715929785401393483404064043686960766198995362941871250191
-0.0419875549616195096960770875259301215601151552329313626392311105587613600007875879901239994610783645927000866110361756310926956
-0.0587659856828977009127424761210721653325827175113505698114359268327499480184984736870280807923844547993102541810735967908467977
-0.0755278307600455981257381513545753622462607967274875884331640860984081323753764072926624282366356114872404019336153897877221093
-0.0922683594633019952396511071545064803630172837558233331915425299211375740212469556315981465015290341587417435441204135481472385
-0.1089828470790694142797930925352401711772111109770696509260378110503823992664541046210151173760884244899544961319166806687796695
-0.1256665762433796711392950869726512960129240391950443215785773488163524095389529687113323568702364355508637496030684287792646549
-0.1423148382732851404437926686163696687910513611259843284180827865590054896008737039017824871236726189561969785204108441130764415
-0.1589229344957999582585254674096632322572208216088784885205209935545482248419564978445930365477595222201611149417337357191471808
-0.1754861775740160928487192768154129023266939946466219992452288962104517501661908712114404300422875489385158129069791436619906868
-0.1919998928300200110468772002557923728459200369156670465220695066971714015191955969023612123993596372828352385425801584607944649
-0.2084594195642365707550407569791008734043401556839404503861604978034775527680573090047153679896139496106465431920222709568720074
-0.2248601123708277784613448484736015136978426260322730221494645149608653115127513635806645334993783198297376464595303062829390149
-0.2411973424487751640936928549087928173805810925908081092000435071995748447850838738970257029069754800259688925008231156322912489
-0.2574664989082757437548704582472753363864807866499585357967635647088311534171078955449090962634218886429209348214132903976295411
-0.2736629900720828635390779354368134316248526694265054638774291154113557447083112431687928612879815216236169046973901693152373593
-0.2897822447714246443463948235595799064044034631723139088056070820841669931187539489480532078497712216063557237088094720974774261
-0.3058197136361342779864329084149310131848549620882308724633710023995405046734039522914298488360564487874903434088401386262062261
-0.3217708703786280584634626405073493595498335260448494145383066726660580040365280647979194354623703966386323745568758125207012781
-0.3376312130713687687015597837852844436443034915487889428525835090845834444545466042262737907555452088170470305793871190955814925
-0.3533962654174538816097551572994830710911376510486197068771957945972585214076992312847335272488689533100157211379924584684510654
-0.3690615780139699747848572115032178450337215027832015524864743443640886827326889499919871869292962236478630787353037318990024332
-0.3846227296077567997559124880424961246855923087753202542355506304412486797149444377340950674450045365990930751063336368226890612
-0.4000753283432265889129660312145707116688982937616256272551078173931064117742362934586780482754422040869900797715671772126743002
-0.4154150130018864255292741492296232035240049104645368124262233323784397809448729897213711419159642233476187404832973251527189059
-0.4306374542332138439475661140678311888713180886295469449713238238757025817506700067181666018388049499913784754707059889650780028
-0.4457383557765382673964575493794868554276777735894274930003378728515827500997291633404581163982286803446379256990526062936206865
-0.4607134556735834293439285799173301605071184252562821938318763520433588669715880642558502497135833113639959616841466102178637486
-0.4755585274713285600644649704184114332081954746939545398861729072315649519637557571848698117151261899512531353639771159260164927
-0.4902693814148488524511218065944068086637989542692265249629537360698926140924834088155969585862386387423119545762981954132099643
-0.5048418656297985492722487308351175306151402413628054199863916504873851760810059254629881854342062542687681653725157200387232304
-0.5192718672942029172567135757414085606984108527772706516818933716510389818763405200029731259683941192820535710506055742892194188
-0.5335553137992283907661612230627499190506542312411087074128357692172171713346002664977281668232206094770251126554982991810322786
-0.5476881738986032785265468314340028138548854048775956773751737673187489329408483447128082365582506672206740295264765890032756626
-0.5616664588463646300659441436876123693442317516802816264741907673732086797783345206563092468499829733938502722200465618279391432
-0.5754862235226101532374118501187183785044067924981523309349092869330849272951188825420801997830766524344667156043177629324479336
-0.5891435675469374595646250696627980071881473942162784574930507487228491111664920687296181572750301739539060359926396086168668559
-0.6026346363792563891785881549868406216189645817484142903524934942962575263723982839780418366974824907398635863031633528492531596
-0.6159556224076637308352742457045620256213116611548615212840554122669379090589961213909347415866029048831324075005244122891444215
-0.6291027660230733039106898825470229344615456007667263858810571867939819051435145116256458841298589367093814375304135318586207245
-0.6420723566802981073310955991025586850806777003634294272274198892717444107331941631043565776344595290788200711067366315456128682
-0.6548607339452850640569250724662935531837911993369284276062956045058950899493548920921708967884698301226326021838141074986204383
-0.6674642885282067979201765416124358230274229247444730153404692996134833102090365842301714886395348811317852818727646001077972579
-0.6798794633021188712136868237622291835177599975919490990066511774147449336349753477352295161452318462221006939282753631722005496
-0.6921027543068949853201833410291265730411019879555771517627719889838976862300180315658629668781660123830071496623491939116188125
-0.7041307117381568016995609645565644708358726148772271584971727984051549804112702137294222716925117054298310204187385000118439852
-0.7159599409209192755517654347758151222723605362872368265376911475442616386438536023333129027755697966651023886298642397721299432
-0.7275871032676767082447312276807915875507296141381588384998349683285390387184078881711809980976512177657889140983799645386446017
-0.7390089172206591159245343098726481057599176197080977231571463106959728185457581620669775394800664163583880094932392559022681075
-0.7502221591779929793689058728413978347413084650843658938874812861112074252778944415928594730654222213477503779810666710547762961
-0.7612236644035049828445995752205169351002580658640112912701347047256441265102999449180232802102752636087788892954072666961062486
-0.7720103279199119662017167385422732481965939168934409657961998218743277741469698555193835843311352269324482439357810513189166289
-0.7825791053851450033810548459554181478729810940533874607409727913550786859095280241155658289616147309840984784054231007150572958
-0.7929270139515602806004846384941892541818345026498465958695516600851739151184441107377280192893758771126435427963295680565987318
-0.8030511331077942773798301866936972389173420991925838841086679460160533864192175393419354787747827397966814993376229246985831529
-0.8129486055030256518975738409605214505717765682734253488249857044314240665634215573250543882395870114799140429701453215899845774
-0.8226166377534111975644671687051090821448529090408475778881286556007760337896731114286423121107253301378443849703173505233311854
-0.8320525012304682687474072150657599820677422559141960317358228493712112737267690219035211251949743141500733938267309536672147041
-0.8412535328311811688618116489193677175132924984205378986426501176816511069016422732430865226697854616605649252783763254092252684
-0.8502171357296141521341439229493520584706603287579128473700736564177080656034250345905893311154357421522934449333026195329555228
-0.8589407801098189097624240708816958694775641322883139141305433149377092987516407247235266008159730157098705109362894625951670898
-0.8674220038798296904984228772987489999223665162708740953309788512849809179045819390198626357022133836487649012652015558891316299
-0.8756584133665445433507904350318481271801777697677375100911151134996309754571887618853256200586664986079493948364515881701966913
-0.8836476839912965646571514819117881827496062434366752360725001059031483057395831186856726429197798699564684708570732157254866143
-0.8913875609259244816726948652225696049855182483397828379606453243924821570471568183152785321405769493948601859290791639357128382
-0.8988758597291574085348567562492592297156067894537450310320393848384787667889088124906207083998198221749044632907745697410137504
-0.9061104669631341664350229329526323377169108704477703675220860704175816989591244193484586430554353743730067785830144872586634365
-0.9130893407898831664906814343604495182984159528972011255629501927906518388036304846363893707597704480072803605094932438483299201
-0.919810511547594509582763358739969962463349389333171673415777918415306413208228806306323478679390641967697541760008650369756758
-0.926272082306521660706776644977985669064395584785433733443414717253951912461097120843448258219454772270309806857738144558636221
-0.9324722294043558045731158918215633862625877779451169282483500118605360465696444981280747128504298509751993177719550636034522256
-0.93840920296092178265901590936321480100560936340648203546086188502269837973182687582862610860729675852351266663038417215568196012
-0.9440813273720503480269057167311007557878409940238236399523094568194413405787657562932309942376495213577135725674992976852459581
-0.94948700178248735133427521160382856504279966538823871435394631399944995431627840198959066636054126586372783559942042446656789674
-0.95462470053770638790987988512839879377299390858495820346283986471334473482494302661074168891307273189974786473771288201439269997
-0.95949297361449738989036805706632769906245484842216195504449505899519030829628666697050428067360723592935408505744869895024729456
-0.96409044703020963751977692464458763641272514430886109862211842722184366367078353529206803064409671698582721993009921813497614372
-0.96841582323053368812120774081835597215628626079024270053015717935171009224046477530774697164533527071646775540586033002687268626
-0.97246788145571277825507601332610219193434176362220512174028595803843826168641024539156910597398291279671747656788120288077743595
-0.97624547808508034247215883226920121763675555842490996170406460435296125615011700347011466836230410309570403250831503319128969467
-0.97974754695982640913402958587194023346870812599708137813727411975707722809982597520151970912923391843067995494391779771416405522
-0.98297309968390177828194884485519871609872287506563287599738045920390785255224421742968448612935422732119306057451119765004221647
-0.98592122590297505675369191146392920458938895884784436858366824575861435700262232066446927238962128883897051579579200975077622676
-0.98859109356136381993470509865928732748987285528617119831659354541782925214052968966975847121054893854519069003042624699510778791
-0.99098194913686738593719620870158372768413858273842673135545260684280038507480191577898326199343460484954454295506361744396015769
-0.99309311785343492487381061753380590758485362765606106507518611124835076605940710507392970653348196072100727230403472846013877146
-0.99492400387160888147117742754696264713547800451029211748849761057681591273852073818179166259882238312406827198291256373296027477
-0.99647409045668996178730559594112173898268598608479988261967745853554100460600873919494668477108692002546459916989251448952208973
-0.99774294012457622248526202006605747635095007616556584387076560463444999256118480360671824378840023722089850031019463168941551404
-0.99873019476523510219918511452137194355855071484417462397871960060317163892235219658280270699261009272160960373015745917974594225
-0.99943557574377354722911075107330179694660950646693931068851809098940427241189057526394648892941173014870213479087241762022419058
-0.99985888397907770633666622157278152548534557174236310341961767613358842096376641912230807282450260648646990818980875692326827559