0.9993007047883985526997800741767273557026678637248582334172606071748191155630496603171630209718904315621410318911004060551785926
0.99720379718118014822502987087811926565585970536236880527491970773736929489914676310977515092446693698568101079248701806606039319
0.99371220989324258353314824194737869715263549578207321492775650215951038096889094466909957648727064382235430090455376689544457885
0.98883082622512854506974288293400861306525101357418770639949692716021353309872609924934318996817419308688871791291610516590831812
0.98256647323328823614586950182432424600759469268228067299335854890459326490435141833059743358220107993346183372272461266564998344
0.97492791218182360701813168299393121723278580061999743764807957508764593163440379370011245812073692516401481293875625289435821838
0.96592582628906828674974319972889736763390483900840455040234307631042321397985551634756174185807045188840211186438162153744592538
0.95557280578614073281133405376746666643958910634689043067188665898809431541844944622673474039669985370628755349326152775411795347
0.94388333030836756289526360715103662152063246819031638184372537432131943503758466418252941903481932276227960741349249510914835859
0.93087374864420425563779924195127530714200395770691002474018535916362021606613004550219451279536187415059287715245292738774117311
0.91656225586997618581665289425909141191568369756409498119715265708387420426391515411486991036287663993351078260599766095039762652
0.90096886790241912623610231950744505116591916213185715005356242319943242042793996550136145471851241531831096436867510363979163288
0.8841153935046097894486040972072045445368480897827798625145480490608720712394393389377823664474789571423422338379426795162006476
0.86602540378443864676372317075293618347140262690519031402790348972596650845440001854057309337862428783781307070770335151498497255
0.846724199228284168352775816262965271510045028791363880459699986215067425396788004608913754590343028303284139431775577124289217
0.82623877431599487194516257377267839779237040696454020610758603927416951010168550475040648788343983227502891721628175833235420042
0.80459777976666832734794695898706720865748727459661486616329006421477478976391049375589182722243375817201011505557416410376375865
0.78183148246802980870844452667405775023233451870868752898063495804509173163393644170086800689099098223226157916053801447223925705
0.75797172314545298178855729406110470338221942018410263218539066468048312945057464780132854877301773083024830430615028153698327046
0.73305187182982632852243148927067190697323353758234547535989964309067308338990212715215368778862689735754042565276208838477385709
0.70710678118654752440084436210484903928483593768847403658833986899536623923105351942519376716382078636750692311545614851246241803
0.68017273777091939018735870103374024402706657064652126903521335657661290122101617842272014506230810359406707006794947219959560211
0.65228741127812115437099188922775187569441322365220591361681482666106819610888256659168991393248170393924540696525761799396521795
0.62348980185873353052500488400423981063227473089640210536554943909685365245648728457594250732658537166705809220917454300913572926
0.59382018557350161165009017877579697154293264929595496014996318926475224416723427944736818686203471902739306944385000301460305906
0.5633200580636220277492615380297605110458689775749089288303724042051660432459483415889911291500108348969369078624414822473346827
0.53203207651533656355763036723037073016458395550868788519773530449413472352990171679503543276423317863141961713314864834384921207
0.5
0.46726862827306198914214970694635662553808390821617034821952530268068439203314794352212758820765725293072141475795175771132938053
0.4338837391175581204757683328483587546099907277874598764445473035322032516531984215207840217744561020887441029300455358187257105
0.3998920243197409718830580631715817256097028464861182547777933128947581368016566652217313896252359247949612314607037638808415198
0.3653410243663950145447379989297688024329762826777856010339474880633598806422388146734006826415888214198306257037415621567725889
0.3302790619551670817748776125965723703131814690300747593765437222435250687954688517389075196497193759942164267574669946716847655
0.2947551744109042168307729819601909732057192299734761686128662185110330304133876152773923130584288215699477428708067806947626163
0.2588190451025207623488988376240483283490689013199305138140032073150569747488019969223679746942496655208951887489254730249835074
0.2225209339563144042889025644967947594663555687645449553119870158974212320285473190745810526080729563487471278404994393693440964
0.1859116071629145811067063130899319181384130480062137496583347096408363055870100163812008702618015919320313031073422135721650881
0.1490422661761744469293547152772175569096694389982224957595504011185284844321936038013265059043708919183312979919149129155019161
0.1119644761033078584687059352720242032581964229674801150338625928690994145000046603589780831404428817615006675504234968466338679
0.0747300935864242542909397457347666533735487551673169439459763839252629103262544607509549668350725830432820471523933453074374325
0.0373911942763256210958282809442392730268030609914159820548480628458046458426513343288686118571359288390580944061671023919114306
0.e-127
-0.0373911942763256210958282809442392730268030609914159820548480628458046458426513343288686118571359288390580944061671023919114306
-0.0747300935864242542909397457347666533735487551673169439459763839252629103262544607509549668350725830432820471523933453074374325
-0.1119644761033078584687059352720242032581964229674801150338625928690994145000046603589780831404428817615006675504234968466338679
-0.1490422661761744469293547152772175569096694389982224957595504011185284844321936038013265059043708919183312979919149129155019161
-0.1859116071629145811067063130899319181384130480062137496583347096408363055870100163812008702618015919320313031073422135721650881
-0.2225209339563144042889025644967947594663555687645449553119870158974212320285473190745810526080729563487471278404994393693440964
-0.2588190451025207623488988376240483283490689013199305138140032073150569747488019969223679746942496655208951887489254730249835074
-0.2947551744109042168307729819601909732057192299734761686128662185110330304133876152773923130584288215699477428708067806947626163
-0.3302790619551670817748776125965723703131814690300747593765437222435250687954688517389075196497193759942164267574669946716847655
-0.3653410243663950145447379989297688024329762826777856010339474880633598806422388146734006826415888214198306257037415621567725889
-0.3998920243197409718830580631715817256097028464861182547777933128947581368016566652217313896252359247949612314607037638808415198
-0.4338837391175581204757683328483587546099907277874598764445473035322032516531984215207840217744561020887441029300455358187257105
-0.4672686282730619891421497069463566255380839082161703482195253026806843920331479435221275882076572529307214147579517577113293805
-0.5
-0.5320320765153365635576303672303707301645839555086878851977353044941347235299017167950354327642331786314196171331486483438492121
-0.5633200580636220277492615380297605110458689775749089288303724042051660432459483415889911291500108348969369078624414822473346827
-0.5938201855735016116500901787757969715429326492959549601499631892647522441672342794473681868620347190273930694438500030146030591
-0.6234898018587335305250048840042398106322747308964021053655494390968536524564872845759425073265853716670580922091745430091357293
-0.6522874112781211543709918892277518756944132236522059136168148266610681961088825665916899139324817039392454069652576179939652179
-0.6801727377709193901873587010337402440270665706465212690352133565766129012210161784227201450623081035940670700679494721995956021
-0.707106781186547524400844362104849039284835937688474036588339868995366239231053519425193767163820786367506923115456148512462418
-0.7330518718298263285224314892706719069732335375823454753598996430906730833899021271521536877886268973575404256527620883847738571
-0.7579717231454529817885572940611047033822194201841026321853906646804831294505746478013285487730177308302483043061502815369832705
-0.781831482468029808708444526674057750232334518708687528980634958045091731633936441700868006890990982232261579160538014472239257
-0.8045977797666683273479469589870672086574872745966148661632900642147747897639104937558918272224337581720101150555741641037637587
-0.8262387743159948719451625737726783977923704069645402061075860392741695101016855047504064878834398322750289172162817583323542004
-0.846724199228284168352775816262965271510045028791363880459699986215067425396788004608913754590343028303284139431775577124289217
-0.8660254037844386467637231707529361834714026269051903140279034897259665084544000185405730933786242878378130707077033515149849725
-0.8841153935046097894486040972072045445368480897827798625145480490608720712394393389377823664474789571423422338379426795162006476
-0.9009688679024191262361023195074450511659191621318571500535624231994324204279399655013614547185124153183109643686751036397916329
-0.9165622558699761858166528942590914119156836975640949811971526570838742042639151541148699103628766399335107826059976609503976265
-0.9308737486442042556377992419512753071420039577069100247401853591636202160661300455021945127953618741505928771524529273877411731
-0.94388333030836756289526360715103662152063246819031638184372537432131943503758466418252941903481932276227960741349249510914835859
-0.95557280578614073281133405376746666643958910634689043067188665898809431541844944622673474039669985370628755349326152775411795347
-0.96592582628906828674974319972889736763390483900840455040234307631042321397985551634756174185807045188840211186438162153744592538
-0.97492791218182360701813168299393121723278580061999743764807957508764593163440379370011245812073692516401481293875625289435821838
-0.98256647323328823614586950182432424600759469268228067299335854890459326490435141833059743358220107993346183372272461266564998344
-0.98883082622512854506974288293400861306525101357418770639949692716021353309872609924934318996817419308688871791291610516590831812
-0.99371220989324258353314824194737869715263549578207321492775650215951038096889094466909957648727064382235430090455376689544457885
-0.99720379718118014822502987087811926565585970536236880527491970773736929489914676310977515092446693698568101079248701806606039319
-0.9993007047883985526997800741767273557026678637248582334172606071748191155630496603171630209718904315621410318911004060551785926