0.99987154579993120926791388935108550279961741824261854088001677931746192351851712079430495934961394714784840114864301238199621166
0.99948621620068786769748939701136972425500108463056749766328378746236803603541413879698334700578905651539262090571529997956309066
0.99884411019668084255103048701868965767861330009434605745625040041417631110073246528023688990245760646155565909890813209509096383
0.99794539275033634200884048095799255502867258933623225817600418015448099982126956980084169828915659505606661084040474498473673455
0.99679029474971568216926461719234939460502846668784947405516006591344126611687481344002309351668738180467337986761466676750127834
0.99537911294919820460510341320936498718608967275139435487814474018581521716839450221795120507288408370612633090067977218910146326
0.99371220989324258353314824194737869715263549578207321492775650215951038096889094466909957648727064382235430090455376689544457885
0.99179001382324610895744277721878492801900041944013412387387665767136817923145925717844189463726137672419820963754791234337759693
0.98961301856752587441882564039794718016674875099221218101584245457776738133505486802596352728102223734666683366590124689925081633
0.9871817834144501341077945503208892301208989842535320485199395134560028380904692684936772235835404357435106840107397386730067779
0.98449693296875242296076373662224129636669144010155611717216041400794679367620955232195067814050512298081271087566766291848138805
0.98155915699106535384924304768513068905942203748793837483965126350135465270811720953291220626722454969444649744815330422648903543
0.97836921022071531697737903387721297929142609129948612457016827308359637915467586090315307505672093804483126891953200671812245657
0.97492791218182360701813168299393121723278580061999743764807957508764593163440379370011245812073692516401481293875625289435821838
0.97123614697276379223730273305261319632215080979205320209107767163861292644571957754354811205734909273420588800777152774509579886
0.9672948630390294157758746656854387201623703301937929374610559594660321428855360828848611861749241489163220075765282164292085717
0.96310507292957038128614350566644505247235504057063056980508336600548869362067012522663132086002330623534193651740902546135637114
0.95866785303666062215098338830968622271027245789791369638171429586616715118009971902789421679429740459309457084829701170260662475
0.95398434331936388446716783361630658026935138674522951126871168218584701833311958236156129371375977735227299004913765529349227482
0.94905574701066866775602478085777238466807392720198188856844139213956404734374519614452797685428249874894449288268501087328702263
0.94388333030836756289526360715103662152063246819031638184372537432131943503758466418252941903481932276227960741349249510914835859
0.93846842204976040296671553431051135408324121399384647716485066914144509428918015964962964656669954125206646534501966778878797066
0.93281241337026479851307292716210489920189627835873220181351927636993246477431345899007800686163579266310176586401434601073872872
0.9269167573460217630248384996993891944013259407561402786052710958406112352497312801955714919808836874015471896208700050998612883
0.92078296862058824627445874858179492574505884590555567545985130838925898017667576890085219866265231016746024876118405748322817072
0.91441262301581248132166215527689820137087024229220718901256966939965576031264941728641531915856382517900619635026846645402271273
0.90780735712699211458205710695733203236705707985276650439648071637600318453161450717085945680405092134420288918542851245720921082
0.90096886790241912623610231950744505116591916213185715005356242319943242042793996550136145471851241531831096436867510363979163288
0.89389891220741955942027721352815428526371383795798711273670055000197780492363817913175902286236582549084017717175092945913197493
0.88659930637300006005614928651694397803618867541563435414232733174493178793313103009480723896901714585842579322463230014846907232
0.87907192572921718381268755712084100392050560115989172865659386587608527760750167282865614346597924730916664341822600194787253274
0.87131870412338935154662548438908118012147736797040548804600484888491322370175834017046207521117463943160069395631233957932786508
0.86334163342327522861660659219705312941143245852982955026304857742546899758627553205611665745331784535484898159240729883616414677
0.85514276300534616571883696203778831347761327447269431589784179304965777572198151109436078366900176195729297876170759703542055957
0.846724199228284168352775816262965271510045028791363880459699986215067425396788004608913754590343028303284139431775577124289217
0.83808810489184065771119794927104310867134142232060671102092198981556255205726133064477343633069350056235098649656731788116228492
0.82923669868119504672461620913142829628911194904228718272180090065452063919967684350030113427436013296204516833271947161407525766
0.82017225459695588020934262469665923599010509325096425192650387951861051227445474787495931040564771311829686939010976746814218434
0.8108971013709509766143529853330549263359861820255840324218494607019945368357751318757131101304460304135172877531053890507560533
0.80141362186795665978698328953331477081454612240496602469254315335237263777721259148724250941738436211707019155258674878187778879
0.79172425247351978154337421912983589709560843364043902889562414709923482974673513279675722027898302759879215339446017569930895405
0.78183148246802980870844452667405775023233451870868752898063495804509173163393644170086800689099098223226157916053801447223925705
0.77173785338720178076411335176157105534779985714460602951628940043462916154034325912769802178659379682769993628005431264866501503
0.76144595836913443540598277943590961821515175474217829172124211483598572783756162659342186368665459817281265622205602839681423037
0.7509584414881112482608267069447428053215835479857962424857596133280342695662220567320661142219843544195959411639538294530782198
0.74027799707531553887394551896007823620084015857069780458246211645511397909280128676335671661718694417610900060487309604800925082
0.72940736902663415696174498656293967801723061041962824537907852417871904359231324438693551081542611458504335391287916131389437064
0.71834935009772757997708537133404821164754276843684193996107336856614373848964789141759858609875310947184750279060096549666597374
0.70710678118654752440084436210484903928483593768847403658833986899536623923105351942519376716382078636750692311545614851246241803
0.69568255060348639801230381927886021565707919321576389587385686684493022025839508878010599248263635468917697918445240894448732302
0.68407959332934609787491707920446203394867730163040832043640155918778961818271574620445880608651758864675912006851940661817568364
0.67230089026131678808641846163742293155995171065545381012426366925040693332520611627718186455940281779311514717021405280899223693
0.66034946744715937167915298340354899793545885509665819677684130091054143761290285786482588497627352255205431121682319881820508696
0.64822839530778840162656768189205225890082992799702577088951020044159055732641529096440175730866108318416674725536719689092391505
0.63594078784845515593643748648548140684182378010768548878938157411651233300714727628018171357594420492323272706477161668898248823
0.62348980185873353052500488400423981063227473089640210536554943909685365245648728457594250732658537166705809220917454300913572926
0.6108786361015142802163825786550817270651319107321287587233687579491906561253756759105134155113344417123116901932362577501888928
0.59811053049121596205926635490503900736578598747537440176366083174331163905132977813968058326282636522265044270300479333957091509
0.58518876526142370547276121882757713408233750379824950991642856853111037001565577962282545277559053582734417797358642748883070854
0.57211666012216964981321920343705270163647115408351468574417996433140407012031626351125581878279460577968485402810833450273867439
0.55889757340707155109663818440913048171237930447138195437676165934275808968005031454450861526916177028849725635005343036839338391
0.545534901210548665132707763382474539313492824016925639536607223602201800324813378898308749283941292591037630983722459024090311
0.53203207651533656355763036723037073016458395550868788519773530449413472352990171679503543276423317863141961713314864834384921207
0.51839256831052503153847431467525924008986116487442732107469914043673194774016895384953037712592581250601516686926694357896615206
0.50461988070034563062174160286417637891943203355757040564337599322433001346627656078151549674628580579003415439422331879087137716
0.49071755200393788668756170322475677848975582666606757366121355231695835996217717092898740950504179146144744583891476726654268433
0.47668915384632538063791381088637130487108744326696083248593477283014976745290718921643946635978877607505057598362385294785790722
0.46253829024083527769710564642986817024748958293135435273144691201310180168931245002348556727840757028679621255474188617952729918
0.44826859666319702945523371290238047739002652957881003144261804596739058792623386549410785961811182475105554223898124881910458606
0.4338837391175581204757683328483587546099907277874598764445473035322032516531984215207840217744561020887441029300455358187257105
0.4193874131946568078675562041781964252706312364570372731343706074630556428536096956739975122428736888172901593444209017557584787
0.4047833431223938171559229929865110885458860416231227729491963463368437930556517863690521811491687588959937025898949483960457527
0.3900752808090469105595350554829334180162470766082160081445155900802462989351279617717905500179817000016152053062306551553973871
0.3752670048793741338875592256739963144508483583221385740637642875036836849512326859646882968535044066189535106035970783610249559
0.3603623197038533752298581288371293577733199593510736373307058398439787000248950683427115459852244525601152727554985463555063488
0.3453650544213076319521147752559623304845541222662702245950673554557242174965847032099063289596168712288286791241996696444824287
0.3302790619551670817748776125965723703131814690300747593765437222435250687954688517389075196497193759942164267574669946716847655
0.3151082180236206884739997772913635477845798090414599143464112254522679349805722351832913825927967896420924298737860659290960493
0.2998564201439116425698307989946048942178213742354459321831039139151785536069937249189689914869947311815273335532589181118474815
0.2845275866310324418705029934626948723724297364078231371398832594579087299269566332703757441243568672778541550360389143469874172
0.2691256555910768555142200580181173523836633474422419826415617733876983627391231438486468109648863612897132753939818866379136576
0.2536545839095073878469674038123833536072129406999949134163496667531435149465710033381152884498246325905405726580845210567597803
0.2381183462345981647228665401745037910170683980415298239004103205479165061693148510820030938618731518140828822091784858494078128
0.2225209339563144042889025644967947594663555687645449553119870158974212320285473190745810526080729563487471278404994393693440964
0.2068663541808908066955330938316585280587337932301493473591755244572674170264725356003785149086026951342668698402929590554185942
0.1911586287013723021585445882022354575073451416951312137452081517495391692208077571817278409998709012942372486311020025508063554
0.1754017929643816341015783255290625076471818644815643773915133222027854982059905171897330745608037460746139807159258123331123982
0.1595998950333792234665111684813029413298624089408318502532886095528588143883456959528700703149388245178645734255058732702910753
0.1437569945486816614413095624521789874349349616656320646086515167334089580120581582238268590704183715404516752765069407953199889
0.1278771616845060105905627222310365268112273924760831828795051429895764327598690639690841340109636381348890670883413094043745178
0.1119644761033078584687059352720242032581964229674801150338625928690994145000046603589780831404428817615006675504234968466338679
0.0960230259076817630536649578433145559324348809625445607252184292633930485636848724463631157173474281619367207939638230200779865
0.0800569065900933555806700582401990027716280998308205007170785492964700808359531789898405608693897948473109108356480537409426828
0.064070219980712923421416533825382471660269060019280904391632719339613828739660573318479525652319647050722179612523744455784948
0.0480670731936207833994727079709220097347741321498825817724063833784013013037655793963212777138272168249847984465002756519077036
0.0320515775716551742335505253456438979992608809395892841895448311951936085165908254086637604908094482246694645059413051956984518
0.0160278476301737455484929421805189933408619981333726814080032932847127295751885795106561118822207504732985466919149629857288261
0.e-127
-0.0160278476301737455484929421805189933408619981333726814080032932847127295751885795106561118822207504732985466919149629857288261
-0.0320515775716551742335505253456438979992608809395892841895448311951936085165908254086637604908094482246694645059413051956984518
-0.0480670731936207833994727079709220097347741321498825817724063833784013013037655793963212777138272168249847984465002756519077036
-0.064070219980712923421416533825382471660269060019280904391632719339613828739660573318479525652319647050722179612523744455784948
-0.0800569065900933555806700582401990027716280998308205007170785492964700808359531789898405608693897948473109108356480537409426828
-0.0960230259076817630536649578433145559324348809625445607252184292633930485636848724463631157173474281619367207939638230200779865
-0.1119644761033078584687059352720242032581964229674801150338625928690994145000046603589780831404428817615006675504234968466338679
-0.1278771616845060105905627222310365268112273924760831828795051429895764327598690639690841340109636381348890670883413094043745178
-0.1437569945486816614413095624521789874349349616656320646086515167334089580120581582238268590704183715404516752765069407953199889
-0.1595998950333792234665111684813029413298624089408318502532886095528588143883456959528700703149388245178645734255058732702910753
-0.1754017929643816341015783255290625076471818644815643773915133222027854982059905171897330745608037460746139807159258123331123982
-0.1911586287013723021585445882022354575073451416951312137452081517495391692208077571817278409998709012942372486311020025508063554
-0.2068663541808908066955330938316585280587337932301493473591755244572674170264725356003785149086026951342668698402929590554185942
-0.2225209339563144042889025644967947594663555687645449553119870158974212320285473190745810526080729563487471278404994393693440964
-0.2381183462345981647228665401745037910170683980415298239004103205479165061693148510820030938618731518140828822091784858494078128
-0.2536545839095073878469674038123833536072129406999949134163496667531435149465710033381152884498246325905405726580845210567597803
-0.2691256555910768555142200580181173523836633474422419826415617733876983627391231438486468109648863612897132753939818866379136576
-0.2845275866310324418705029934626948723724297364078231371398832594579087299269566332703757441243568672778541550360389143469874172
-0.2998564201439116425698307989946048942178213742354459321831039139151785536069937249189689914869947311815273335532589181118474815
-0.3151082180236206884739997772913635477845798090414599143464112254522679349805722351832913825927967896420924298737860659290960493
-0.3302790619551670817748776125965723703131814690300747593765437222435250687954688517389075196497193759942164267574669946716847655
-0.3453650544213076319521147752559623304845541222662702245950673554557242174965847032099063289596168712288286791241996696444824287
-0.3603623197038533752298581288371293577733199593510736373307058398439787000248950683427115459852244525601152727554985463555063488
-0.3752670048793741338875592256739963144508483583221385740637642875036836849512326859646882968535044066189535106035970783610249559
-0.3900752808090469105595350554829334180162470766082160081445155900802462989351279617717905500179817000016152053062306551553973871
-0.4047833431223938171559229929865110885458860416231227729491963463368437930556517863690521811491687588959937025898949483960457527
-0.4193874131946568078675562041781964252706312364570372731343706074630556428536096956739975122428736888172901593444209017557584787
-0.4338837391175581204757683328483587546099907277874598764445473035322032516531984215207840217744561020887441029300455358187257105
-0.4482685966631970294552337129023804773900265295788100314426180459673905879262338654941078596181118247510555422389812488191045861
-0.4625382902408352776971056464298681702474895829313543527314469120131018016893124500234855672784075702867962125547418861795272992
-0.4766891538463253806379138108863713048710874432669608324859347728301497674529071892164394663597887760750505759836238529478579072
-0.4907175520039378866875617032247567784897558266660675736612135523169583599621771709289874095050417914614474458389147672665426843
-0.5046198807003456306217416028641763789194320335575704056433759932243300134662765607815154967462858057900341543942233187908713772
-0.5183925683105250315384743146752592400898611648744273210746991404367319477401689538495303771259258125060151668692669435789661521
-0.5320320765153365635576303672303707301645839555086878851977353044941347235299017167950354327642331786314196171331486483438492121
-0.545534901210548665132707763382474539313492824016925639536607223602201800324813378898308749283941292591037630983722459024090311
-0.5588975734070715510966381844091304817123793044713819543767616593427580896800503145445086152691617702884972563500534303683933839
-0.5721166601221696498132192034370527016364711540835146857441799643314040701203162635112558187827946057796848540281083345027386744
-0.5851887652614237054727612188275771340823375037982495099164285685311103700156557796228254527755905358273441779735864274888307085
-0.5981105304912159620592663549050390073657859874753744017636608317433116390513297781396805832628263652226504427030047933395709151
-0.6108786361015142802163825786550817270651319107321287587233687579491906561253756759105134155113344417123116901932362577501888928
-0.6234898018587335305250048840042398106322747308964021053655494390968536524564872845759425073265853716670580922091745430091357293
-0.6359407878484551559364374864854814068418237801076854887893815741165123330071472762801817135759442049232327270647716166889824882
-0.648228395307788401626567681892052258900829927997025770889510200441590557326415290964401757308661083184166747255367196890923915
-0.660349467447159371679152983403548997935458855096658196776841300910541437612902857864825884976273522552054311216823198818205087
-0.6723008902613167880864184616374229315599517106554538101242636692504069333252061162771818645594028177931151471702140528089922369
-0.6840795933293460978749170792044620339486773016304083204364015591877896181827157462044588060865175886467591200685194066181756836
-0.695682550603486398012303819278860215657079193215763895873856866844930220258395088780105992482636354689176979184452408944487323
-0.707106781186547524400844362104849039284835937688474036588339868995366239231053519425193767163820786367506923115456148512462418
-0.7183493500977275799770853713340482116475427684368419399610733685661437384896478914175985860987531094718475027906009654966659737
-0.7294073690266341569617449865629396780172306104196282453790785241787190435923132443869355108154261145850433539128791613138943706
-0.7402779970753155388739455189600782362008401585706978045824621164551139790928012867633567166171869441761090006048730960480092508
-0.7509584414881112482608267069447428053215835479857962424857596133280342695662220567320661142219843544195959411639538294530782198
-0.7614459583691344354059827794359096182151517547421782917212421148359857278375616265934218636866545981728126562220560283968142304
-0.771737853387201780764113351761571055347799857144606029516289400434629161540343259127698021786593796827699936280054312648665015
-0.781831482468029808708444526674057750232334518708687528980634958045091731633936441700868006890990982232261579160538014472239257
-0.791724252473519781543374219129835897095608433640439028895624147099234829746735132796757220278983027598792153394460175699308954
-0.8014136218679566597869832895333147708145461224049660246925431533523726377772125914872425094173843621170701915525867487818777888
-0.8108971013709509766143529853330549263359861820255840324218494607019945368357751318757131101304460304135172877531053890507560533
-0.8201722545969558802093426246966592359901050932509642519265038795186105122744547478749593104056477131182968693901097674681421843
-0.8292366986811950467246162091314282962891119490422871827218009006545206391996768435003011342743601329620451683327194716140752577
-0.8380881048918406577111979492710431086713414223206067110209219898155625520572613306447734363306935005623509864965673178811622849
-0.846724199228284168352775816262965271510045028791363880459699986215067425396788004608913754590343028303284139431775577124289217
-0.8551427630053461657188369620377883134776132744726943158978417930496577757219815110943607836690017619572929787617075970354205596
-0.8633416334232752286166065921970531294114324585298295502630485774254689975862755320561166574533178453548489815924072988361641468
-0.8713187041233893515466254843890811801214773679704054880460048488849132237017583401704620752111746394316006939563123395793278651
-0.8790719257292171838126875571208410039205056011598917286565938658760852776075016728286561434659792473091666434182260019478725327
-0.8865993063730000600561492865169439780361886754156343541423273317449317879331310300948072389690171458584257932246323001484690723
-0.8938989122074195594202772135281542852637138379579871127367005500019778049236381791317590228623658254908401771717509294591319749
-0.9009688679024191262361023195074450511659191621318571500535624231994324204279399655013614547185124153183109643686751036397916329
-0.9078073571269921145820571069573320323670570798527665043964807163760031845316145071708594568040509213442028891854285124572092108
-0.9144126230158124813216621552768982013708702422922071890125696693996557603126494172864153191585638251790061963502684664540227127
-0.9207829686205882462744587485817949257450588459055556754598513083892589801766757689008521986626523101674602487611840574832281707
-0.9269167573460217630248384996993891944013259407561402786052710958406112352497312801955714919808836874015471896208700050998612883
-0.93281241337026479851307292716210489920189627835873220181351927636993246477431345899007800686163579266310176586401434601073872872
-0.93846842204976040296671553431051135408324121399384647716485066914144509428918015964962964656669954125206646534501966778878797066
-0.94388333030836756289526360715103662152063246819031638184372537432131943503758466418252941903481932276227960741349249510914835859
-0.94905574701066866775602478085777238466807392720198188856844139213956404734374519614452797685428249874894449288268501087328702263
-0.95398434331936388446716783361630658026935138674522951126871168218584701833311958236156129371375977735227299004913765529349227482
-0.95866785303666062215098338830968622271027245789791369638171429586616715118009971902789421679429740459309457084829701170260662475
-0.96310507292957038128614350566644505247235504057063056980508336600548869362067012522663132086002330623534193651740902546135637114
-0.9672948630390294157758746656854387201623703301937929374610559594660321428855360828848611861749241489163220075765282164292085717
-0.97123614697276379223730273305261319632215080979205320209107767163861292644571957754354811205734909273420588800777152774509579886
-0.97492791218182360701813168299393121723278580061999743764807957508764593163440379370011245812073692516401481293875625289435821838
-0.97836921022071531697737903387721297929142609129948612457016827308359637915467586090315307505672093804483126891953200671812245657
-0.98155915699106535384924304768513068905942203748793837483965126350135465270811720953291220626722454969444649744815330422648903543
-0.98449693296875242296076373662224129636669144010155611717216041400794679367620955232195067814050512298081271087566766291848138805
-0.9871817834144501341077945503208892301208989842535320485199395134560028380904692684936772235835404357435106840107397386730067779
-0.98961301856752587441882564039794718016674875099221218101584245457776738133505486802596352728102223734666683366590124689925081633
-0.99179001382324610895744277721878492801900041944013412387387665767136817923145925717844189463726137672419820963754791234337759693
-0.99371220989324258353314824194737869715263549578207321492775650215951038096889094466909957648727064382235430090455376689544457885
-0.99537911294919820460510341320936498718608967275139435487814474018581521716839450221795120507288408370612633090067977218910146326
-0.99679029474971568216926461719234939460502846668784947405516006591344126611687481344002309351668738180467337986761466676750127834
-0.99794539275033634200884048095799255502867258933623225817600418015448099982126956980084169828915659505606661084040474498473673455
-0.99884411019668084255103048701868965767861330009434605745625040041417631110073246528023688990245760646155565909890813209509096383
-0.99948621620068786769748939701136972425500108463056749766328378746236803603541413879698334700578905651539262090571529997956309066
-0.99987154579993120926791388935108550279961741824261854088001677931746192351851712079430495934961394714784840114864301238199621166