0.97814760073380563792856674786959953245973780886267710788517766364059683312009512199975852545478563672221737010812557636952599961
0.91354545764260089550212757198531717794081045937747454506099978806511488210263127168178400089329999498758288627658095385708406697
0.80901699437494742410229341718281905886015458990288143106772431135263023140945122485360360209469556874237704403769344587606331693
0.66913060635885821382627333068678047359958321895979567681745335228796660171064389714615492336009006797984032607043213049346268268
0.5
0.3090169943749474241022934171828190588601545899028814310677243113526302314094512248536036020946955687423770440376934458760633169
0.10452846326765347139983415480249811908065586947459311399327547671248465069318004682818039879860442624520584223888750798102075
-0.10452846326765347139983415480249811908065586947459311399327547671248465069318004682818039879860442624520584223888750798102075
-0.3090169943749474241022934171828190588601545899028814310677243113526302314094512248536036020946955687423770440376934458760633169
-0.5
-0.6691306063588582138262733306867804735995832189597956768174533522879666017106438971461549233600900679798403260704321304934626827
-0.8090169943749474241022934171828190588601545899028814310677243113526302314094512248536036020946955687423770440376934458760633169
-0.913545457642600895502127571985317177940810459377474545060999788065114882102631271681784000893299994987582886276580953857084067
-0.97814760073380563792856674786959953245973780886267710788517766364059683312009512199975852545478563672221737010812557636952599961