0.98078528040323044912618223613423903697393373089333609500291608854530651354960506391506498585330076325989486627987757846813109608
0.92387953251128675612818318939678828682241662586364248611509773128053500750110235871483993485034459609796302578224788303086917758
0.83146961230254523707878837761790575673856081198724996344612459022763792014464234398177491900798065033600294023844344972886919705
0.70710678118654752440084436210484903928483593768847403658833986899536623923105351942519376716382078636750692311545614851246241803
0.55557023301960222474283081394853287437493719075480404592415352820294924757748006838312488035126393435553794582492820814630064897
0.3826834323650897717284599840303988667613445624856270414338006356275460339600896922370137853422835471484242886614935559007560102
0.1950903220161282678482848684770222409276916177519548077545020894947633187859245802253253092340903817309920701055366117589657998
0.e-127
-0.1950903220161282678482848684770222409276916177519548077545020894947633187859245802253253092340903817309920701055366117589657998
-0.3826834323650897717284599840303988667613445624856270414338006356275460339600896922370137853422835471484242886614935559007560102
-0.555570233019602224742830813948532874374937190754804045924153528202949247577480068383124880351263934355537945824928208146300649
-0.707106781186547524400844362104849039284835937688474036588339868995366239231053519425193767163820786367506923115456148512462418
-0.831469612302545237078788377617905756738560811987249963446124590227637920144642343981774919007980650336002940238443449728869197
-0.9238795325112867561281831893967882868224166258636424861150977312805350075011023587148399348503445960979630257822478830308691776
-0.98078528040323044912618223613423903697393373089333609500291608854530651354960506391506498585330076325989486627987757846813109608