0.99959950711832163339137246737521275484807599157030247210871266906661295129580641036267128207025032284324876763289884284344247579
0.99839834926238308364980264362334971117563688823177804510637149572864784804091727016353690476157367321142272469861872324487380165
0.99639748854252650165154277365753845857310744601764724431300034305399412581890125549499241991836871903177206921003581549346039186
0.99359852761970295222365717944870958069579697627789962128370836462218125525677743407425941751354462241523466547864989385980256693
0.99000370842176380885333369420419424209564744152814332095582851623966443210650771018655319341176042699027267816290587906261846674
0.98561591034770846226477029397621845736859851488543979463057132851278792497632418667057705239271403668799084566260909914711083458
0.98043864796132671488358207200982313566456328073959234804470804743298522077496705862432509466663715873229286792921790052881157521
0.97447606817608322079597209020228271118200734971247498465121520252207291355231497504768226171607630727349819352160332913033941575
0.96773294693349883868846282875139693733825736996303001333223104313323336873459772677841174052554272809881804489307250440864734119
0.96021468537768946701578376261090443821319339089439153675171271343547969249882047104553977176824323578214393519097518067430489077
0.95192730552912650132821965215830752594384356359583227533885112904794768131914093880145442380582537323962188937348427880558698006
0.94287744546108417004097128641441466781983147738894327042926850798311234404445570600911589000449064661951786147734712883219598925
0.93307235398263734565837886166818088821633425050896228498424593594086028296295962361960237023916008401621693857622717850672326749
0.92251988483246867450995398227679005626054063412953617812415449099488108887988475857909290273962839850534857178175694181830033596
0.91122849038813570282660508992283847568703097156829556571298784587401700529510917329373483242984595596774211552676364036844463338
0.89920721489583678663014945208401324002702531928266742481273247843976463609870425102374085941297044126454179744380454008799626241
0.88646568722609864655688263709801835433346878337545383817584805305877630843757947202070462712246893008670818951042019760678750402
0.87301411316118815874909980158174893067336707323497866562631193906394247934451538434281786302393225284565748749988250924092094626
0.85886326722042605516869768498127801739310243445201728415213377567584273225579345153115708861183626336399027518220794707081359769
0.84402448402995034067881344956351115236750017567797669739056002081259376261801360823509449243864436547380211060749825635467541886
0.82850964924384212353081843419186431756956575873409001533722083368908188615524783424534888282424488305355035009267427139563110973
0.81233119002388590821375392452406533277106805660587834991585667789931691551884496154590011700485511837748984716426498931349936825
0.79550206508558992713538001661733855076168885097876038759343576331214047281725981642625425445110828078805342833816668413876899114
0.7780357543184395071379034311358886990221936401352832333110339577322377812639231001404518985262903433961341445579667768800310338
0.75994624798869750012905515967677584116772202870145479898392669706511109291171248956760525163174663242828384011256612725170675668
0.74124803553340018096770390065385286379247949551709677296107934774097003800655976432380173877486498824598035584330772059500973816
0.72195609395452446235391606047102166532252320961072605004472723178143947112137215693832157846823192265207755881520415424131623086
0.702085875822622533556234206382009088603331482824168678560822234152952583157291969378441860385778409683642700723696072880668902
0.68165329689953284084257927456687929116150051474604754377506930905543985535245114218341045978040134598584520130818459029323552382
0.66067472339008144190840299928421467963922787896791415966984850811511906614205365291694963910445335835375612615170875349024389913
0.63916695883298494002421353758718388127696579085745609858593168515582292369677787411218203276446317510338554408530831985018959355
0.61714723064145519802268364540803199022784924387110327155409534960915174433865539530278427252921507109045017979300840356331484984
0.59463317630428661613282845777909555295305576813573635568199200318863898666832292396370402171383533497055932718439015736730354032
0.57164282925847870630150980184357438078663314838617197656089466378339264049740424999666093623162704493566768191757476421098371705
0.54819460444470979119380281311703433700534296800366075507607380018795828975606192860192292489577032059933569611539634904385967085
0.5243072835572316877977574563473161566248436043290339496274943958195956036696238040662938223208570319821280538098616714399569679
0.5
0.47529222356108994559361501102789659822323238724126852248121827324701734762618260629637745974939329086112071382303717140348550789
0.4502037448176732924559998305063153741702939202281172900302976955406895582848553415616139798658033526120870285832223742010141308
0.4247546592840477953500329718139640777864742976314752677521056792706014853214970054983314836867416740961043872924610512824766748
0.3989653513154163360908287216696140277427412081421632656017163614335422685884545101105553957997092874446753382942597364924990266
0.3728564777803086108306500487961622518677981976570400494017331666305126877678523148837689208825453558998224983698974754993036169
0.346448951514723522240556756389034576091632724027983696044639643356965001279546312558395019628250861584605301577300779296921241
0.3197639245712452729751790727256084560253354017716781883748595393178661546329134057073754555621838003785367417775091470385676761
0.2928227712765503799533928156354034200205068349664274408761458934666330581998638328642718019356749612876529922134187388371038919
0.2656470711108763051322286223693878487349258871388613347714088089802807855773057573999698801397643184151753441693764315279784392
0.2382585914231650046618677021398827728906701812836654867069854816540402213774483141072181933000113131300663763757710264329886599
0.2106792699957263203605157515044546621513640680787355023777717813069776433125811744776526850309603849936415335301765582105772419
0.1829311974723866699119161267376388266521094486874884714453418109180012511327432164415106383727440141912340213647810015804892326
0.1550365996641978385204754305322921891941406103736790516732119782086225016990365234791504717128697406200827940182604016266922337
0.1270178197468787473745739656594515054988517831507757905307187276827406160626249421528386482885201177172951434435902576795313448
0.0988973003642497946128511653987731429159629149624172157971311679747000897762642117478347154249908375902522683624986510549452651
0.0706975656519946630993310178921489224574595605485774094755116447506827499434564167783919765887255582109914473511302686923651527
0.0424412031961483058780691875345072019659686076974771407852880322461825458195658637856101346838245646129060789029219412521120852
0.0141508459407621035804021166004709132802646387829613814741781633880997470887219328116607744120959894816672123176745621701073486
-0.0141508459407621035804021166004709132802646387829613814741781633880997470887219328116607744120959894816672123176745621701073486
-0.0424412031961483058780691875345072019659686076974771407852880322461825458195658637856101346838245646129060789029219412521120852
-0.0706975656519946630993310178921489224574595605485774094755116447506827499434564167783919765887255582109914473511302686923651527
-0.0988973003642497946128511653987731429159629149624172157971311679747000897762642117478347154249908375902522683624986510549452651
-0.1270178197468787473745739656594515054988517831507757905307187276827406160626249421528386482885201177172951434435902576795313448
-0.1550365996641978385204754305322921891941406103736790516732119782086225016990365234791504717128697406200827940182604016266922337
-0.1829311974723866699119161267376388266521094486874884714453418109180012511327432164415106383727440141912340213647810015804892326
-0.2106792699957263203605157515044546621513640680787355023777717813069776433125811744776526850309603849936415335301765582105772419
-0.2382585914231650046618677021398827728906701812836654867069854816540402213774483141072181933000113131300663763757710264329886599
-0.2656470711108763051322286223693878487349258871388613347714088089802807855773057573999698801397643184151753441693764315279784392
-0.2928227712765503799533928156354034200205068349664274408761458934666330581998638328642718019356749612876529922134187388371038919
-0.3197639245712452729751790727256084560253354017716781883748595393178661546329134057073754555621838003785367417775091470385676761
-0.346448951514723522240556756389034576091632724027983696044639643356965001279546312558395019628250861584605301577300779296921241
-0.3728564777803086108306500487961622518677981976570400494017331666305126877678523148837689208825453558998224983698974754993036169
-0.3989653513154163360908287216696140277427412081421632656017163614335422685884545101105553957997092874446753382942597364924990266
-0.4247546592840477953500329718139640777864742976314752677521056792706014853214970054983314836867416740961043872924610512824766748
-0.4502037448176732924559998305063153741702939202281172900302976955406895582848553415616139798658033526120870285832223742010141308
-0.4752922235610899455936150110278965982232323872412685224812182732470173476261826062963774597493932908611207138230371714034855079
-0.5
-0.5243072835572316877977574563473161566248436043290339496274943958195956036696238040662938223208570319821280538098616714399569679
-0.5481946044447097911938028131170343370053429680036607550760738001879582897560619286019229248957703205993356961153963490438596709
-0.5716428292584787063015098018435743807866331483861719765608946637833926404974042499966609362316270449356676819175747642109837171
-0.5946331763042866161328284577790955529530557681357363556819920031886389866683229239637040217138353349705593271843901573673035403
-0.6171472306414551980226836454080319902278492438711032715540953496091517443386553953027842725292150710904501797930084035633148498
-0.6391669588329849400242135375871838812769657908574560985859316851558229236967778741121820327644631751033855440853083198501895936
-0.6606747233900814419084029992842146796392278789679141596698485081151190661420536529169496391044533583537561261517087534902438991
-0.6816532968995328408425792745668792911615005147460475437750693090554398553524511421834104597804013459858452013081845902932355238
-0.702085875822622533556234206382009088603331482824168678560822234152952583157291969378441860385778409683642700723696072880668902
-0.7219560939545244623539160604710216653225232096107260500447272317814394711213721569383215784682319226520775588152041542413162309
-0.7412480355334001809677039006538528637924794955170967729610793477409700380065597643238017387748649882459803558433077205950097382
-0.7599462479886975001290551596767758411677220287014547989839266970651110929117124895676052516317466324282838401125661272517067567
-0.7780357543184395071379034311358886990221936401352832333110339577322377812639231001404518985262903433961341445579667768800310338
-0.7955020650855899271353800166173385507616888509787603875934357633121404728172598164262542544511082807880534283381666841387689911
-0.8123311900238859082137539245240653327710680566058783499158566778993169155188449615459001170048551183774898471642649893134993682
-0.8285096492438421235308184341918643175695657587340900153372208336890818861552478342453488828242448830535503500926742713956311097
-0.8440244840299503406788134495635111523675001756779766973905600208125937626180136082350944924386443654738021106074982563546754189
-0.8588632672204260551686976849812780173931024344520172841521337756758427322557934515311570886118362633639902751822079470708135977
-0.8730141131611881587490998015817489306733670732349786656263119390639424793445153843428178630239322528456574874998825092409209463
-0.886465687226098646556882637098018354333468783375453838175848053058776308437579472020704627122468930086708189510420197606787504
-0.8992072148958367866301494520840132400270253192826674248127324784397646360987042510237408594129704412645417974438045400879962624
-0.9112284903881357028266050899228384756870309715682955657129878458740170052951091732937348324298459559677421155267636403684446334
-0.922519884832468674509953982276790056260540634129536178124154490994881088879884758579092902739628398505348571781756941818300336
-0.93307235398263734565837886166818088821633425050896228498424593594086028296295962361960237023916008401621693857622717850672326749
-0.94287744546108417004097128641441466781983147738894327042926850798311234404445570600911589000449064661951786147734712883219598925
-0.95192730552912650132821965215830752594384356359583227533885112904794768131914093880145442380582537323962188937348427880558698006
-0.96021468537768946701578376261090443821319339089439153675171271343547969249882047104553977176824323578214393519097518067430489077
-0.96773294693349883868846282875139693733825736996303001333223104313323336873459772677841174052554272809881804489307250440864734119
-0.97447606817608322079597209020228271118200734971247498465121520252207291355231497504768226171607630727349819352160332913033941575
-0.98043864796132671488358207200982313566456328073959234804470804743298522077496705862432509466663715873229286792921790052881157521
-0.98561591034770846226477029397621845736859851488543979463057132851278792497632418667057705239271403668799084566260909914711083458
-0.99000370842176380885333369420419424209564744152814332095582851623966443210650771018655319341176042699027267816290587906261846674
-0.99359852761970295222365717944870958069579697627789962128370836462218125525677743407425941751354462241523466547864989385980256693
-0.99639748854252650165154277365753845857310744601764724431300034305399412581890125549499241991836871903177206921003581549346039186
-0.99839834926238308364980264362334971117563688823177804510637149572864784804091727016353690476157367321142272469861872324487380165
-0.99959950711832163339137246737521275484807599157030247210871266906661295129580641036267128207025032284324876763289884284344247579