0.99802672842827156195233680686345055333690521970154311953512440681488813141422662367509455701853766530310506124950373678404481687
0.9921147013144778310497930427857785214530367089687957358710212264108831122527153416153676677534539856462231650482872816915249201
0.98228725072868868108564174286526841638847288663501387770945453614101988479554651205940723588568660958786784136116504966296259223
0.9685831611286311194901683754647358138360124027538877506150849142789580463827283934026071067075112036418229259933769828173862137
0.95105651629515357211643933337938214340569863412575022244730564443015317008519350171879281097081138167589971755140300420898706619
0.92977648588825140366094255622199072958715528248738001545928827680673886414198032679292888056688639004766469207354301619541916106
0.90482705246601952771366864793269759397041391104248708676737128360244744091248234119457139508611320860990466464374264360344986263
0.87630668004386358730811590392206258339906423848214708669736123114547041331304155655100481630642416697035526120943589436700056929
0.84432792550201507854855806396668150538165924141543890606643880698234057233445293478799884447900666532853028188214792696404851079
0.80901699437494742410229341718281905886015458990288143106772431135263023140945122485360360209469556874237704403769344587606331693
0.77051324277578923080300963639617784727166767211952072510650240048711766687306171975712384998343789933725845665379321943723836621
0.72896862742141152314673031905525911137257166408684890531015408929752368679517103414063537487053355141463863029286507069393362834
0.68454710592868867373228335762120926988951923270472530116615368343879095802562607485121896334970751159449549571934839722986814206
0.63742398974868971017671281167601619543491729778214606068004692893266578122287149156258792637764953148422420136510819140047560904
0.58778525229247312916870595463907276859765243764314599107227248075727847416235195750850404986274133596005313160275265936633893033
0.53582679497899661827130876786763997806357534560897205276120953182863307222134046827546398598680666389183213440309866488161161556
0.48175367410171527498719150287212965352854201015207884940942262964769883346607461781198826542458701708023304539388728162193477663
0.4257792915650726488625024457442517039799730418325583898770488739697242600801560839191314602158320524580455652655259587401500909
0.3681245526846779591569471474929608308988542873891972414015913163261391075709782607808529067741012417063079970872137836637638254
0.3090169943749474241022934171828190588601545899028814310677243113526302314094512248536036020946955687423770440376934458760633169
0.2486898871648547882422837460064479684175674064442192702362254843284310002223097700891752306698056576563756801992236259534782347
0.1873813145857246305425507344472914693386261517676418662594452200623867277753411651571410632076716802807251611884877246292591867
0.1253332335643042453731187598165087939429182469601196608146478012525196806764872861743948571255470935362992736080387095484206358
0.0627905195293133760761782245656311331224848319066662727630407596318135267607829566774457142502180539982338330421755598968969408
0.e-127
-0.0627905195293133760761782245656311331224848319066662727630407596318135267607829566774457142502180539982338330421755598968969408
-0.1253332335643042453731187598165087939429182469601196608146478012525196806764872861743948571255470935362992736080387095484206358
-0.1873813145857246305425507344472914693386261517676418662594452200623867277753411651571410632076716802807251611884877246292591867
-0.2486898871648547882422837460064479684175674064442192702362254843284310002223097700891752306698056576563756801992236259534782347
-0.3090169943749474241022934171828190588601545899028814310677243113526302314094512248536036020946955687423770440376934458760633169
-0.3681245526846779591569471474929608308988542873891972414015913163261391075709782607808529067741012417063079970872137836637638254
-0.4257792915650726488625024457442517039799730418325583898770488739697242600801560839191314602158320524580455652655259587401500909
-0.4817536741017152749871915028721296535285420101520788494094226296476988334660746178119882654245870170802330453938872816219347766
-0.5358267949789966182713087678676399780635753456089720527612095318286330722213404682754639859868066638918321344030986648816116156
-0.5877852522924731291687059546390727685976524376431459910722724807572784741623519575085040498627413359600531316027526593663389303
-0.637423989748689710176712811676016195434917297782146060680046928932665781222871491562587926377649531484224201365108191400475609
-0.6845471059286886737322833576212092698895192327047253011661536834387909580256260748512189633497075115944954957193483972298681421
-0.7289686274214115231467303190552591113725716640868489053101540892975236867951710341406353748705335514146386302928650706939336283
-0.7705132427757892308030096363961778472716676721195207251065024004871176668730617197571238499834378993372584566537932194372383662
-0.8090169943749474241022934171828190588601545899028814310677243113526302314094512248536036020946955687423770440376934458760633169
-0.8443279255020150785485580639666815053816592414154389060664388069823405723344529347879988444790066653285302818821479269640485108
-0.8763066800438635873081159039220625833990642384821470866973612311454704133130415565510048163064241669703552612094358943670005693
-0.9048270524660195277136686479326975939704139110424870867673712836024474409124823411945713950861132086099046646437426436034498626
-0.9297764858882514036609425562219907295871552824873800154592882768067388641419803267929288805668863900476646920735430161954191611
-0.95105651629515357211643933337938214340569863412575022244730564443015317008519350171879281097081138167589971755140300420898706619
-0.9685831611286311194901683754647358138360124027538877506150849142789580463827283934026071067075112036418229259933769828173862137
-0.98228725072868868108564174286526841638847288663501387770945453614101988479554651205940723588568660958786784136116504966296259223
-0.9921147013144778310497930427857785214530367089687957358710212264108831122527153416153676677534539856462231650482872816915249201
-0.99802672842827156195233680686345055333690521970154311953512440681488813141422662367509455701853766530310506124950373678404481687