0.99983512089977332135315535353610380153549134055902377894396497030869004027739387073240786917873024260892429143866350145564892319
0.99934053796932866853090664076342821833265092608284632753775816350693912565549153475243793373245155272861021108139880284117267349
0.99851641430144315990994700264505546672572560554327386896592656609781130226583344285252615817506221409287082820530912433926663826
0.99736302165765446843588110918136233893601571879413827642599378779536144222957187999640031585652482693296870385455236108387664448
0.99588074037864522600775735286788184018816244500623007476289436195154541053056805176942120907988828937407140542523381632370617122
0.99407005925882256441417133335774495751990601050572299536299327138267986999747952389667097376618724771598638018077372700874974322
0.99193157538513415124582157780848102275368602208364063558440518270984251237520568310865725394514565319042767415102986853692897136
0.98946599394017387251845691110718020128706199279518675997547766946312303969638003200470446357281994458445817069680394240517006035
0.98667412796964208952199322504538678482598677655494651759359089946646092810312861021438517535873867394921486642286705352665133468
0.98355689811423715178303496761496044747599964301645912113831954548806183027834010697796947524131125020031881678633842281598812402
0.98011533230606657711301310360923238484723517519988698598677494881490161808907862084260721089165758222564046611085887691707404919
0.97635056542967800964488463084802453019793874955567193204115273501968237714530449001527570260514404450799328500593897075868897451
0.97226383894782173367968086854762954876084338481202214966914453776123711966456336371195668295555953158125753336145934429087902955
0.96785650049206815122288066828988525781855406518755412175878011234527033924483319457240091745254475824108845105078271467307032871
0.96313000341841522045451320927823389630104276789859804139344776123191143938565158252746583809965924277170701021141218309223404791
0.95808590632803239722437533463821848404655549574737618774107075911199450710589274878589672279476669334714719879267736994147538575
0.95272587255329911818777233481465695009509202700836218262851116932240111785378907183996484128463075478961417361063806366690813742
0.94705166960930730860668561403144041243444710007680459587275555019452387584997119762134004396721611782863211560794118581535789683
0.94106516861100878636234790614502425243250006137336783411091830942709929284628882136474828637642340820233159073317364982873912127
0.93476834365619976260240842078660416300987346034240125844236770776463679142744307006451525284573855486599793509662796773878205634
0.92816327117454590494340634025623353851649529935901292911622665516640066515849383854295023496591000593551199772652333864567198023
0.92125212924286262755225125750860478169563902177820353826236101859292875721645257144426783169800819968410345537471365732796418327
0.91403719686687640004606823106255350259883233772484281067084739449702390955108070182116413234840241792079326780888285811973654419
0.90652085322970392030868061869791985647213726093872369345298474273191004668237210054204294740401468427554518637825682326425781972
0.89870557690729697137930594507855930242137089743557650401620420642416671035197839298502079033066731565621709919134038785520887079
0.8905939450511116759056136131482789373006728276703527300264681165334639389466500428783902428683979903841581704695326113199948736
0.88218863253827166967697121985914357523460294671350034625220439834634822553931996911199992632877719322582863996195434046335880662
0.87349241108950543490045414501064483959099775823522040057747309161501731330672341247851288373995491425284431494845225597355964721
0.86450814835514866061728440571798527194432489864537776718127945911887724258457371267921412793173897783994425021759710631768927606
0.85523880696951302847654646787873793974189766234305141144733413058442557000323774538388671473006933531059958613987938159079104008
0.84568744357393325351367579731269050583814090255236381530693358884413129255111665554743728026050300272128384381650097199161009713
0.83585720780881453818348061834118368755165900340363273817938386630617314773032753391792259758572753866829644376355536072063016855
0.82575134127501282026539733044868096992206224139795886091991489910850670073116610439504294974465613697486472842927156731152057621
0.81537317646489030802138565806981292166234657269139064667856182061041696410488064931207433716157121652542149360062491457369635089
0.80472613566339879580957444305119857387701136557301913203270559351444626360155969734906577426204308278922291774803414446539029146
0.79381372981955313694194949395010748616779672567657381458827232168653366973289964722827634413408904276741898396634348497583640613
0.78263955738866701466283781790081771707810138183500030088419048947350826562346372523756293792794470371270842101098872925103006938
0.77120730314573279349689963870724053115370515951807909270680905210865933682119927136942890246720678667424631731858407649602666694
0.75952073697033674869146938263954131207725388320706543101121458902589622812557756551042159875291486690291590682966331392639756923
0.74758371260351035792058300611067725832821905774614390654264135103708135473593259076984003974250894665085869859863320807108404614
0.7354001663769275937316352607825728385419285608491693774854454011340169480558678311180349254965956398037533861094001777363018779
0.72297411591486727434864094048248408077495360216998511739240510729099226713492233859123790676086537251835048688558328133223315788
0.71030965880936851139141993278238544511540528839974817201852687892266736505720506553471384734964232508111271015494997940798187809
0.69741097126901613286614663061408458708708654770371774931705769906213522561842520255742286442742501877776630435495558555030458352
0.6842823067418016555146046847129062797163558726833520033862723776690219924836888296857036625095215807101512342667254450152019489
0.67092799451251392940967929289404786565740447578009269218549894599384189590998759273126804414867258925664098463369284828251857189
0.65735243827512197673406426007765006034436091784964159329751557645809524274589281387920580265481946267923713999959014153033129539
0.64356011468062079320820449307677762322135515830643191115933859630712961619136067732004356139604533883237932570755072055147154017
0.62955557186081897192277583909900927523790541887077715511040321229598417153206878330719643477421603035007930102942183086123331162
0.6153434279285549427123542439563262350270481568249160351654560113859627332123877218607207976675801036380027896376455736863178013
0.60092836945483639306424753762112926937469440395133119454176343560806139205652784982778650598056144645191158312452527454893196594
0.58631514992340504632659230834547940124756973104656909150666551445486357724994512883734617385433876330383063494712768101786147765
0.57150858816323641715337119842265077735770179146582984034496473447592024872190311464320595427495734694509594494411073805881516726
0.55651356675949144024620527015730524974198250414118806145281452248751303897182879083724030806481616040132232814310684242080319976
0.54133503044344397412426088699804760515432145248642140281232975488594270357871939751828050145231857446716924985563383272699304662
0.52597798446191511453122739023460599620293768142942444837321572606134827137726464401973504868046363882661205206650436202041874207
0.51044749292675200988589747928038616645799349663297393141330862526483905237888818847897831137427525319995427742023811481390589652
0.49474867714489545167197745578264634984009401296107579509388811293202425617711620541977244990078436044148903599050865883412579918
0.47888671392958691367339912647371842782592708133185202617693708397452671735128252852656490318489570686592129755934050958976694862
0.46286683389327193338281342554004635816451491887184679238446611452843423124855889988220198238828248761538709897481946722337293325
0.44669431972276276469221250289048876968650159158087353217287661687545478175646067034096323320141388368990617155802877694130779357
0.4303745044372290811254037612190085252144259372941383103860278064661893537894400056434312102569469640364677299310261163012677768
0.4139127696295911714632109196621048406858307903961341158688433535010539289037590394358915712849773172871802679139372750654352532
0.3973145436918955427765177670950931348932069683001077522461286372768371708707900167940867294142988415794976931344094380057446085
0.3805853000252581278147790529325483172715977141522556496870218467389170653589119876990932551701998112924946984281738569509580953
0.3637305552349653826566393886839292435868202065722997713184342539049508528477049914045653938314112149395414115214719957671933241
0.3467558673113284548366991320282732704077062057734284470180867701435300322638981628940234194388403825655319931188668759599842908
0.3296668337968903002043079967493712353150136497104868275573057870509616402985395415353122839540438424330547980748792834960938351
0.3124690899405901269973347531178330312670620356690479408385205124708657250129927144632140848070600181733173261014779505874308679
0.2951683068394938465421680747686614331369038728208189838174628653446817386037329790854071022785069031233411165139072020592239282
0.2777701895687033102024829711088852217748525257831952452234141518557089463715504364841652451998837068801798091827068965113259041
0.2602804753000610103414810258315706948389307237025493051338063965637192053964206590103810641986060807127853148834849107584286393
0.2427049314102706178499364938725937610976164293816363282850242582720715389819262031597738156091506439936354851980391493421532621
0.225049353579057219007067673232815766804880626220934981818646315040063024835492067774183942583919222094941882539819615055813804
0.2073195638779943989320769499997068839627037485464954500068265968705092072885637180417371754999698184024704767349789991072319164
0.1895214088506283965680757311171614936651525277225944327259351182573123925812944228959215374488163491745371253476891557152830324
0.17166075758453242600214063450605620136504670326228679728159710880129407318815804119517782135006980841947292201605281476095616
0.1537434997759269200190742614176637775296267390757529295733801346662559021292834734542650553346385573383104696567407477066605509
0.1357755437875039032345501197930446620352842563979465238202128086501418104708864275560701619742057288597587045880261256807080554
0.1177628147000959431473216838842155648188698671773397729106519778635154243559485573010756925200698007986959086009383435971102733
0.0997112523588321572510840156631325853580292398520670402295427895222398249185478230655377524294829246356903885026440770042989369
0.0816268094144255722850493427564707917566920615903948227420668296515341268555940136726487004221241954178832858839782521137697274
0.0635154493602377371788553664165816941224596344234917093538932651270726481138098679474621449665656372787701011145028524477113417
0.0453831445657678837326478009405893047385692124485607315059646222084018312573918589166140730115630641173573198310636966281577252
0.0272358743072151081078833017756992526228883840154458723895884097286472836791787381164261275323200028825508540076672788082708869
0.0090796227957630113997891608200828907700219102617114512686396411802379106557065815060903698045238318558072193671261962625384843
-0.0090796227957630113997891608200828907700219102617114512686396411802379106557065815060903698045238318558072193671261962625384843
-0.0272358743072151081078833017756992526228883840154458723895884097286472836791787381164261275323200028825508540076672788082708869
-0.0453831445657678837326478009405893047385692124485607315059646222084018312573918589166140730115630641173573198310636966281577252
-0.0635154493602377371788553664165816941224596344234917093538932651270726481138098679474621449665656372787701011145028524477113417
-0.0816268094144255722850493427564707917566920615903948227420668296515341268555940136726487004221241954178832858839782521137697274
-0.0997112523588321572510840156631325853580292398520670402295427895222398249185478230655377524294829246356903885026440770042989369
-0.1177628147000959431473216838842155648188698671773397729106519778635154243559485573010756925200698007986959086009383435971102733
-0.1357755437875039032345501197930446620352842563979465238202128086501418104708864275560701619742057288597587045880261256807080554
-0.1537434997759269200190742614176637775296267390757529295733801346662559021292834734542650553346385573383104696567407477066605509
-0.17166075758453242600214063450605620136504670326228679728159710880129407318815804119517782135006980841947292201605281476095616
-0.1895214088506283965680757311171614936651525277225944327259351182573123925812944228959215374488163491745371253476891557152830324
-0.2073195638779943989320769499997068839627037485464954500068265968705092072885637180417371754999698184024704767349789991072319164
-0.225049353579057219007067673232815766804880626220934981818646315040063024835492067774183942583919222094941882539819615055813804
-0.2427049314102706178499364938725937610976164293816363282850242582720715389819262031597738156091506439936354851980391493421532621
-0.2602804753000610103414810258315706948389307237025493051338063965637192053964206590103810641986060807127853148834849107584286393
-0.2777701895687033102024829711088852217748525257831952452234141518557089463715504364841652451998837068801798091827068965113259041
-0.2951683068394938465421680747686614331369038728208189838174628653446817386037329790854071022785069031233411165139072020592239282
-0.3124690899405901269973347531178330312670620356690479408385205124708657250129927144632140848070600181733173261014779505874308679
-0.3296668337968903002043079967493712353150136497104868275573057870509616402985395415353122839540438424330547980748792834960938351
-0.3467558673113284548366991320282732704077062057734284470180867701435300322638981628940234194388403825655319931188668759599842908
-0.3637305552349653826566393886839292435868202065722997713184342539049508528477049914045653938314112149395414115214719957671933241
-0.3805853000252581278147790529325483172715977141522556496870218467389170653589119876990932551701998112924946984281738569509580953
-0.3973145436918955427765177670950931348932069683001077522461286372768371708707900167940867294142988415794976931344094380057446085
-0.4139127696295911714632109196621048406858307903961341158688433535010539289037590394358915712849773172871802679139372750654352532
-0.4303745044372290811254037612190085252144259372941383103860278064661893537894400056434312102569469640364677299310261163012677768
-0.4466943197227627646922125028904887696865015915808735321728766168754547817564606703409632332014138836899061715580287769413077936
-0.4628668338932719333828134255400463581645149188718467923844661145284342312485588998822019823882824876153870989748194672233729333
-0.4788867139295869136733991264737184278259270813318520261769370839745267173512825285265649031848957068659212975593405095897669486
-0.4947486771448954516719774557826463498400940129610757950938881129320242561771162054197724499007843604414890359905086588341257992
-0.5104474929267520098858974792803861664579934966329739314133086252648390523788881884789783113742752531999542774202381148139058965
-0.5259779844619151145312273902346059962029376814294244483732157260613482713772646440197350486804636388266120520665043620204187421
-0.5413350304434439741242608869980476051543214524864214028123297548859427035787193975182805014523185744671692498556338327269930466
-0.5565135667594914402462052701573052497419825041411880614528145224875130389718287908372403080648161604013223281431068424208031998
-0.5715085881632364171533711984226507773577017914658298403449647344759202487219031146432059542749573469450959449441107380588151673
-0.5863151499234050463265923083454794012475697310465690915066655144548635772499451288373461738543387633038306349471276810178614776
-0.6009283694548363930642475376211292693746944039513311945417634356080613920565278498277865059805614464519115831245252745489319659
-0.6153434279285549427123542439563262350270481568249160351654560113859627332123877218607207976675801036380027896376455736863178013
-0.6295555718608189719227758390990092752379054188707771551104032122959841715320687833071964347742160303500793010294218308612333116
-0.6435601146806207932082044930767776232213551583064319111593385963071296161913606773200435613960453388323793257075507205514715402
-0.6573524382751219767340642600776500603443609178496415932975155764580952427458928138792058026548194626792371399995901415303312954
-0.6709279945125139294096792928940478656574044757800926921854989459938418959099875927312680441486725892566409846336928482825185719
-0.6842823067418016555146046847129062797163558726833520033862723776690219924836888296857036625095215807101512342667254450152019489
-0.6974109712690161328661466306140845870870865477037177493170576990621352256184252025574228644274250187777663043549555855503045835
-0.7103096588093685113914199327823854451154052883997481720185268789226673650572050655347138473496423250811127101549499794079818781
-0.7229741159148672743486409404824840807749536021699851173924051072909922671349223385912379067608653725183504868855832813322331579
-0.7354001663769275937316352607825728385419285608491693774854454011340169480558678311180349254965956398037533861094001777363018779
-0.7475837126035103579205830061106772583282190577461439065426413510370813547359325907698400397425089466508586985986332080710840461
-0.7595207369703367486914693826395413120772538832070654310112145890258962281255775655104215987529148669029159068296633139263975692
-0.7712073031457327934968996387072405311537051595180790927068090521086593368211992713694289024672067866742463173185840764960266669
-0.7826395573886670146628378179008177170781013818350003008841904894735082656234637252375629379279447037127084210109887292510300694
-0.7938137298195531369419494939501074861677967256765738145882723216865336697328996472282763441340890427674189839663434849758364061
-0.8047261356633987958095744430511985738770113655730191320327055935144462636015596973490657742620430827892229177480341444653902915
-0.8153731764648903080213856580698129216623465726913906466785618206104169641048806493120743371615712165254214936006249145736963509
-0.8257513412750128202653973304486809699220622413979588609199148991085067007311661043950429497446561369748647284292715673115205762
-0.8358572078088145381834806183411836875516590034036327381793838663061731477303275339179225975857275386682964437635553607206301686
-0.8456874435739332535136757973126905058381409025523638153069335888441312925511166555474372802605030027212838438165009719916100971
-0.8552388069695130284765464678787379397418976623430514114473341305844255700032377453838867147300693353105995861398793815907910401
-0.8645081483551486606172844057179852719443248986453777671812794591188772425845737126792141279317389778399442502175971063176892761
-0.8734924110895054349004541450106448395909977582352204005774730916150173133067234124785128837399549142528443149484522559735596472
-0.8821886325382716696769712198591435752346029467135003462522043983463482255393199691119999263287771932258286399619543404633588066
-0.8905939450511116759056136131482789373006728276703527300264681165334639389466500428783902428683979903841581704695326113199948736
-0.8987055769072969713793059450785593024213708974355765040162042064241667103519783929850207903306673156562170991913403878552088708
-0.9065208532297039203086806186979198564721372609387236934529847427319100466823721005420429474040146842755451863782568232642578197
-0.9140371968668764000460682310625535025988323377248428106708473944970239095510807018211641323484024179207932678088828581197365442
-0.9212521292428626275522512575086047816956390217782035382623610185929287572164525714442678316980081996841034553747136573279641833
-0.9281632711745459049434063402562335385164952993590129291162266551664006651584938385429502349659100059355119977265233386456719802
-0.93476834365619976260240842078660416300987346034240125844236770776463679142744307006451525284573855486599793509662796773878205634
-0.94106516861100878636234790614502425243250006137336783411091830942709929284628882136474828637642340820233159073317364982873912127
-0.94705166960930730860668561403144041243444710007680459587275555019452387584997119762134004396721611782863211560794118581535789683
-0.95272587255329911818777233481465695009509202700836218262851116932240111785378907183996484128463075478961417361063806366690813742
-0.95808590632803239722437533463821848404655549574737618774107075911199450710589274878589672279476669334714719879267736994147538575
-0.96313000341841522045451320927823389630104276789859804139344776123191143938565158252746583809965924277170701021141218309223404791
-0.96785650049206815122288066828988525781855406518755412175878011234527033924483319457240091745254475824108845105078271467307032871
-0.97226383894782173367968086854762954876084338481202214966914453776123711966456336371195668295555953158125753336145934429087902955
-0.97635056542967800964488463084802453019793874955567193204115273501968237714530449001527570260514404450799328500593897075868897451
-0.98011533230606657711301310360923238484723517519988698598677494881490161808907862084260721089165758222564046611085887691707404919
-0.98355689811423715178303496761496044747599964301645912113831954548806183027834010697796947524131125020031881678633842281598812402
-0.98667412796964208952199322504538678482598677655494651759359089946646092810312861021438517535873867394921486642286705352665133468
-0.98946599394017387251845691110718020128706199279518675997547766946312303969638003200470446357281994458445817069680394240517006035
-0.99193157538513415124582157780848102275368602208364063558440518270984251237520568310865725394514565319042767415102986853692897136
-0.99407005925882256441417133335774495751990601050572299536299327138267986999747952389667097376618724771598638018077372700874974322
-0.99588074037864522600775735286788184018816244500623007476289436195154541053056805176942120907988828937407140542523381632370617122
-0.99736302165765446843588110918136233893601571879413827642599378779536144222957187999640031585652482693296870385455236108387664448
-0.99851641430144315990994700264505546672572560554327386896592656609781130226583344285252615817506221409287082820530912433926663826
-0.99934053796932866853090664076342821833265092608284632753775816350693912565549153475243793373245155272861021108139880284117267349
-0.99983512089977332135315535353610380153549134055902377894396497030869004027739387073240786917873024260892429143866350145564892319