0.99883222683232658825661769662001181542189627911150643643952721243265751675136891261639411332692506318248014901981446024266097993
0.99533163471764862901490675162163872650093471026054479345419168196552893904231582005977500251034368546715038292468705602137504636
0.98950639945105110236984237567958744893336973760954438148437992914174323479228396905171897140452113811942185972303280232902390098
0.98137012613941344325110689925074181508031244847840396574827681164564050007368207775089807908502592048346982857383109397469151876
0.97094181742605202715698227629378922724986510573900358858764452647704170876000667693257460640838426155443820549750099192544630485
0.95824582910916621069074657532335507033849075667408329016062051321553159536867256820150164286991204523683592727159063714163077443
0.94331181325774310260659698083210944575233229077744579846040103726054785923318689181790318462896007228301089771705472261833722358
0.92617464895777650551660272574693841030384920741078635307721972296310366578695870445206878433926521389632644957410385801116795742
0.90687436085054544281829554017203407974325656458594507448487456363093267589716964366504578616153454654286969840582375572461321778
0.88545602565320989590037552201509887860549841634753490180240380872675755703372786253388229791324747361556849132495238894703821912
0.86196966688004923168290587293653548249081930705333583362483739375434309714138873172634230822784198585814962158251924818059883284
0.83647013801022674627240698191171023349982399564640959247451622580149735309963875271377476855334312191818425562114332122904820935
0.80901699437494742410229341718281905886015458990288143106772431135263023140945122485360360209469556874237704403769344587606331693
0.77967435406322239176515910887880319829816040208295080473480017317834333260498561074241457660448359751642220183728009086753205867
0.74851074817110109863463059970135138384645159017582613406963123914733170735443682609394441399748258297252225198785126826049277026
0.71559896074412108127271001973723474005464994365769581933806327686851469730501913680926115697471386335186232025640746931578606411
0.68101585878679713651993631972077290999522642305195270084257819133099685524514230076816719356435342221355773488532321077309535532
0.64484221273617061787388855773541168080964015700675810344194481644598914062705917846259253381487574716118135458741218801176526053
0.60716250781871119919469658682987508304991370234322494200124539568770268541220091491495170210891656085685488005494804370007564147
0.56806474673115580251180755912751662453349255245351816947966250156758167904119089172536424990124416510858191197933637509193140555
0.52764024410613273346787874278052142033325318656661032747599842091778994267648106269821549269759193408568901151413017221422118348
0.48598341324260608273805727318952159238448937993192240478222711929949445105156966956656255249582193447703766913932687282997191154
0.44319154559924132244395766176076218013911884339306244212875393177789406684817386856293066734767113359590696211208519128474802668
0.3993645835656955594632941876860474315254017499791617409598527168526616687926179522756353800779129258645586154965596894187842078
0.3546048870425356259696378926000184743163554321137947534217393686867603999775354483484798755536649079931098813969255035460756924
0.3090169943749474241022934171828190588601545899028814310677243113526302314094512248536036020946955687423770440376934458760633169
0.2627073781985869238113105015704831420597326865040592073480498178604227689757200024913153562772367482590164270416834483078435957
0.215784196767806141839335533330200708310934436989455433280424234083484196660891785484876339637067957498962875149123771000932349
0.1683570413470385523592855043119839895876597790026238975273332246756349526982891617284938161357690652521019897462418646490523556
0.1205366802553230533490676874525435822736811592275714047969488240167945800170601971157523481450401137959199355779889996930451428
0.0724348001617623627656302644080394435303710721119305404555215920142611549775301432838712190481647654173805871498848818832657296
0.0241637452361322885987394332111128339302626839930692808213634181651372702355243468059889939667204227944479385210757540848506851
-0.0241637452361322885987394332111128339302626839930692808213634181651372702355243468059889939667204227944479385210757540848506851
-0.0724348001617623627656302644080394435303710721119305404555215920142611549775301432838712190481647654173805871498848818832657296
-0.1205366802553230533490676874525435822736811592275714047969488240167945800170601971157523481450401137959199355779889996930451428
-0.1683570413470385523592855043119839895876597790026238975273332246756349526982891617284938161357690652521019897462418646490523556
-0.215784196767806141839335533330200708310934436989455433280424234083484196660891785484876339637067957498962875149123771000932349
-0.2627073781985869238113105015704831420597326865040592073480498178604227689757200024913153562772367482590164270416834483078435957
-0.3090169943749474241022934171828190588601545899028814310677243113526302314094512248536036020946955687423770440376934458760633169
-0.3546048870425356259696378926000184743163554321137947534217393686867603999775354483484798755536649079931098813969255035460756924
-0.3993645835656955594632941876860474315254017499791617409598527168526616687926179522756353800779129258645586154965596894187842078
-0.4431915455992413224439576617607621801391188433930624421287539317778940668481738685629306673476711335959069621120851912847480267
-0.4859834132426060827380572731895215923844893799319224047822271192994944510515696695665625524958219344770376691393268728299719115
-0.5276402441061327334678787427805214203332531865666103274759984209177899426764810626982154926975919340856890115141301722142211835
-0.5680647467311558025118075591275166245334925524535181694796625015675816790411908917253642499012441651085819119793363750919314055
-0.6071625078187111991946965868298750830499137023432249420012453956877026854122009149149517021089165608568548800549480437000756415
-0.6448422127361706178738885577354116808096401570067581034419448164459891406270591784625925338148757471611813545874121880117652605
-0.6810158587867971365199363197207729099952264230519527008425781913309968552451423007681671935643534222135577348853232107730953553
-0.7155989607441210812727100197372347400546499436576958193380632768685146973050191368092611569747138633518623202564074693157860641
-0.7485107481711010986346305997013513838464515901758261340696312391473317073544368260939444139974825829725222519878512682604927703
-0.7796743540632223917651591088788031982981604020829508047348001731783433326049856107424145766044835975164222018372800908675320587
-0.8090169943749474241022934171828190588601545899028814310677243113526302314094512248536036020946955687423770440376934458760633169
-0.8364701380102267462724069819117102334998239956464095924745162258014973530996387527137747685533431219181842556211433212290482093
-0.8619696668800492316829058729365354824908193070533358336248373937543430971413887317263423082278419858581496215825192481805988328
-0.8854560256532098959003755220150988786054984163475349018024038087267575570337278625338822979132474736155684913249523889470382191
-0.9068743608505454428182955401720340797432565645859450744848745636309326758971696436650457861615345465428696984058237557246132178
-0.9261746489577765055166027257469384103038492074107863530772197229631036657869587044520687843392652138963264495741038580111679574
-0.94331181325774310260659698083210944575233229077744579846040103726054785923318689181790318462896007228301089771705472261833722358
-0.95824582910916621069074657532335507033849075667408329016062051321553159536867256820150164286991204523683592727159063714163077443
-0.97094181742605202715698227629378922724986510573900358858764452647704170876000667693257460640838426155443820549750099192544630485
-0.98137012613941344325110689925074181508031244847840396574827681164564050007368207775089807908502592048346982857383109397469151876
-0.98950639945105110236984237567958744893336973760954438148437992914174323479228396905171897140452113811942185972303280232902390098
-0.99533163471764862901490675162163872650093471026054479345419168196552893904231582005977500251034368546715038292468705602137504636
-0.99883222683232658825661769662001181542189627911150643643952721243265751675136891261639411332692506318248014901981446024266097993